1 0.030048076923076924 0.5288461538461539 0.06009615384615385 0.12259615384615384
1 0.8125 0.5793269230769231 0.24278846153846154 0.23076923076923078
1 0.13942307692307693 0.5120192307692307 0.09014423076923077 0.06610576923076923
7 0.24278846153846154 0.4483173076923077 0.015625 0.05048076923076923
6 0.24158653846153846 0.44471153846153844 0.013221153846153846 0.03125
1 0.28725961538461536 0.49759615384615385 0.03125 0.04326923076923077
1 0.3786057692307692 0.49759615384615385 0.046875 0.06490384615384616
1 0.3786057692307692 0.49278846153846156 0.03485576923076923 0.055288461538461536
7 0.4074519230769231 0.37259615384615385 0.019230769230769232 0.052884615384615384
6 0.40865384615384615 0.36778846153846156 0.015625 0.02403846153846154
1 0.43509615384615385 0.4891826923076923 0.04447115384615385 0.05889423076923077
4 0.46274038461538464 0.37740384615384615 0.019230769230769232 0.040865384615384616
4 0.4639423076923077 0.3798076923076923 0.015625 0.027644230769230768
4 0.5600961538461539 0.4338942307692308 0.02403846153846154 0.04326923076923077
4 0.5588942307692307 0.4387019230769231 0.015625 0.02403846153846154
1 0.5721153846153846 0.5108173076923077 0.02403846153846154 0.078125
1 0.6069711538461539 0.5132211538461539 0.078125 0.08774038461538461
1 0.6009615384615384 0.5132211538461539 0.04927884615384615 0.10336538461538461
4 0.6057692307692307 0.40865384615384615 0.015625 0.046875
4 0.6057692307692307 0.42427884615384615 0.013221153846153846 0.027644230769230768
1 0.6538461538461539 0.5264423076923077 0.08052884615384616 0.19110576923076922
1 0.6850961538461539 0.5168269230769231 0.1346153846153846 0.15985576923076922