1 0.030048076923076924 0.5649038461538461 0.06009615384615385 0.10576923076923077
1 0.8942307692307693 0.5516826923076923 0.20673076923076922 0.42788461538461536
1 0.11778846153846154 0.5637019230769231 0.1346153846153846 0.12740384615384615
1 0.1201923076923077 0.5612980769230769 0.12860576923076922 0.12740384615384615
1 0.27163461538461536 0.5288461538461539 0.06850961538461539 0.08774038461538461
1 0.2764423076923077 0.53125 0.06610576923076923 0.08653846153846154
4 0.26802884615384615 0.4519230769230769 0.01201923076923077 0.03125
1 0.39783653846153844 0.5637019230769231 0.13701923076923078 0.18990384615384615
4 0.48197115384615385 0.4423076923076923 0.009615384615384616 0.03125
1 0.6057692307692307 0.5444711538461539 0.046875 0.13822115384615385
1 0.7079326923076923 0.5432692307692307 0.1935096153846154 0.18990384615384615
1 0.703125 0.5444711538461539 0.1778846153846154 0.19951923076923078