1 0.05048076923076923 0.6382211538461539 0.10096153846153846 0.27163461538461536
4 0.037259615384615384 0.47475961538461536 0.021634615384615384 0.056490384615384616
4 0.036057692307692304 0.46634615384615385 0.018028846153846152 0.04326923076923077
1 0.24278846153846154 0.5625 0.1346153846153846 0.14903846153846154
1 0.40865384615384615 0.5685096153846154 0.13221153846153846 0.1875
4 0.3713942307692308 0.34134615384615385 0.019230769230769232 0.06971153846153846
4 0.3713942307692308 0.34134615384615385 0.018028846153846152 0.05048076923076923
4 0.5576923076923077 0.4338942307692308 0.021634615384615384 0.0625
2 0.6201923076923077 0.5396634615384616 0.03365384615384615 0.1310096153846154
1 0.9519230769230769 0.5084134615384616 0.09014423076923077 0.1310096153846154
1 0.9555288461538461 0.5048076923076923 0.08653846153846154 0.11778846153846154