1 0.2692307692307692 0.5120192307692307 0.11298076923076923 0.109375
1 0.2692307692307692 0.5132211538461539 0.09735576923076923 0.09615384615384616
1 0.3641826923076923 0.5024038461538461 0.056490384615384616 0.038461538461538464
1 0.3641826923076923 0.5132211538461539 0.056490384615384616 0.05048076923076923
1 0.41586538461538464 0.5144230769230769 0.046875 0.04927884615384615
1 0.41225961538461536 0.5132211538461539 0.028846153846153848 0.052884615384615384
6 0.43149038461538464 0.43990384615384615 0.021634615384615384 0.07451923076923077
6 0.43509615384615385 0.43509615384615385 0.027644230769230768 0.08413461538461539
1 0.5384615384615384 0.5024038461538461 0.06009615384615385 0.04326923076923077
1 0.5745192307692307 0.49759615384615385 0.025240384615384616 0.046875
1 0.6117788461538461 0.4879807692307692 0.03365384615384615 0.04326923076923077
1 0.6141826923076923 0.49158653846153844 0.03485576923076923 0.037259615384615384
7 0.6201923076923077 0.22596153846153846 0.018028846153846152 0.05048076923076923
6 0.6189903846153846 0.22596153846153846 0.013221153846153846 0.046875
6 0.6418269230769231 0.390625 0.015625 0.038461538461538464
6 0.6442307692307693 0.4014423076923077 0.015625 0.046875
1 0.6899038461538461 0.5240384615384616 0.06009615384615385 0.13221153846153846
1 0.7151442307692307 0.5264423076923077 0.09975961538461539 0.140625
6 0.7067307692307693 0.3918269230769231 0.015625 0.038461538461538464
6 0.7091346153846154 0.3894230769230769 0.013221153846153846 0.038461538461538464
1 0.8413461538461539 0.5480769230769231 0.24639423076923078 0.28725961538461536
6 0.7427884615384616 0.2644230769230769 0.019230769230769232 0.056490384615384616
6 0.7427884615384616 0.2608173076923077 0.018028846153846152 0.040865384615384616
6 0.8966346153846154 0.3713942307692308 0.015625 0.040865384615384616
6 0.9038461538461539 0.3762019230769231 0.019230769230769232 0.05048076923076923
2 0.9927884615384616 0.5108173076923077 0.013221153846153846 0.078125