1 0.10216346153846154 0.4795673076923077 0.06490384615384616 0.05048076923076923
1 0.0985576923076923 0.4807692307692308 0.055288461538461536 0.0625
1 0.19951923076923078 0.4807692307692308 0.038461538461538464 0.038461538461538464
1 0.20432692307692307 0.4807692307692308 0.046875 0.046875
1 0.28966346153846156 0.4879807692307692 0.08413461538461539 0.08052884615384616
1 0.4026442307692308 0.49038461538461536 0.06009615384615385 0.07451923076923077
1 0.42427884615384615 0.4699519230769231 0.027644230769230768 0.046875
1 0.4495192307692308 0.4699519230769231 0.037259615384615384 0.05048076923076923
1 0.49759615384615385 0.4891826923076923 0.056490384615384616 0.078125
4 0.5432692307692307 0.43509615384615385 0.013221153846153846 0.03365384615384615
4 0.5661057692307693 0.42427884615384615 0.01201923076923077 0.03485576923076923
10 0.9182692307692307 0.42908653846153844 0.15985576923076922 0.08173076923076923
10 0.921875 0.4519230769230769 0.15264423076923078 0.12860576923076922