1 0.026442307692307692 0.5600961538461539 0.05048076923076923 0.13221153846153846
1 0.037259615384615384 0.5540865384615384 0.05048076923076923 0.10336538461538461
10 0.07572115384615384 0.5024038461538461 0.109375 0.08774038461538461
1 0.09014423076923077 0.5769230769230769 0.13701923076923078 0.18028846153846154
1 0.2848557692307692 0.5913461538461539 0.32572115384615385 0.42427884615384615
3 0.31850961538461536 0.33052884615384615 0.018028846153846152 0.05048076923076923
6 0.41346153846153844 0.32572115384615385 0.015625 0.04326923076923077
6 0.49278846153846156 0.32572115384615385 0.015625 0.04927884615384615
1 0.5252403846153846 0.5216346153846154 0.040865384615384616 0.06009615384615385
1 0.6971153846153846 0.5649038461538461 0.16826923076923078 0.18028846153846154
2 0.6346153846153846 0.5240384615384616 0.019230769230769232 0.056490384615384616
2 0.6358173076923077 0.5132211538461539 0.015625 0.040865384615384616
6 0.6802884615384616 0.41466346153846156 0.015625 0.04326923076923077
10 0.9411057692307693 0.4855769230769231 0.11538461538461539 0.13701923076923078
6 0.9302884615384616 0.25240384615384615 0.04927884615384615 0.14903846153846154
2 0.9603365384615384 0.5408653846153846 0.028846153846153848 0.11899038461538461