1 0.19471153846153846 0.5264423076923077 0.11899038461538461 0.07572115384615384
1 0.27283653846153844 0.5084134615384616 0.03365384615384615 0.06490384615384616
1 0.41225961538461536 0.5372596153846154 0.10336538461538461 0.140625
1 0.45913461538461536 0.5048076923076923 0.028846153846153848 0.05048076923076923
1 0.5084134615384616 0.5120192307692307 0.038461538461538464 0.07451923076923077
2 0.5564903846153846 0.515625 0.015625 0.08774038461538461
2 0.5865384615384616 0.5252403846153846 0.019230769230769232 0.08774038461538461
2 0.6213942307692307 0.5120192307692307 0.019230769230769232 0.056490384615384616
2 0.6418269230769231 0.5168269230769231 0.013221153846153846 0.10336538461538461
2 0.6622596153846154 0.5192307692307693 0.009615384615384616 0.09615384615384616
2 0.7043269230769231 0.5120192307692307 0.013221153846153846 0.08413461538461539