2 0.5180288461538461 0.5168269230769231 0.009615384615384616 0.046875
2 0.5120192307692307 0.5168269230769231 0.009615384615384616 0.04927884615384615
1 0.8978365384615384 0.484375 0.13701923076923078 0.07451923076923077
1 0.046875 0.5865384615384616 0.09134615384615384 0.14423076923076922
1 0.17668269230769232 0.5492788461538461 0.04326923076923077 0.05048076923076923
7 0.2776442307692308 0.3389423076923077 0.018028846153846152 0.04927884615384615
7 0.27884615384615385 0.3449519230769231 0.019230769230769232 0.05048076923076923
1 0.3425480769230769 0.5300480769230769 0.056490384615384616 0.06610576923076923
8 0.3605769230769231 0.3401442307692308 0.018028846153846152 0.04326923076923077
8 0.36538461538461536 0.33774038461538464 0.021634615384615384 0.05048076923076923
1 0.4170673076923077 0.53125 0.027644230769230768 0.038461538461538464
8 0.49759615384615385 0.43149038461538464 0.02403846153846154 0.037259615384615384
8 0.4987980769230769 0.43509615384615385 0.01201923076923077 0.040865384615384616
1 0.7740384615384616 0.49399038461538464 0.09014423076923077 0.07211538461538461