1 0.25240384615384615 0.5324519230769231 0.09735576923076923 0.13822115384615385
1 0.3137019230769231 0.5384615384615384 0.028846153846153848 0.08413461538461539
1 0.36778846153846156 0.53125 0.04927884615384615 0.06009615384615385
1 0.42788461538461536 0.5348557692307693 0.03365384615384615 0.06490384615384616
1 0.4326923076923077 0.53125 0.037259615384615384 0.06610576923076923
1 0.46153846153846156 0.5336538461538461 0.040865384615384616 0.09975961538461539
1 0.47115384615384615 0.53125 0.040865384615384616 0.09975961538461539
1 0.4963942307692308 0.5492788461538461 0.04447115384615385 0.14423076923076922
1 0.49158653846153844 0.546875 0.03125 0.140625
1 0.5228365384615384 0.5600961538461539 0.040865384615384616 0.19110576923076922
1 0.6394230769230769 0.5817307692307693 0.2127403846153846 0.23076923076923078