2 0.020432692307692308 0.5336538461538461 0.019230769230769232 0.06850961538461539
2 0.02283653846153846 0.5336538461538461 0.013221153846153846 0.07451923076923077
2 0.038461538461538464 0.5300480769230769 0.018028846153846152 0.08413461538461539
2 0.06490384615384616 0.5360576923076923 0.015625 0.078125
1 0.2548076923076923 0.6538461538461539 0.33413461538461536 0.37740384615384615
2 0.15504807692307693 0.5372596153846154 0.015625 0.06490384615384616
6 0.1622596153846154 0.39783653846153844 0.013221153846153846 0.04447115384615385
1 0.4326923076923077 0.5288461538461539 0.046875 0.06850961538461539
6 0.5108173076923077 0.36778846153846156 0.018028846153846152 0.056490384615384616
2 0.5492788461538461 0.5384615384615384 0.06971153846153846 0.2439903846153846
2 0.5805288461538461 0.5264423076923077 0.05048076923076923 0.21634615384615385
2 0.8882211538461539 0.5240384615384616 0.03485576923076923 0.15865384615384615
2 0.8930288461538461 0.5276442307692307 0.03365384615384615 0.17548076923076922