1 0.052884615384615384 0.5396634615384616 0.0625 0.07451923076923077
1 0.03245192307692308 0.5576923076923077 0.0625 0.09735576923076923
8 0.054086538461538464 0.44591346153846156 0.03365384615384615 0.056490384615384616
8 0.054086538461538464 0.45913461538461536 0.019230769230769232 0.040865384615384616
0 0.2439903846153846 0.515625 0.040865384615384616 0.08774038461538461
0 0.24759615384615385 0.5132211538461539 0.03125 0.10336538461538461
1 0.3762019230769231 0.5625 0.1502403846153846 0.17548076923076922
8 0.3629807692307692 0.3329326923076923 0.03125 0.08413461538461539
8 0.37259615384615385 0.3269230769230769 0.021634615384615384 0.05048076923076923
1 0.49038461538461536 0.53125 0.140625 0.109375
8 0.49278846153846156 0.4266826923076923 0.021634615384615384 0.052884615384615384
2 0.5264423076923077 0.48677884615384615 0.025240384615384616 0.0625
0 0.5769230769230769 0.5576923076923077 0.07451923076923077 0.26802884615384615