1 0.9302884615384616 0.5240384615384616 0.13701923076923078 0.15625
1 0.06971153846153846 0.5757211538461539 0.13822115384615385 0.17548076923076922
1 0.15144230769230768 0.5540865384615384 0.09134615384615384 0.14423076923076922
1 0.15865384615384615 0.5576923076923077 0.07572115384615384 0.11899038461538461
1 0.2091346153846154 0.5637019230769231 0.04326923076923077 0.09615384615384616
1 0.24278846153846154 0.5456730769230769 0.06610576923076923 0.09615384615384616
1 0.2980769230769231 0.5288461538461539 0.07572115384615384 0.07572115384615384
4 0.2764423076923077 0.47115384615384615 0.019230769230769232 0.04326923076923077
1 0.3605769230769231 0.515625 0.05048076923076923 0.0625
1 0.40865384615384615 0.5552884615384616 0.08173076923076923 0.11538461538461539
10 0.4723557692307692 0.5288461538461539 0.06490384615384616 0.08413461538461539
1 0.47716346153846156 0.5240384615384616 0.06490384615384616 0.11538461538461539
1 0.6322115384615384 0.5084134615384616 0.08173076923076923 0.052884615384615384
1 0.7427884615384616 0.6081730769230769 0.28125 0.2776442307692308
1 0.7439903846153846 0.6141826923076923 0.27403846153846156 0.265625
1 0.7668269230769231 0.484375 0.06971153846153846 0.055288461538461536