1 0.14423076923076922 0.5793269230769231 0.2848557692307692 0.4495192307692308
1 0.05889423076923077 0.4987980769230769 0.06971153846153846 0.09735576923076923
7 0.21875 0.3485576923076923 0.02403846153846154 0.0625
3 0.22115384615384615 0.35336538461538464 0.019230769230769232 0.05048076923076923
3 0.27884615384615385 0.34615384615384615 0.019230769230769232 0.06610576923076923
1 0.31009615384615385 0.5336538461538461 0.08052884615384616 0.12139423076923077
1 0.37740384615384615 0.5240384615384616 0.04326923076923077 0.07211538461538461
4 0.3701923076923077 0.34134615384615385 0.019230769230769232 0.056490384615384616
3 0.3713942307692308 0.34134615384615385 0.018028846153846152 0.046875
1 0.45552884615384615 0.5444711538461539 0.1502403846153846 0.1814903846153846
4 0.4362980769230769 0.35697115384615385 0.03365384615384615 0.07572115384615384
6 0.43509615384615385 0.34615384615384615 0.018028846153846152 0.05048076923076923
4 0.5673076923076923 0.4182692307692308 0.018028846153846152 0.052884615384615384
4 0.5697115384615384 0.4338942307692308 0.018028846153846152 0.0625
1 0.7992788461538461 0.49759615384615385 0.08173076923076923 0.078125
1 0.7944711538461539 0.5084134615384616 0.056490384615384616 0.08052884615384616
1 0.84375 0.49278846153846156 0.08653846153846154 0.09615384615384616