1 0.9423076923076923 0.6442307692307693 0.11298076923076923 0.38461538461538464
1 0.05048076923076923 0.5096153846153846 0.07211538461538461 0.08653846153846154
1 0.052884615384615384 0.5084134615384616 0.05889423076923077 0.09975961538461539
7 0.0985576923076923 0.35697115384615385 0.019230769230769232 0.05048076923076923
7 0.09975961538461539 0.3473557692307692 0.015625 0.038461538461538464
1 0.140625 0.5024038461538461 0.06009615384615385 0.06971153846153846
1 0.14302884615384615 0.5012019230769231 0.046875 0.04927884615384615
1 0.18629807692307693 0.5024038461538461 0.037259615384615384 0.0625
4 0.1778846153846154 0.36177884615384615 0.018028846153846152 0.03485576923076923
4 0.18028846153846154 0.3701923076923077 0.013221153846153846 0.037259615384615384
1 0.23076923076923078 0.49759615384615385 0.055288461538461536 0.07451923076923077
1 0.2692307692307692 0.49759615384615385 0.027644230769230768 0.04326923076923077
4 0.2824519230769231 0.44711538461538464 0.013221153846153846 0.03125
4 0.2848557692307692 0.43990384615384615 0.013221153846153846 0.038461538461538464
1 0.5877403846153846 0.4807692307692308 0.06850961538461539 0.0625
1 0.6009615384615384 0.4735576923076923 0.06610576923076923 0.037259615384615384
4 0.5853365384615384 0.37740384615384615 0.019230769230769232 0.037259615384615384
4 0.5865384615384616 0.36658653846153844 0.015625 0.052884615384615384