2 0.038461538461538464 0.5649038461538461 0.027644230769230768 0.1310096153846154
2 0.08653846153846154 0.5516826923076923 0.037259615384615384 0.1466346153846154
1 0.12259615384615384 0.5540865384615384 0.08052884615384616 0.10336538461538461
1 0.22716346153846154 0.5492788461538461 0.08052884615384616 0.11899038461538461
1 0.2824519230769231 0.5288461538461539 0.021634615384615384 0.04927884615384615
1 0.4014423076923077 0.5132211538461539 0.018028846153846152 0.04326923076923077
1 0.43509615384615385 0.5204326923076923 0.055288461538461536 0.06490384615384616
2 0.4495192307692308 0.515625 0.027644230769230768 0.14423076923076922
2 0.44711538461538464 0.5264423076923077 0.021634615384615384 0.12740384615384615
2 0.47475961538461536 0.5240384615384616 0.019230769230769232 0.15264423076923078
2 0.5540865384615384 0.5060096153846154 0.02403846153846154 0.09615384615384616
2 0.5612980769230769 0.5084134615384616 0.009615384615384616 0.07572115384615384
2 0.5757211538461539 0.5036057692307693 0.021634615384615384 0.09615384615384616
2 0.5733173076923077 0.5012019230769231 0.013221153846153846 0.08173076923076923
3 0.5817307692307693 0.3088942307692308 0.027644230769230768 0.09375
2 0.5913461538461539 0.4987980769230769 0.02403846153846154 0.10576923076923077
2 0.7848557692307693 0.49399038461538464 0.027644230769230768 0.1310096153846154
1 0.8930288461538461 0.6490384615384616 0.21153846153846154 0.5120192307692307
2 0.8353365384615384 0.4639423076923077 0.025240384615384616 0.08173076923076923
2 0.8305288461538461 0.4567307692307692 0.01201923076923077 0.08052884615384616