1 0.12379807692307693 0.5408653846153846 0.07211538461538461 0.07572115384615384
1 0.33052884615384615 0.6502403846153846 0.32572115384615385 0.4098557692307692
7 0.28125 0.2764423076923077 0.019230769230769232 0.055288461538461536
7 0.28365384615384615 0.27524038461538464 0.019230769230769232 0.06009615384615385
6 0.3918269230769231 0.28725961538461536 0.015625 0.05889423076923077
2 0.5673076923076923 0.5180288461538461 0.027644230769230768 0.07572115384615384
6 0.5649038461538461 0.40865384615384615 0.015625 0.055288461538461536
2 0.5649038461538461 0.5228365384615384 0.018028846153846152 0.08173076923076923
2 0.5733173076923077 0.5180288461538461 0.013221153846153846 0.06971153846153846
2 0.5901442307692307 0.5096153846153846 0.019230769230769232 0.06490384615384616
0 0.6694711538461539 0.5192307692307693 0.040865384615384616 0.10336538461538461
0 0.6694711538461539 0.5228365384615384 0.02403846153846154 0.08173076923076923
0 0.7836538461538461 0.5216346153846154 0.06850961538461539 0.10336538461538461
0 0.7824519230769231 0.5204326923076923 0.05048076923076923 0.08653846153846154
1 0.8822115384615384 0.5180288461538461 0.1778846153846154 0.08774038461538461
1 0.9711538461538461 0.5120192307692307 0.055288461538461536 0.08052884615384616