1 0.06490384615384616 0.5288461538461539 0.12860576923076922 0.17548076923076922
1 0.9134615384615384 0.6237980769230769 0.16947115384615385 0.4026442307692308
1 0.2644230769230769 0.5180288461538461 0.07451923076923077 0.07451923076923077
1 0.4495192307692308 0.48197115384615385 0.040865384615384616 0.07211538461538461
3 0.4483173076923077 0.41466346153846156 0.015625 0.037259615384615384
1 0.49278846153846156 0.5060096153846154 0.08173076923076923 0.11899038461538461
3 0.49278846153846156 0.39783653846153844 0.013221153846153846 0.05048076923076923
1 0.5396634615384616 0.4855769230769231 0.028846153846153848 0.052884615384615384
1 0.5721153846153846 0.49759615384615385 0.03125 0.07451923076923077
1 0.6274038461538461 0.49278846153846156 0.08052884615384616 0.11538461538461539
1 0.7439903846153846 0.5564903846153846 0.18990384615384615 0.19951923076923078