1 0.037259615384615384 0.4735576923076923 0.05048076923076923 0.056490384615384616
1 0.037259615384615384 0.47716346153846156 0.05048076923076923 0.052884615384615384
1 0.06971153846153846 0.47115384615384615 0.038461538461538464 0.055288461538461536
1 0.07572115384615384 0.46875 0.027644230769230768 0.05889423076923077
1 0.10216346153846154 0.47475961538461536 0.037259615384615384 0.04326923076923077
1 0.10817307692307693 0.4735576923076923 0.038461538461538464 0.027644230769230768
1 0.14182692307692307 0.47475961538461536 0.04927884615384615 0.04927884615384615
1 0.14903846153846154 0.4735576923076923 0.046875 0.040865384615384616
1 0.17427884615384615 0.47115384615384615 0.019230769230769232 0.04927884615384615
1 0.21514423076923078 0.47115384615384615 0.055288461538461536 0.06490384615384616
1 0.21514423076923078 0.46634615384615385 0.046875 0.06009615384615385
1 0.2548076923076923 0.46875 0.037259615384615384 0.04326923076923077
1 0.2620192307692308 0.47115384615384615 0.040865384615384616 0.046875
6 0.41586538461538464 0.32572115384615385 0.019230769230769232 0.04927884615384615
7 0.41947115384615385 0.33052884615384615 0.019230769230769232 0.04447115384615385
1 0.5024038461538461 0.5024038461538461 0.07451923076923077 0.08653846153846154
6 0.5036057692307693 0.31850961538461536 0.025240384615384616 0.03365384615384615
6 0.5048076923076923 0.3269230769230769 0.013221153846153846 0.038461538461538464
1 0.6382211538461539 0.484375 0.11538461538461539 0.109375
6 0.5913461538461539 0.34375 0.015625 0.040865384615384616
6 0.5985576923076923 0.33774038461538464 0.019230769230769232 0.038461538461538464
6 0.6742788461538461 0.40625 0.021634615384615384 0.04447115384615385
6 0.7740384615384616 0.3485576923076923 0.015625 0.06610576923076923
6 0.7776442307692307 0.3449519230769231 0.015625 0.055288461538461536