1 0.1502403846153846 0.5264423076923077 0.02403846153846154 0.038461538461538464
1 0.19230769230769232 0.5432692307692307 0.08413461538461539 0.06490384615384616
1 0.18990384615384615 0.5420673076923077 0.06971153846153846 0.052884615384615384
1 0.2692307692307692 0.5180288461538461 0.025240384615384616 0.038461538461538464
7 0.3293269230769231 0.38100961538461536 0.018028846153846152 0.03485576923076923
7 0.3293269230769231 0.3894230769230769 0.018028846153846152 0.040865384615384616
1 0.37259615384615385 0.5300480769230769 0.056490384615384616 0.06971153846153846
1 0.375 0.5336538461538461 0.052884615384615384 0.06490384615384616
6 0.3954326923076923 0.3942307692307692 0.013221153846153846 0.038461538461538464
6 0.39783653846153844 0.390625 0.018028846153846152 0.038461538461538464
1 0.41947115384615385 0.5180288461538461 0.04447115384615385 0.05889423076923077
1 0.45552884615384615 0.5240384615384616 0.04447115384615385 0.07572115384615384
6 0.453125 0.40625 0.01201923076923077 0.03485576923076923
6 0.45552884615384615 0.41225961538461536 0.013221153846153846 0.038461538461538464
1 0.49759615384615385 0.5384615384615384 0.06971153846153846 0.09615384615384616
3 0.5252403846153846 0.44711538461538464 0.013221153846153846 0.03485576923076923
1 0.5637019230769231 0.5096153846153846 0.07211538461538461 0.10697115384615384
1 0.5649038461538461 0.515625 0.06850961538461539 0.08774038461538461
1 0.6983173076923077 0.5492788461538461 0.12860576923076922 0.11899038461538461
6 0.6935096153846154 0.4182692307692308 0.025240384615384616 0.055288461538461536
6 0.6971153846153846 0.4206730769230769 0.021634615384615384 0.05048076923076923