1 0.9206730769230769 0.5805288461538461 0.15384615384615385 0.2620192307692308
1 0.15865384615384615 0.5432692307692307 0.037259615384615384 0.046875
1 0.19591346153846154 0.5384615384615384 0.025240384615384616 0.021634615384615384
1 0.22355769230769232 0.5336538461538461 0.03365384615384615 0.04326923076923077
1 0.28125 0.5444711538461539 0.056490384615384616 0.046875
1 0.3137019230769231 0.5432692307692307 0.021634615384615384 0.055288461538461536
1 0.33413461538461536 0.5432692307692307 0.03485576923076923 0.04447115384615385
1 0.4519230769230769 0.5576923076923077 0.055288461538461536 0.08173076923076923
1 0.5216346153846154 0.5540865384615384 0.11778846153846154 0.11899038461538461
1 0.6153846153846154 0.5192307692307693 0.06971153846153846 0.05048076923076923
1 0.6899038461538461 0.5084134615384616 0.06009615384615385 0.04927884615384615