3 0.07091346153846154 0.08533653846153846 0.109375 0.15625
1 0.17668269230769232 0.49759615384615385 0.09975961538461539 0.06009615384615385
1 0.20552884615384615 0.5180288461538461 0.11778846153846154 0.08653846153846154
1 0.20192307692307693 0.5084134615384616 0.109375 0.09735576923076923
1 0.33533653846153844 0.49759615384615385 0.05048076923076923 0.05048076923076923
1 0.33774038461538464 0.4951923076923077 0.046875 0.05048076923076923
1 0.40384615384615385 0.5060096153846154 0.06490384615384616 0.05889423076923077
1 0.4050480769230769 0.4987980769230769 0.06009615384615385 0.055288461538461536
1 0.45072115384615385 0.49158653846153844 0.04326923076923077 0.06009615384615385
1 0.4795673076923077 0.49759615384615385 0.02403846153846154 0.038461538461538464
3 0.5697115384615384 0.028846153846153848 0.025240384615384616 0.056490384615384616
3 0.5649038461538461 0.3605769230769231 0.01201923076923077 0.05048076923076923
3 0.6526442307692307 0.3557692307692308 0.015625 0.038461538461538464
4 0.7259615384615384 0.4098557692307692 0.015625 0.04326923076923077
3 0.8004807692307693 0.0733173076923077 0.025240384615384616 0.09014423076923077
2 0.8713942307692307 0.47596153846153844 0.02403846153846154 0.06971153846153846
2 0.8737980769230769 0.48197115384615385 0.021634615384615384 0.052884615384615384
0 0.9639423076923077 0.4963942307692308 0.02403846153846154 0.09735576923076923
2 0.9831730769230769 0.5 0.01201923076923077 0.08413461538461539