6 0.16706730769230768 0.3894230769230769 0.025240384615384616 0.037259615384615384
6 0.16706730769230768 0.40384615384615385 0.02403846153846154 0.0625
1 0.2620192307692308 0.5240384615384616 0.03365384615384615 0.052884615384615384
1 0.2980769230769231 0.53125 0.03125 0.04326923076923077
1 0.32091346153846156 0.5300480769230769 0.03125 0.037259615384615384
1 0.31850961538461536 0.5360576923076923 0.025240384615384616 0.038461538461538464
1 0.39903846153846156 0.5336538461538461 0.04927884615384615 0.05048076923076923
1 0.3942307692307692 0.5384615384615384 0.038461538461538464 0.037259615384615384
6 0.4170673076923077 0.28125 0.018028846153846152 0.07451923076923077
6 0.4170673076923077 0.2692307692307692 0.018028846153846152 0.040865384615384616
1 0.4495192307692308 0.5348557692307693 0.040865384615384616 0.046875
6 0.5805288461538461 0.3870192307692308 0.02403846153846154 0.038461538461538464
6 0.5829326923076923 0.39663461538461536 0.018028846153846152 0.06009615384615385