1 0.03365384615384615 0.5865384615384616 0.06610576923076923 0.171875
1 0.8521634615384616 0.7199519230769231 0.29086538461538464 0.5564903846153846
1 0.10697115384615384 0.5661057692307693 0.07572115384615384 0.13701923076923078
2 0.20552884615384615 0.5492788461538461 0.02403846153846154 0.10336538461538461
2 0.23557692307692307 0.546875 0.018028846153846152 0.11298076923076923
6 0.23677884615384615 0.44591346153846156 0.013221153846153846 0.038461538461538464
2 0.2403846153846154 0.5600961538461539 0.013221153846153846 0.09134615384615384
2 0.2512019230769231 0.5480769230769231 0.018028846153846152 0.09375
2 0.2644230769230769 0.5480769230769231 0.01201923076923077 0.08774038461538461
2 0.2644230769230769 0.5504807692307693 0.01201923076923077 0.078125
2 0.2764423076923077 0.5432692307692307 0.018028846153846152 0.08653846153846154
2 0.3557692307692308 0.5408653846153846 0.013221153846153846 0.08653846153846154
2 0.37740384615384615 0.5360576923076923 0.03125 0.09134615384615384
2 0.40865384615384615 0.5348557692307693 0.018028846153846152 0.08653846153846154
2 0.45072115384615385 0.5300480769230769 0.015625 0.0625
1 0.4699519230769231 0.5288461538461539 0.028846153846153848 0.05889423076923077
2 0.47596153846153844 0.5252403846153846 0.021634615384615384 0.09375
2 0.47475961538461536 0.5276442307692307 0.013221153846153846 0.08774038461538461
6 0.5132211538461539 0.4326923076923077 0.018028846153846152 0.040865384615384616
1 0.5661057692307693 0.5649038461538461 0.09975961538461539 0.15264423076923078
1 0.6622596153846154 0.6009615384615384 0.15384615384615385 0.265625