1 0.4326923076923077 0.515625 0.046875 0.05889423076923077
1 0.12740384615384615 0.5552884615384616 0.078125 0.07572115384615384
2 0.17668269230769232 0.5396634615384616 0.025240384615384616 0.1310096153846154
1 0.22716346153846154 0.5396634615384616 0.08653846153846154 0.09975961538461539
1 0.2860576923076923 0.5252403846153846 0.028846153846153848 0.052884615384615384
2 0.47115384615384615 0.5192307692307693 0.025240384615384616 0.125
2 0.4951923076923077 0.5252403846153846 0.021634615384615384 0.11899038461538461
2 0.5384615384615384 0.515625 0.019230769230769232 0.125
3 0.5829326923076923 0.3088942307692308 0.028846153846153848 0.09014423076923077
2 0.6069711538461539 0.5120192307692307 0.027644230769230768 0.14423076923076922
1 0.8617788461538461 0.5216346153846154 0.27524038461538464 0.21634615384615385