1 0.15264423076923078 0.5348557692307693 0.04326923076923077 0.046875
1 0.15745192307692307 0.5348557692307693 0.04447115384615385 0.04326923076923077
1 0.18509615384615385 0.5324519230769231 0.040865384615384616 0.05048076923076923
1 0.1935096153846154 0.5372596153846154 0.04927884615384615 0.052884615384615384
1 0.2536057692307692 0.5360576923076923 0.06971153846153846 0.08774038461538461
1 0.31009615384615385 0.5240384615384616 0.02403846153846154 0.038461538461538464
1 0.3329326923076923 0.5216346153846154 0.021634615384615384 0.05048076923076923
1 0.3786057692307692 0.5252403846153846 0.037259615384615384 0.04326923076923077
1 0.3798076923076923 0.5300480769230769 0.027644230769230768 0.03365384615384615
1 0.4254807692307692 0.5252403846153846 0.04326923076923077 0.052884615384615384
1 0.4987980769230769 0.5324519230769231 0.04927884615384615 0.06490384615384616
1 0.5288461538461539 0.5240384615384616 0.02403846153846154 0.04447115384615385
1 0.5661057692307693 0.5336538461538461 0.046875 0.06009615384615385
1 0.5673076923076923 0.5336538461538461 0.046875 0.04927884615384615
1 0.6358173076923077 0.5444711538461539 0.08774038461538461 0.09615384615384616
1 0.7439903846153846 0.5697115384615384 0.1502403846153846 0.15384615384615385