1 0.056490384615384616 0.5168269230769231 0.11298076923076923 0.11057692307692307
2 0.20673076923076922 0.5024038461538461 0.028846153846153848 0.052884615384615384
2 0.21394230769230768 0.48677884615384615 0.019230769230769232 0.06850961538461539
6 0.2980769230769231 0.3894230769230769 0.025240384615384616 0.07451923076923077
6 0.2980769230769231 0.38341346153846156 0.021634615384615384 0.05048076923076923
2 0.4699519230769231 0.48677884615384615 0.027644230769230768 0.08653846153846154
2 0.5024038461538461 0.4855769230769231 0.021634615384615384 0.05889423076923077
2 0.5024038461538461 0.48197115384615385 0.018028846153846152 0.052884615384615384
1 0.5300480769230769 0.48677884615384615 0.018028846153846152 0.056490384615384616
1 0.5528846153846154 0.4879807692307692 0.028846153846153848 0.05048076923076923
6 0.5673076923076923 0.37740384615384615 0.018028846153846152 0.05048076923076923
2 0.7920673076923077 0.46875 0.03485576923076923 0.109375
2 0.796875 0.46875 0.03485576923076923 0.09735576923076923