1 0.057692307692307696 0.5456730769230769 0.037259615384615384 0.04927884615384615
7 0.1141826923076923 0.43149038461538464 0.013221153846153846 0.037259615384615384
1 0.1971153846153846 0.5396634615384616 0.09375 0.12259615384615384
4 0.20192307692307693 0.4411057692307692 0.013221153846153846 0.037259615384615384
4 0.20552884615384615 0.4411057692307692 0.019230769230769232 0.03365384615384615
1 0.27884615384615385 0.5420673076923077 0.03365384615384615 0.046875
4 0.27524038461538464 0.47836538461538464 0.015625 0.040865384615384616
4 0.27403846153846156 0.48197115384615385 0.013221153846153846 0.03125
10 0.33653846153846156 0.4855769230769231 0.09014423076923077 0.16826923076923078
1 0.38100961538461536 0.5600961538461539 0.09615384615384616 0.11538461538461539
1 0.5516826923076923 0.5552884615384616 0.18990384615384615 0.20552884615384615
1 0.8137019230769231 0.5108173076923077 0.08173076923076923 0.08653846153846154
2 0.8569711538461539 0.5024038461538461 0.05048076923076923 0.18028846153846154
2 0.8617788461538461 0.5060096153846154 0.03485576923076923 0.1814903846153846