1 0.03485576923076923 0.5204326923076923 0.06610576923076923 0.028846153846153848
10 0.13581730769230768 0.49278846153846156 0.16346153846153846 0.078125
1 0.14182692307692307 0.53125 0.078125 0.037259615384615384
1 0.2800480769230769 0.5240384615384616 0.03125 0.03485576923076923
1 0.2860576923076923 0.5216346153846154 0.040865384615384616 0.037259615384615384
1 0.3233173076923077 0.5120192307692307 0.021634615384615384 0.027644230769230768
1 0.34615384615384615 0.5336538461538461 0.04326923076923077 0.06490384615384616
1 0.3449519230769231 0.5336538461538461 0.03485576923076923 0.06009615384615385
1 0.4375 0.5865384615384616 0.19110576923076922 0.25
7 0.4254807692307692 0.3942307692307692 0.018028846153846152 0.038461538461538464
3 0.4254807692307692 0.38822115384615385 0.009615384615384616 0.027644230769230768
1 0.5108173076923077 0.5132211538461539 0.03365384615384615 0.09134615384615384
1 0.5288461538461539 0.5348557692307693 0.013221153846153846 0.046875
2 0.7680288461538461 0.5324519230769231 0.040865384615384616 0.1875