10 0.06370192307692307 0.4831730769230769 0.12740384615384615 0.18389423076923078
1 0.1141826923076923 0.5625 0.10697115384615384 0.11177884615384616
1 0.1778846153846154 0.4795673076923077 0.12860576923076922 0.12860576923076922
1 0.2848557692307692 0.6237980769230769 0.2932692307692308 0.3473557692307692
1 0.38341346153846156 0.49759615384615385 0.15865384615384615 0.2620192307692308
1 0.4338942307692308 0.5192307692307693 0.07572115384615384 0.25961538461538464
1 0.5096153846153846 0.5384615384615384 0.05889423076923077 0.08653846153846154
1 0.53125 0.5336538461538461 0.028846153846153848 0.109375
1 0.5733173076923077 0.5264423076923077 0.08653846153846154 0.16346153846153846
1 0.6538461538461539 0.5564903846153846 0.17548076923076922 0.18389423076923078
10 0.7475961538461539 0.47596153846153844 0.11177884615384616 0.1971153846153846
1 0.7536057692307693 0.48197115384615385 0.10697115384615384 0.1814903846153846