1 0.13581730769230768 0.5372596153846154 0.06610576923076923 0.07572115384615384
1 0.32572115384615385 0.6430288461538461 0.3245192307692308 0.4098557692307692
7 0.28125 0.27403846153846156 0.019230769230769232 0.052884615384615384
7 0.28365384615384615 0.27524038461538464 0.019230769230769232 0.06009615384615385
6 0.3918269230769231 0.2824519230769231 0.013221153846153846 0.05889423076923077
2 0.5649038461538461 0.5108173076923077 0.027644230769230768 0.07451923076923077
6 0.5649038461538461 0.40384615384615385 0.015625 0.052884615384615384
2 0.5649038461538461 0.5180288461538461 0.018028846153846152 0.07572115384615384
2 0.5817307692307693 0.5144230769230769 0.013221153846153846 0.06971153846153846
2 0.5961538461538461 0.5024038461538461 0.019230769230769232 0.0625
0 0.6694711538461539 0.5192307692307693 0.038461538461538464 0.10336538461538461
0 0.6706730769230769 0.5204326923076923 0.02403846153846154 0.08173076923076923
0 0.7788461538461539 0.5120192307692307 0.06610576923076923 0.09615384615384616
0 0.7788461538461539 0.5180288461538461 0.05048076923076923 0.08653846153846154
1 0.8954326923076923 0.5132211538461539 0.1778846153846154 0.08774038461538461
1 0.9795673076923077 0.5012019230769231 0.038461538461538464 0.07211538461538461