6 0.22956730769230768 0.4230769230769231 0.02403846153846154 0.038461538461538464
1 0.3329326923076923 0.49399038461538464 0.1346153846153846 0.20072115384615385
1 0.33653846153846156 0.5 0.10336538461538461 0.14302884615384615
6 0.4266826923076923 0.34134615384615385 0.021634615384615384 0.038461538461538464
7 0.42427884615384615 0.34975961538461536 0.018028846153846152 0.05048076923076923
1 0.5072115384615384 0.47716346153846156 0.08774038461538461 0.07211538461538461
6 0.48677884615384615 0.34975961538461536 0.021634615384615384 0.028846153846153848
6 0.4879807692307692 0.35697115384615385 0.013221153846153846 0.038461538461538464
6 0.5925480769230769 0.41346153846153844 0.018028846153846152 0.03485576923076923
1 0.7115384615384616 0.5108173076923077 0.14903846153846154 0.16346153846153846
1 0.7091346153846154 0.5120192307692307 0.1346153846153846 0.11899038461538461
6 0.7427884615384616 0.33052884615384615 0.027644230769230768 0.06850961538461539
6 0.7463942307692307 0.33653846153846156 0.02403846153846154 0.06490384615384616