1 0.04447115384615385 0.5829326923076923 0.08653846153846154 0.1310096153846154
1 0.10336538461538461 0.5757211538461539 0.05048076923076923 0.109375
1 0.1346153846153846 0.5757211538461539 0.028846153846153848 0.08413461538461539
1 0.1971153846153846 0.5480769230769231 0.05048076923076923 0.09615384615384616
1 0.23918269230769232 0.5432692307692307 0.06850961538461539 0.07451923076923077
1 0.24519230769230768 0.5456730769230769 0.052884615384615384 0.08653846153846154
1 0.31009615384615385 0.5348557692307693 0.025240384615384616 0.03365384615384615
1 0.3293269230769231 0.5324519230769231 0.040865384615384616 0.05889423076923077
2 0.3629807692307692 0.5384615384615384 0.025240384615384616 0.08173076923076923
2 0.41947115384615385 0.5372596153846154 0.013221153846153846 0.05048076923076923
1 0.5024038461538461 0.5504807692307693 0.08413461538461539 0.09134615384615384
1 0.5805288461538461 0.5769230769230769 0.07572115384615384 0.18389423076923078
1 0.7115384615384616 0.6081730769230769 0.2439903846153846 0.20673076923076922