1 0.18870192307692307 0.5420673076923077 0.037259615384615384 0.046875
1 0.22716346153846154 0.5336538461538461 0.025240384615384616 0.021634615384615384
1 0.2536057692307692 0.5336538461538461 0.03365384615384615 0.040865384615384616
1 0.30649038461538464 0.5444711538461539 0.055288461538461536 0.04927884615384615
1 0.3473557692307692 0.5396634615384616 0.021634615384615384 0.052884615384615384
1 0.36899038461538464 0.5444711538461539 0.038461538461538464 0.056490384615384616
1 0.49759615384615385 0.5552884615384616 0.06490384615384616 0.09014423076923077
1 0.5841346153846154 0.5492788461538461 0.13701923076923078 0.13701923076923078
1 0.6790865384615384 0.5144230769230769 0.06971153846153846 0.05048076923076923
1 0.7596153846153846 0.5024038461538461 0.10697115384615384 0.07211538461538461
1 0.7908653846153846 0.5132211538461539 0.06610576923076923 0.038461538461538464
1 0.8076923076923077 0.5240384615384616 0.05889423076923077 0.04447115384615385