10 0.06610576923076923 0.5516826923076923 0.13221153846153846 0.0889423076923077
1 0.06610576923076923 0.5540865384615384 0.13221153846153846 0.08774038461538461
2 0.05048076923076923 0.5733173076923077 0.025240384615384616 0.07451923076923077
10 0.13822115384615385 0.5456730769230769 0.06971153846153846 0.08653846153846154
1 0.13942307692307693 0.5528846153846154 0.07211538461538461 0.08653846153846154
3 0.1346153846153846 0.43028846153846156 0.02403846153846154 0.06850961538461539
10 0.20072115384615385 0.5432692307692307 0.0625 0.038461538461538464
1 0.19951923076923078 0.5612980769230769 0.06009615384615385 0.052884615384615384
1 0.30288461538461536 0.5685096153846154 0.07451923076923077 0.08052884615384616
1 0.33653846153846156 0.5612980769230769 0.03485576923076923 0.0625
1 0.49278846153846156 0.5600961538461539 0.028846153846153848 0.06610576923076923
1 0.5144230769230769 0.5637019230769231 0.05889423076923077 0.06971153846153846
3 0.5913461538461539 0.39302884615384615 0.027644230769230768 0.08052884615384616
6 0.8185096153846154 0.44350961538461536 0.02403846153846154 0.038461538461538464