1 0.9447115384615384 0.5805288461538461 0.10697115384615384 0.29447115384615385
1 0.10096153846153846 0.546875 0.19951923076923078 0.2439903846153846
1 0.10576923076923077 0.5396634615384616 0.20673076923076922 0.2776442307692308
1 0.2403846153846154 0.5204326923076923 0.11899038461538461 0.15865384615384615
1 0.24278846153846154 0.5192307692307693 0.10336538461538461 0.15625
1 0.3245192307692308 0.5084134615384616 0.07211538461538461 0.11538461538461539
1 0.3245192307692308 0.5048076923076923 0.06971153846153846 0.10336538461538461
1 0.3629807692307692 0.5 0.04326923076923077 0.09375
1 0.3641826923076923 0.49759615384615385 0.037259615384615384 0.07572115384615384
10 0.5925480769230769 0.45072115384615385 0.037259615384615384 0.18028846153846154
1 0.6538461538461539 0.4543269230769231 0.10096153846153846 0.1622596153846154
10 0.6454326923076923 0.46153846153846156 0.078125 0.1622596153846154
1 0.7103365384615384 0.5132211538461539 0.109375 0.1658653846153846
1 0.7319711538461539 0.5132211538461539 0.1466346153846154 0.1466346153846154
1 0.8293269230769231 0.5444711538461539 0.14302884615384615 0.1935096153846154
1 0.8245192307692307 0.5420673076923077 0.1310096153846154 0.20673076923076922