1 0.03485576923076923 0.5492788461538461 0.06971153846153846 0.12740384615384615
1 0.11778846153846154 0.5372596153846154 0.12139423076923077 0.11538461538461539
1 0.12379807692307693 0.5384615384615384 0.109375 0.11899038461538461
1 0.22115384615384615 0.5132211538461539 0.08173076923076923 0.09615384615384616
1 0.22596153846153846 0.5144230769230769 0.07211538461538461 0.078125
1 0.27524038461538464 0.5132211538461539 0.052884615384615384 0.06610576923076923
1 0.2776442307692308 0.5132211538461539 0.04447115384615385 0.06009615384615385
1 0.27524038461538464 0.5144230769230769 0.03485576923076923 0.06971153846153846
1 0.35697115384615385 0.4987980769230769 0.028846153846153848 0.04927884615384615
1 0.5492788461538461 0.4951923076923077 0.04927884615384615 0.07451923076923077
1 0.6021634615384616 0.5024038461538461 0.078125 0.109375
1 0.6526442307692307 0.5192307692307693 0.11177884615384616 0.09615384615384616
1 0.90625 0.48677884615384615 0.1658653846153846 0.10336538461538461