2 0.6694711538461539 0.5240384615384616 0.015625 0.05048076923076923
1 0.9423076923076923 0.5528846153846154 0.11177884615384616 0.12139423076923077
1 0.0673076923076923 0.5649038461538461 0.06490384615384616 0.04447115384615385
4 0.3701923076923077 0.4495192307692308 0.009615384615384616 0.040865384615384616
1 0.4206730769230769 0.5336538461538461 0.04927884615384615 0.06850961538461539
1 0.48197115384615385 0.5336538461538461 0.03125 0.038461538461538464
4 0.48197115384615385 0.3713942307692308 0.01201923076923077 0.038461538461538464
1 0.5024038461538461 0.5228365384615384 0.02403846153846154 0.028846153846153848
1 0.5240384615384616 0.5372596153846154 0.0625 0.08413461538461539
4 0.5504807692307693 0.3557692307692308 0.013221153846153846 0.04447115384615385
1 0.7451923076923077 0.5348557692307693 0.09134615384615384 0.08653846153846154