1 0.042067307692307696 0.59375 0.06850961538461539 0.14423076923076922
0 0.07692307692307693 0.5961538461538461 0.06009615384615385 0.11177884615384616
2 0.10216346153846154 0.5492788461538461 0.027644230769230768 0.10336538461538461
2 0.12980769230769232 0.546875 0.028846153846153848 0.10697115384615384
2 0.15384615384615385 0.5576923076923077 0.015625 0.078125
2 0.18028846153846154 0.5456730769230769 0.02403846153846154 0.09975961538461539
2 0.28966346153846156 0.5324519230769231 0.019230769230769232 0.052884615384615384
4 0.30408653846153844 0.453125 0.015625 0.040865384615384616
1 0.3942307692307692 0.5612980769230769 0.1622596153846154 0.22596153846153846
1 0.4675480769230769 0.5252403846153846 0.028846153846153848 0.04326923076923077
1 0.5637019230769231 0.5552884615384616 0.09375 0.140625
1 0.5492788461538461 0.5600961538461539 0.05048076923076923 0.13221153846153846
4 0.5384615384615384 0.4423076923076923 0.019230769230769232 0.04326923076923077
1 0.6033653846153846 0.5853365384615384 0.10576923076923077 0.18389423076923078
1 0.5997596153846154 0.5817307692307693 0.08413461538461539 0.1658653846153846
1 0.7295673076923077 0.6165865384615384 0.2403846153846154 0.3161057692307692
1 0.8605769230769231 0.6742788461538461 0.27524038461538464 0.6442307692307693
2 0.7680288461538461 0.45072115384615385 0.040865384615384616 0.04927884615384615
2 0.7704326923076923 0.45072115384615385 0.019230769230769232 0.040865384615384616