1 0.17427884615384615 0.5516826923076923 0.05889423076923077 0.08052884615384616
1 0.17548076923076922 0.5528846153846154 0.055288461538461536 0.055288461538461536
1 0.2283653846153846 0.5456730769230769 0.040865384615384616 0.04927884615384615
7 0.2824519230769231 0.3545673076923077 0.018028846153846152 0.055288461538461536
6 0.2824519230769231 0.35096153846153844 0.015625 0.04326923076923077
1 0.36658653846153844 0.5432692307692307 0.03485576923076923 0.04447115384615385
4 0.36778846153846156 0.36177884615384615 0.019230769230769232 0.052884615384615384
4 0.3701923076923077 0.3713942307692308 0.018028846153846152 0.03485576923076923
1 0.40865384615384615 0.5372596153846154 0.037259615384615384 0.04326923076923077
4 0.44471153846153844 0.3737980769230769 0.018028846153846152 0.04927884615384615
4 0.44471153846153844 0.3798076923076923 0.019230769230769232 0.040865384615384616
1 0.47716346153846156 0.5384615384615384 0.04326923076923077 0.056490384615384616
1 0.5168269230769231 0.5528846153846154 0.09375 0.10096153846153846
1 0.5637019230769231 0.5384615384615384 0.03125 0.05048076923076923
1 0.5913461538461539 0.4519230769230769 0.021634615384615384 0.046875
4 0.59375 0.45913461538461536 0.021634615384615384 0.03485576923076923
1 0.6742788461538461 0.5492788461538461 0.09975961538461539 0.09134615384615384
4 0.8245192307692307 0.36778846153846156 0.025240384615384616 0.09375
1 0.9242788461538461 0.5841346153846154 0.14903846153846154 0.18028846153846154