10 0.07572115384615384 0.5036057692307693 0.1502403846153846 0.15264423076923078
1 0.06610576923076923 0.6358173076923077 0.13221153846153846 0.3389423076923077
1 0.15865384615384615 0.5600961538461539 0.0625 0.06610576923076923
1 0.30288461538461536 0.6550480769230769 0.3317307692307692 0.42427884615384615
3 0.33774038461538464 0.25 0.02403846153846154 0.07451923076923077
4 0.46634615384615385 0.28125 0.02403846153846154 0.06971153846153846
1 0.5108173076923077 0.5348557692307693 0.04927884615384615 0.06610576923076923
1 0.5120192307692307 0.5384615384615384 0.04447115384615385 0.0625
4 0.6418269230769231 0.39903846153846156 0.02403846153846154 0.06610576923076923
2 0.6742788461538461 0.5252403846153846 0.018028846153846152 0.08413461538461539
2 0.6862980769230769 0.5180288461538461 0.021634615384615384 0.08774038461538461
1 0.8774038461538461 0.5709134615384616 0.24278846153846154 0.6802884615384616