1 0.015625 0.5300480769230769 0.028846153846153848 0.046875
6 0.06129807692307692 0.4495192307692308 0.021634615384615384 0.04326923076923077
7 0.06370192307692307 0.4639423076923077 0.018028846153846152 0.04927884615384615
1 0.12740384615384615 0.5228365384615384 0.03485576923076923 0.04447115384615385
1 0.14903846153846154 0.5180288461538461 0.019230769230769232 0.04927884615384615
1 0.171875 0.5204326923076923 0.03485576923076923 0.04326923076923077
1 0.1935096153846154 0.5168269230769231 0.021634615384615384 0.04326923076923077
1 0.22115384615384615 0.5120192307692307 0.046875 0.055288461538461536
7 0.21514423076923078 0.3713942307692308 0.019230769230769232 0.055288461538461536
1 0.42908653846153844 0.5805288461538461 0.37259615384615385 0.5180288461538461
1 0.2668269230769231 0.5084134615384616 0.038461538461538464 0.09014423076923077
3 0.5889423076923077 0.37740384615384615 0.03365384615384615 0.06009615384615385
1 0.6598557692307693 0.5336538461538461 0.11778846153846154 0.10336538461538461
1 0.9375 0.6682692307692307 0.12259615384615384 0.31009615384615385