3 0.015625 0.35697115384615385 0.03125 0.10096153846153846
1 0.14543269230769232 0.5649038461538461 0.29086538461538464 0.18028846153846154
1 0.3125 0.5324519230769231 0.04447115384615385 0.052884615384615384
2 0.35697115384615385 0.5444711538461539 0.07451923076923077 0.11899038461538461
2 0.36658653846153844 0.5384615384615384 0.03365384615384615 0.109375
2 0.39302884615384615 0.5168269230769231 0.02403846153846154 0.11177884615384616
2 0.3942307692307692 0.53125 0.025240384615384616 0.125
2 0.41466346153846156 0.5336538461538461 0.05889423076923077 0.12860576923076922
2 0.5120192307692307 0.6105769230769231 0.23197115384615385 0.6622596153846154
3 0.5204326923076923 0.29086538461538464 0.037259615384615384 0.052884615384615384
2 0.5697115384615384 0.6153846153846154 0.09375 0.49759615384615385
1 0.8641826923076923 0.49278846153846156 0.265625 0.19471153846153846