1 0.9302884615384616 0.5264423076923077 0.09615384615384616 0.056490384615384616
1 0.018028846153846152 0.5456730769230769 0.027644230769230768 0.028846153846153848
1 0.054086538461538464 0.53125 0.03365384615384615 0.04326923076923077
1 0.11177884615384616 0.5288461538461539 0.02403846153846154 0.03125
1 0.1622596153846154 0.5408653846153846 0.055288461538461536 0.078125
1 0.1658653846153846 0.5420673076923077 0.046875 0.06490384615384616
1 0.29447115384615385 0.5240384615384616 0.037259615384615384 0.06490384615384616
10 0.33052884615384615 0.5132211538461539 0.06971153846153846 0.11778846153846154
1 0.6274038461538461 0.5348557692307693 0.08173076923076923 0.06490384615384616
1 0.6418269230769231 0.5276442307692307 0.08774038461538461 0.06610576923076923
1 0.6971153846153846 0.5288461538461539 0.06610576923076923 0.06850961538461539
1 0.8076923076923077 0.5264423076923077 0.11538461538461539 0.078125