1 0.042067307692307696 0.5 0.06009615384615385 0.07451923076923077
1 0.17067307692307693 0.5288461538461539 0.22596153846153846 0.2776442307692308
1 0.17427884615384615 0.5228365384615384 0.19951923076923078 0.2091346153846154
1 0.28365384615384615 0.4891826923076923 0.03485576923076923 0.03485576923076923
1 0.3329326923076923 0.4855769230769231 0.03125 0.03125
1 0.38221153846153844 0.48677884615384615 0.03125 0.052884615384615384
1 0.43509615384615385 0.48677884615384615 0.03365384615384615 0.04326923076923077
1 0.43509615384615385 0.49278846153846156 0.03125 0.046875
1 0.5048076923076923 0.49278846153846156 0.040865384615384616 0.055288461538461536
1 0.5540865384615384 0.5036057692307693 0.07572115384615384 0.10096153846153846
1 0.5432692307692307 0.5144230769230769 0.052884615384615384 0.11177884615384616
1 0.5853365384615384 0.53125 0.05889423076923077 0.1622596153846154
1 0.6057692307692307 0.5144230769230769 0.07451923076923077 0.14903846153846154
1 0.7139423076923077 0.5492788461538461 0.22115384615384615 0.2692307692307692