1 0.06610576923076923 0.6358173076923077 0.13221153846153846 0.3389423076923077
10 0.07451923076923077 0.5024038461538461 0.1466346153846154 0.14903846153846154
1 0.15865384615384615 0.5600961538461539 0.06009615384615385 0.06490384615384616
1 0.30288461538461536 0.6550480769230769 0.33052884615384615 0.42427884615384615
3 0.33774038461538464 0.25 0.02403846153846154 0.07451923076923077
10 0.4567307692307692 0.5048076923076923 0.02403846153846154 0.046875
4 0.46634615384615385 0.2800480769230769 0.02403846153846154 0.06971153846153846
1 0.5108173076923077 0.5420673076923077 0.04927884615384615 0.06610576923076923
1 0.5108173076923077 0.5384615384615384 0.04447115384615385 0.0625
4 0.6418269230769231 0.39903846153846156 0.02403846153846154 0.06610576923076923
2 0.6802884615384616 0.5216346153846154 0.018028846153846152 0.08413461538461539
2 0.6959134615384616 0.5180288461538461 0.021634615384615384 0.08774038461538461
1 0.8786057692307693 0.5697115384615384 0.2403846153846154 0.6754807692307693