1 0.1346153846153846 0.4831730769230769 0.26802884615384615 0.6274038461538461
10 0.1310096153846154 0.484375 0.25961538461538464 0.6189903846153846
1 0.2860576923076923 0.49759615384615385 0.10096153846153846 0.10697115384615384
7 0.35216346153846156 0.30288461538461536 0.019230769230769232 0.07211538461538461
1 0.5012019230769231 0.6117788461538461 0.3161057692307692 0.4254807692307692
7 0.35336538461538464 0.28365384615384615 0.015625 0.038461538461538464
6 0.47596153846153844 0.2403846153846154 0.018028846153846152 0.06610576923076923
6 0.6454326923076923 0.3629807692307692 0.019230769230769232 0.04326923076923077
0 0.6490384615384616 0.48677884615384615 0.025240384615384616 0.09615384615384616
1 0.7391826923076923 0.48197115384615385 0.09375 0.078125
1 0.7355769230769231 0.4879807692307692 0.08413461538461539 0.052884615384615384
1 0.8653846153846154 0.5901442307692307 0.265625 0.34615384615384615
6 0.9855769230769231 0.22596153846153846 0.025240384615384616 0.08052884615384616
6 0.9879807692307693 0.20432692307692307 0.021634615384615384 0.040865384615384616