2 0.07572115384615384 0.5757211538461539 0.027644230769230768 0.10336538461538461
2 0.0985576923076923 0.5697115384615384 0.028846153846153848 0.10697115384615384
2 0.12740384615384615 0.5745192307692307 0.013221153846153846 0.09615384615384616
2 0.17307692307692307 0.5673076923076923 0.02403846153846154 0.09975961538461539
2 0.27884615384615385 0.5444711538461539 0.019230769230769232 0.052884615384615384
2 0.29447115384615385 0.5444711538461539 0.018028846153846152 0.05048076923076923
4 0.29927884615384615 0.46033653846153844 0.015625 0.040865384615384616
1 0.3449519230769231 0.5516826923076923 0.025240384615384616 0.040865384615384616
1 0.41225961538461536 0.5649038461538461 0.14302884615384615 0.2091346153846154
1 0.48197115384615385 0.5408653846153846 0.06971153846153846 0.078125
1 0.5444711538461539 0.5600961538461539 0.046875 0.109375
4 0.546875 0.4495192307692308 0.019230769230769232 0.04326923076923077
1 0.5961538461538461 0.5757211538461539 0.11298076923076923 0.171875
1 0.5733173076923077 0.5793269230769231 0.056490384615384616 0.15264423076923078
1 0.6826923076923077 0.6225961538461539 0.20552884615384615 0.2247596153846154
1 0.6706730769230769 0.6213942307692307 0.16346153846153846 0.23197115384615385
1 0.8521634615384616 0.6995192307692307 0.2932692307692308 0.5997596153846154
2 0.8149038461538461 0.46875 0.040865384615384616 0.078125
2 0.8100961538461539 0.45913461538461536 0.019230769230769232 0.04927884615384615