2 0.028846153846153848 0.5709134615384616 0.028846153846153848 0.16826923076923078
2 0.8990384615384616 0.5600961538461539 0.06009615384615385 0.30528846153846156
2 0.009615384615384616 0.5637019230769231 0.018028846153846152 0.20072115384615385
2 0.052884615384615384 0.5697115384615384 0.028846153846153848 0.16826923076923078
0 0.09134615384615384 0.5817307692307693 0.021634615384615384 0.06610576923076923
2 0.24759615384615385 0.5396634615384616 0.018028846153846152 0.07451923076923077
2 0.2608173076923077 0.5588942307692307 0.013221153846153846 0.06610576923076923
1 0.3641826923076923 0.5649038461538461 0.046875 0.055288461538461536
2 0.36177884615384615 0.5697115384615384 0.04326923076923077 0.055288461538461536
1 0.4362980769230769 0.5600961538461539 0.04326923076923077 0.055288461538461536
2 0.6442307692307693 0.5516826923076923 0.04927884615384615 0.1971153846153846
2 0.6430288461538461 0.5480769230769231 0.03365384615384615 0.19951923076923078