1 0.10096153846153846 0.6069711538461539 0.20072115384615385 0.20673076923076922
10 0.08052884615384616 0.5084134615384616 0.08653846153846154 0.03485576923076923
1 0.22355769230769232 0.5733173076923077 0.109375 0.12259615384615384
1 0.27163461538461536 0.5480769230769231 0.028846153846153848 0.0625
1 0.2932692307692308 0.5480769230769231 0.037259615384615384 0.04927884615384615
1 0.3161057692307692 0.5372596153846154 0.028846153846153848 0.04326923076923077
1 0.33653846153846156 0.5348557692307693 0.019230769230769232 0.040865384615384616
1 0.40384615384615385 0.5288461538461539 0.021634615384615384 0.027644230769230768
1 0.48197115384615385 0.5420673076923077 0.037259615384615384 0.08052884615384616
1 0.49399038461538464 0.5576923076923077 0.027644230769230768 0.08653846153846154
1 0.5228365384615384 0.5612980769230769 0.052884615384615384 0.10697115384615384
1 0.5336538461538461 0.5552884615384616 0.07211538461538461 0.10576923076923077
1 0.5865384615384616 0.5817307692307693 0.11899038461538461 0.12259615384615384
3 0.7980769230769231 0.203125 0.05048076923076923 0.17427884615384615