1 0.11778846153846154 0.625 0.1622596153846154 0.16947115384615385
1 0.2247596153846154 0.5961538461538461 0.055288461538461536 0.13701923076923078
1 0.2608173076923077 0.5913461538461539 0.03125 0.052884615384615384
1 0.27884615384615385 0.5841346153846154 0.018028846153846152 0.038461538461538464
1 0.29927884615384615 0.5757211538461539 0.021634615384615384 0.03485576923076923
1 0.34975961538461536 0.5709134615384616 0.03125 0.04326923076923077
1 0.35096153846153844 0.5649038461538461 0.03365384615384615 0.04326923076923077
1 0.42908653846153844 0.5637019230769231 0.025240384615384616 0.06009615384615385
1 0.49759615384615385 0.5877403846153846 0.09615384615384616 0.13822115384615385
2 0.8269230769230769 0.46875 0.021634615384615384 0.027644230769230768
2 0.8329326923076923 0.4639423076923077 0.025240384615384616 0.025240384615384616