4 0.0985576923076923 0.21153846153846154 0.04326923076923077 0.15384615384615385
2 0.9903846153846154 0.546875 0.015625 0.12139423076923077
1 0.07451923076923077 0.5336538461538461 0.07451923076923077 0.06610576923076923
1 0.16466346153846154 0.5384615384615384 0.07572115384615384 0.06490384615384616
1 0.23918269230769232 0.53125 0.05889423076923077 0.052884615384615384
1 0.2403846153846154 0.5276442307692307 0.05048076923076923 0.04927884615384615
4 0.2776442307692308 0.4230769230769231 0.025240384615384616 0.055288461538461536
4 0.2776442307692308 0.4206730769230769 0.015625 0.04447115384615385
1 0.3088942307692308 0.5300480769230769 0.06971153846153846 0.06971153846153846
1 0.3112980769230769 0.5336538461538461 0.05889423076923077 0.056490384615384616
6 0.29447115384615385 0.4182692307692308 0.015625 0.05048076923076923
1 0.4567307692307692 0.5805288461538461 0.18389423076923078 0.25
3 0.45552884615384615 0.3485576923076923 0.027644230769230768 0.07451923076923077
6 0.45552884615384615 0.34375 0.018028846153846152 0.04927884615384615
4 0.5432692307692307 0.4519230769230769 0.015625 0.037259615384615384
10 0.6887019230769231 0.4567307692307692 0.18389423076923078 0.3245192307692308