2 0.5649038461538461 0.5084134615384616 0.013221153846153846 0.038461538461538464
2 0.5 0.5120192307692307 0.009615384615384616 0.040865384615384616
1 0.0985576923076923 0.5564903846153846 0.1466346153846154 0.12740384615384615
6 0.14903846153846154 0.47115384615384615 0.01201923076923077 0.02403846153846154
1 0.19230769230769232 0.5324519230769231 0.0625 0.10697115384615384
1 0.24278846153846154 0.5360576923076923 0.038461538461538464 0.07211538461538461
1 0.2704326923076923 0.5288461538461539 0.03485576923076923 0.05889423076923077
1 0.3641826923076923 0.5192307692307693 0.055288461538461536 0.04326923076923077
7 0.35096153846153844 0.3858173076923077 0.013221153846153846 0.03485576923076923
1 0.4206730769230769 0.5204326923076923 0.04927884615384615 0.05889423076923077
6 0.40865384615384615 0.3918269230769231 0.01201923076923077 0.03365384615384615
6 0.49759615384615385 0.45552884615384615 0.013221153846153846 0.038461538461538464
6 0.5336538461538461 0.40384615384615385 0.015625 0.040865384615384616
6 0.5360576923076923 0.40625 0.021634615384615384 0.055288461538461536