2 0.9591346153846154 0.4639423076923077 0.021634615384615384 0.0625
1 0.13341346153846154 0.5036057692307693 0.052884615384615384 0.0625
1 0.21995192307692307 0.5036057692307693 0.05889423076923077 0.055288461538461536
1 0.22115384615384615 0.5048076923076923 0.0625 0.06009615384615385
1 0.27403846153846156 0.49759615384615385 0.046875 0.06610576923076923
1 0.2776442307692308 0.4963942307692308 0.04326923076923077 0.055288461538461536
4 0.265625 0.2692307692307692 0.018028846153846152 0.046875
4 0.26802884615384615 0.25961538461538464 0.018028846153846152 0.05048076923076923
1 0.34975961538461536 0.49278846153846156 0.03125 0.037259615384615384
4 0.43149038461538464 0.2848557692307692 0.019230769230769232 0.06009615384615385
4 0.5985576923076923 0.390625 0.015625 0.038461538461538464
2 0.6634615384615384 0.47836538461538464 0.018028846153846152 0.06971153846153846
2 0.6646634615384616 0.47596153846153844 0.013221153846153846 0.06009615384615385
2 0.6778846153846154 0.4807692307692308 0.013221153846153846 0.06610576923076923