1 0.056490384615384616 0.5576923076923077 0.10576923076923077 0.078125
1 0.06850961538461539 0.5673076923076923 0.08052884615384616 0.07451923076923077
1 0.12860576923076922 0.5432692307692307 0.040865384615384616 0.05889423076923077
1 0.14423076923076922 0.5408653846153846 0.06610576923076923 0.07211538461538461
1 0.16706730769230768 0.5456730769230769 0.028846153846153848 0.05889423076923077
1 0.29447115384615385 0.5564903846153846 0.08173076923076923 0.109375
10 0.5961538461538461 0.4891826923076923 0.31009615384615385 0.1778846153846154
10 0.6598557692307693 0.47475961538461536 0.35697115384615385 0.1658653846153846
1 0.6826923076923077 0.53125 0.08774038461538461 0.08052884615384616
1 0.6802884615384616 0.5336538461538461 0.06971153846153846 0.08653846153846154
1 0.7872596153846154 0.5324519230769231 0.056490384615384616 0.10096153846153846