1 0.24639423076923078 0.5336538461538461 0.08413461538461539 0.10697115384615384
1 0.296875 0.5288461538461539 0.052884615384615384 0.06971153846153846
1 0.3004807692307692 0.5264423076923077 0.04447115384615385 0.08413461538461539
1 0.33774038461538464 0.5192307692307693 0.046875 0.07451923076923077
1 0.34134615384615385 0.5132211538461539 0.05048076923076923 0.06490384615384616
1 0.36778846153846156 0.5144230769230769 0.019230769230769232 0.052884615384615384
1 0.38461538461538464 0.5096153846153846 0.021634615384615384 0.05048076923076923
1 0.4951923076923077 0.5036057692307693 0.046875 0.078125
4 0.5300480769230769 0.15504807692307693 0.03365384615384615 0.078125
1 0.5408653846153846 0.5060096153846154 0.021634615384615384 0.05889423076923077
1 0.5673076923076923 0.5072115384615384 0.04927884615384615 0.08413461538461539
4 0.7307692307692307 0.33653846153846156 0.027644230769230768 0.06490384615384616
4 0.734375 0.31971153846153844 0.025240384615384616 0.08774038461538461