1 0.03365384615384615 0.5649038461538461 0.06610576923076923 0.08173076923076923
1 0.07211538461538461 0.5673076923076923 0.040865384615384616 0.0625
1 0.07572115384615384 0.5685096153846154 0.04326923076923077 0.056490384615384616
1 0.19831730769230768 0.5492788461538461 0.07211538461538461 0.06971153846153846
1 0.26802884615384615 0.53125 0.03365384615384615 0.06610576923076923
7 0.27884615384615385 0.3449519230769231 0.03125 0.09014423076923077
1 0.3798076923076923 0.5588942307692307 0.14423076923076922 0.19951923076923078
1 0.45072115384615385 0.5516826923076923 0.08052884615384616 0.12259615384615384
4 0.5132211538461539 0.2247596153846154 0.02403846153846154 0.078125
1 0.5276442307692307 0.5408653846153846 0.038461538461538464 0.06850961538461539
1 0.5600961538461539 0.5528846153846154 0.06971153846153846 0.06490384615384616
3 0.6045673076923077 0.36658653846153844 0.021634615384615384 0.078125