1 0.04326923076923077 0.5216346153846154 0.08653846153846154 0.10336538461538461
1 0.04567307692307692 0.5168269230769231 0.09134615384615384 0.09134615384615384
1 0.12620192307692307 0.5132211538461539 0.07211538461538461 0.08052884615384616
1 0.12740384615384615 0.5168269230769231 0.05889423076923077 0.0625
1 0.33774038461538464 0.5 0.03365384615384615 0.03365384615384615
1 0.3389423076923077 0.5 0.025240384615384616 0.028846153846153848
1 0.37259615384615385 0.48677884615384615 0.027644230769230768 0.038461538461538464
1 0.4230769230769231 0.48677884615384615 0.02403846153846154 0.04326923076923077
1 0.4230769230769231 0.48677884615384615 0.019230769230769232 0.03485576923076923
6 0.45072115384615385 0.41466346153846156 0.015625 0.037259615384615384
7 0.4519230769230769 0.421875 0.019230769230769232 0.038461538461538464
3 0.53125 0.3737980769230769 0.018028846153846152 0.038461538461538464
1 0.5444711538461539 0.4963942307692308 0.02403846153846154 0.03125
8 0.5661057692307693 0.41947115384615385 0.015625 0.019230769230769232
6 0.5709134615384616 0.421875 0.013221153846153846 0.037259615384615384
8 0.6502403846153846 0.3713942307692308 0.018028846153846152 0.028846153846153848
6 0.6502403846153846 0.38822115384615385 0.015625 0.046875