10 0.0625 0.4807692307692308 0.125 0.171875
1 0.11658653846153846 0.5600961538461539 0.09735576923076923 0.10336538461538461
1 0.1814903846153846 0.48677884615384615 0.13822115384615385 0.1346153846153846
1 0.28365384615384615 0.6237980769230769 0.27403846153846156 0.3317307692307692
1 0.38341346153846156 0.49759615384615385 0.15865384615384615 0.2620192307692308
1 0.4338942307692308 0.5192307692307693 0.07572115384615384 0.25961538461538464
1 0.5168269230769231 0.5432692307692307 0.06610576923076923 0.078125
1 0.53125 0.5336538461538461 0.028846153846153848 0.109375
1 0.5817307692307693 0.5288461538461539 0.09975961538461539 0.14423076923076922
1 0.6538461538461539 0.5564903846153846 0.16947115384615385 0.17427884615384615
10 0.75 0.48197115384615385 0.11177884615384616 0.19951923076923078
1 0.7524038461538461 0.4795673076923077 0.09975961538461539 0.16826923076923078