1 0.055288461538461536 0.5612980769230769 0.06490384615384616 0.052884615384615384
1 0.10576923076923077 0.5540865384615384 0.038461538461538464 0.04927884615384615
1 0.3954326923076923 0.5504807692307693 0.09615384615384616 0.1346153846153846
1 0.5072115384615384 0.53125 0.038461538461538464 0.08653846153846154
1 0.5168269230769231 0.5336538461538461 0.055288461538461536 0.078125
1 0.5324519230769231 0.5552884615384616 0.038461538461538464 0.07451923076923077
1 0.5745192307692307 0.5384615384615384 0.10576923076923077 0.12860576923076922
1 0.5600961538461539 0.546875 0.037259615384615384 0.13701923076923078
1 0.6081730769230769 0.5504807692307693 0.07211538461538461 0.10697115384615384
1 0.5973557692307693 0.5733173076923077 0.040865384615384616 0.1466346153846154
1 0.7283653846153846 0.5697115384615384 0.24759615384615385 0.16947115384615385
1 0.7355769230769231 0.5733173076923077 0.24639423076923078 0.16346153846153846
2 0.7884615384615384 0.47115384615384615 0.021634615384615384 0.052884615384615384