1 0.18269230769230768 0.4951923076923077 0.056490384615384616 0.037259615384615384
1 0.18389423076923078 0.5084134615384616 0.05048076923076923 0.028846153846153848
1 0.3485576923076923 0.49759615384615385 0.08052884615384616 0.08052884615384616
4 0.4483173076923077 0.40384615384615385 0.013221153846153846 0.037259615384615384
4 0.4495192307692308 0.40625 0.013221153846153846 0.03125
4 0.4795673076923077 0.4050480769230769 0.018028846153846152 0.027644230769230768
4 0.4807692307692308 0.40865384615384615 0.013221153846153846 0.028846153846153848
1 0.5228365384615384 0.4831730769230769 0.038461538461538464 0.038461538461538464
4 0.5612980769230769 0.4483173076923077 0.018028846153846152 0.037259615384615384
0 0.6117788461538461 0.5 0.027644230769230768 0.08413461538461539
0 0.6129807692307693 0.49759615384615385 0.02403846153846154 0.08173076923076923