1 0.06610576923076923 0.5348557692307693 0.13221153846153846 0.0985576923076923
5 0.11778846153846154 0.46875 0.03485576923076923 0.08774038461538461
1 0.12139423076923077 0.48197115384615385 0.027644230769230768 0.03365384615384615
1 0.13701923076923078 0.5132211538461539 0.021634615384615384 0.04326923076923077
10 0.21754807692307693 0.4879807692307692 0.10096153846153846 0.19110576923076922
1 0.2692307692307692 0.49158653846153844 0.021634615384615384 0.06610576923076923
7 0.31490384615384615 0.42788461538461536 0.019230769230769232 0.04927884615384615
5 0.31490384615384615 0.43028846153846156 0.018028846153846152 0.05048076923076923
1 0.3425480769230769 0.48197115384615385 0.019230769230769232 0.04927884615384615
1 0.37740384615384615 0.5072115384615384 0.052884615384615384 0.08653846153846154
1 0.37740384615384615 0.46274038461538464 0.027644230769230768 0.021634615384615384
1 0.3798076923076923 0.4519230769230769 0.019230769230769232 0.025240384615384616
1 0.4423076923076923 0.5192307692307693 0.08653846153846154 0.13822115384615385
1 0.49278846153846156 0.47115384615384615 0.03485576923076923 0.04447115384615385
1 0.49158653846153844 0.4723557692307692 0.03365384615384615 0.04447115384615385
4 0.5132211538461539 0.3137019230769231 0.019230769230769232 0.055288461538461536
4 0.5144230769230769 0.31490384615384615 0.015625 0.04447115384615385
1 0.5408653846153846 0.48197115384615385 0.04326923076923077 0.04927884615384615
1 0.5793269230769231 0.49158653846153844 0.05048076923076923 0.04447115384615385
4 0.6346153846153846 0.40384615384615385 0.015625 0.037259615384615384
2 0.6382211538461539 0.48197115384615385 0.018028846153846152 0.06610576923076923
1 0.7692307692307693 0.49759615384615385 0.12139423076923077 0.06009615384615385