3 0.265625 0.40384615384615385 0.019230769230769232 0.056490384615384616
1 0.43990384615384615 0.5721153846153846 0.15985576923076922 0.21875
4 0.4567307692307692 0.4230769230769231 0.01201923076923077 0.05048076923076923
2 0.6862980769230769 0.5288461538461539 0.021634615384615384 0.06610576923076923
2 0.6850961538461539 0.5372596153846154 0.015625 0.07451923076923077
2 0.7055288461538461 0.5276442307692307 0.018028846153846152 0.06850961538461539
2 0.7055288461538461 0.5384615384615384 0.013221153846153846 0.06971153846153846
2 0.8040865384615384 0.49759615384615385 0.019230769230769232 0.06971153846153846
2 0.8064903846153846 0.5024038461538461 0.018028846153846152 0.08774038461538461
2 0.8233173076923077 0.5024038461538461 0.015625 0.08653846153846154
2 0.8305288461538461 0.5048076923076923 0.02403846153846154 0.09615384615384616
2 0.921875 0.5060096153846154 0.03125 0.1310096153846154
2 0.9807692307692307 0.5072115384615384 0.027644230769230768 0.12860576923076922