2 0.20793269230769232 0.53125 0.025240384615384616 0.06610576923076923
2 0.08653846153846154 0.5492788461538461 0.027644230769230768 0.09375
2 0.08774038461538461 0.546875 0.02403846153846154 0.07451923076923077
1 0.11658653846153846 0.5384615384615384 0.06009615384615385 0.078125
0 0.14903846153846154 0.5384615384615384 0.04447115384615385 0.09014423076923077
2 0.15264423076923078 0.5372596153846154 0.021634615384615384 0.08173076923076923
1 0.33052884615384615 0.6526442307692307 0.33052884615384615 0.41346153846153844
7 0.2800480769230769 0.2764423076923077 0.019230769230769232 0.0625
6 0.3894230769230769 0.2860576923076923 0.019230769230769232 0.07211538461538461
0 0.45552884615384615 0.5300480769230769 0.08413461538461539 0.1875
1 0.4807692307692308 0.5564903846153846 0.04927884615384615 0.140625
1 0.5901442307692307 0.5420673076923077 0.19110576923076922 0.11778846153846154
6 0.5637019230769231 0.40865384615384615 0.021634615384615384 0.0625
2 0.6490384615384616 0.5 0.021634615384615384 0.0625
0 0.6598557692307693 0.5048076923076923 0.027644230769230768 0.046875
0 0.84375 0.5432692307692307 0.11899038461538461 0.17548076923076922