1 0.40865384615384615 0.5600961538461539 0.09615384615384616 0.1310096153846154
4 0.39302884615384615 0.43509615384615385 0.013221153846153846 0.027644230769230768
4 0.3954326923076923 0.43509615384615385 0.01201923076923077 0.03125
4 0.43509615384615385 0.4423076923076923 0.013221153846153846 0.028846153846153848
4 0.43509615384615385 0.43990384615384615 0.009615384615384616 0.02403846153846154
4 0.47716346153846156 0.4807692307692308 0.013221153846153846 0.03125
4 0.48677884615384615 0.47836538461538464 0.009615384615384616 0.03365384615384615
4 0.48677884615384615 0.4723557692307692 0.009615384615384616 0.03485576923076923
2 0.4987980769230769 0.5372596153846154 0.01201923076923077 0.06610576923076923
2 0.5108173076923077 0.5336538461538461 0.009615384615384616 0.06610576923076923
2 0.5204326923076923 0.5384615384615384 0.013221153846153846 0.06610576923076923
2 0.5360576923076923 0.5372596153846154 0.01201923076923077 0.06610576923076923