1 0.17668269230769232 0.4963942307692308 0.08774038461538461 0.06850961538461539
1 0.31971153846153844 0.5096153846153846 0.07572115384615384 0.0625
1 0.4110576923076923 0.49158653846153844 0.038461538461538464 0.05048076923076923
1 0.41586538461538464 0.49158653846153844 0.028846153846153848 0.04447115384615385
1 0.4675480769230769 0.5012019230769231 0.03485576923076923 0.038461538461538464
10 0.5384615384615384 0.47475961538461536 0.03485576923076923 0.07451923076923077
3 0.5697115384615384 0.028846153846153848 0.025240384615384616 0.056490384615384616
3 0.5661057692307693 0.3605769230769231 0.01201923076923077 0.05048076923076923
6 0.6538461538461539 0.3557692307692308 0.013221153846153846 0.038461538461538464
1 0.7307692307692307 0.4855769230769231 0.10096153846153846 0.0625
6 0.7259615384615384 0.4050480769230769 0.015625 0.04326923076923077
6 0.7295673076923077 0.40865384615384615 0.013221153846153846 0.027644230769230768
6 0.8016826923076923 0.06971153846153846 0.02403846153846154 0.09014423076923077
0 0.9699519230769231 0.49278846153846156 0.027644230769230768 0.10096153846153846
2 0.9759615384615384 0.47716346153846156 0.028846153846153848 0.15384615384615385
2 0.9915865384615384 0.48197115384615385 0.01201923076923077 0.08413461538461539