1 0.8858173076923077 0.4699519230769231 0.04927884615384615 0.04927884615384615
1 0.2776442307692308 0.5084134615384616 0.05048076923076923 0.055288461538461536
1 0.2824519230769231 0.5060096153846154 0.05048076923076923 0.055288461538461536
1 0.3545673076923077 0.5120192307692307 0.10576923076923077 0.140625
1 0.42427884615384615 0.5084134615384616 0.04447115384615385 0.06971153846153846
1 0.4254807692307692 0.5024038461538461 0.04326923076923077 0.06850961538461539
4 0.45072115384615385 0.39783653846153844 0.013221153846153846 0.03485576923076923
5 0.45072115384615385 0.39903846153846156 0.013221153846153846 0.028846153846153848
4 0.5024038461538461 0.38341346153846156 0.018028846153846152 0.05048076923076923
4 0.5024038461538461 0.3870192307692308 0.015625 0.03125
3 0.5805288461538461 0.43509615384615385 0.018028846153846152 0.037259615384615384
4 0.5853365384615384 0.4423076923076923 0.019230769230769232 0.038461538461538464
3 0.6887019230769231 0.39302884615384615 0.019230769230769232 0.052884615384615384
4 0.6899038461538461 0.38822115384615385 0.018028846153846152 0.05889423076923077