1 0.0625 0.5540865384615384 0.125 0.11177884615384616
1 0.22115384615384615 0.5360576923076923 0.05048076923076923 0.05889423076923077
1 0.22355769230769232 0.5324519230769231 0.05048076923076923 0.04927884615384615
1 0.34615384615384615 0.5480769230769231 0.12259615384615384 0.17548076923076922
7 0.3641826923076923 0.44471153846153844 0.018028846153846152 0.04326923076923077
7 0.3629807692307692 0.44471153846153844 0.013221153846153846 0.04326923076923077
1 0.42427884615384615 0.5408653846153846 0.046875 0.125
6 0.4579326923076923 0.3954326923076923 0.015625 0.04927884615384615
6 0.45913461538461536 0.3894230769230769 0.01201923076923077 0.03125
6 0.49759615384615385 0.44591346153846156 0.015625 0.055288461538461536
6 0.4963942307692308 0.44711538461538464 0.01201923076923077 0.03485576923076923
6 0.5805288461538461 0.39783653846153844 0.02403846153846154 0.06850961538461539
6 0.5853365384615384 0.3918269230769231 0.019230769230769232 0.055288461538461536
1 0.8882211538461539 0.5084134615384616 0.19110576923076922 0.14302884615384615
1 0.8882211538461539 0.5036057692307693 0.18509615384615385 0.13221153846153846