1 0.921875 0.5733173076923077 0.15384615384615385 0.14302884615384615
1 0.028846153846153848 0.6334134615384616 0.052884615384615384 0.09735576923076923
1 0.08052884615384616 0.6201923076923077 0.052884615384615384 0.056490384615384616
1 0.16346153846153846 0.6081730769230769 0.03485576923076923 0.056490384615384616
1 0.1622596153846154 0.6045673076923077 0.028846153846153848 0.03125
1 0.24158653846153846 0.6274038461538461 0.15384615384615385 0.1778846153846154
1 0.49399038461538464 0.5600961538461539 0.04326923076923077 0.07451923076923077
1 0.5360576923076923 0.5588942307692307 0.0625 0.06610576923076923
1 0.5841346153846154 0.5600961538461539 0.11899038461538461 0.07211538461538461
1 0.6875 0.5661057692307693 0.1778846153846154 0.10697115384615384
1 0.8293269230769231 0.5528846153846154 0.08173076923076923 0.078125