1 0.038461538461538464 0.5576923076923077 0.07572115384615384 0.10576923076923077
1 0.037259615384615384 0.5600961538461539 0.07211538461538461 0.10336538461538461
1 0.09254807692307693 0.5528846153846154 0.05048076923076923 0.07211538461538461
1 0.09254807692307693 0.5540865384615384 0.040865384615384616 0.07211538461538461
1 0.1658653846153846 0.5516826923076923 0.07572115384615384 0.06971153846153846
1 0.20673076923076922 0.5516826923076923 0.04326923076923077 0.06009615384615385
1 0.20552884615384615 0.5576923076923077 0.025240384615384616 0.04927884615384615
1 0.5276442307692307 0.5528846153846154 0.03485576923076923 0.055288461538461536
1 0.5252403846153846 0.5564903846153846 0.03125 0.04326923076923077
1 0.5492788461538461 0.5504807692307693 0.028846153846153848 0.06850961538461539
1 0.5769230769230769 0.5600961538461539 0.05889423076923077 0.07211538461538461
1 0.5829326923076923 0.5600961538461539 0.0625 0.06850961538461539
1 0.6478365384615384 0.5685096153846154 0.10576923076923077 0.09975961538461539
1 0.7548076923076923 0.5769230769230769 0.09975961538461539 0.09615384615384616
1 0.8569711538461539 0.5793269230769231 0.11177884615384616 0.09615384615384616
1 0.953125 0.5889423076923077 0.08413461538461539 0.09134615384615384