1 0.20793269230769232 0.5288461538461539 0.05048076923076923 0.05889423076923077
1 0.21514423076923078 0.5264423076923077 0.052884615384615384 0.046875
1 0.34134615384615385 0.5372596153846154 0.14903846153846154 0.1935096153846154
7 0.36177884615384615 0.4326923076923077 0.018028846153846152 0.04326923076923077
7 0.3605769230769231 0.42908653846153844 0.013221153846153846 0.04326923076923077
1 0.4230769230769231 0.5408653846153846 0.052884615384615384 0.12860576923076922
6 0.46033653846153844 0.3786057692307692 0.018028846153846152 0.05889423076923077
6 0.46033653846153844 0.3762019230769231 0.01201923076923077 0.03125
6 0.5012019230769231 0.4411057692307692 0.021634615384615384 0.055288461538461536
6 0.49759615384615385 0.43509615384615385 0.01201923076923077 0.03485576923076923
6 0.5925480769230769 0.37740384615384615 0.02403846153846154 0.06850961538461539
6 0.5949519230769231 0.3762019230769231 0.021634615384615384 0.0625
1 0.9158653846153846 0.5024038461538461 0.16346153846153846 0.15384615384615385
1 0.9158653846153846 0.5060096153846154 0.16346153846153846 0.15625