10 0.06129807692307692 0.5504807692307693 0.12259615384615384 0.09375
1 0.06370192307692307 0.5528846153846154 0.12740384615384615 0.09134615384615384
2 0.05048076923076923 0.5637019230769231 0.028846153846153848 0.078125
10 0.13822115384615385 0.5432692307692307 0.07211538461538461 0.09014423076923077
1 0.13822115384615385 0.5480769230769231 0.07211538461538461 0.08653846153846154
6 0.13341346153846154 0.43028846153846156 0.027644230769230768 0.06971153846153846
10 0.20072115384615385 0.5384615384615384 0.0625 0.038461538461538464
1 0.19951923076923078 0.5612980769230769 0.06009615384615385 0.055288461538461536
1 0.30288461538461536 0.5637019230769231 0.07572115384615384 0.08774038461538461
1 0.33774038461538464 0.5564903846153846 0.03365384615384615 0.06610576923076923
1 0.49158653846153844 0.5540865384615384 0.028846153846153848 0.06610576923076923
1 0.515625 0.5516826923076923 0.06009615384615385 0.06971153846153846
3 0.5913461538461539 0.3858173076923077 0.028846153846153848 0.078125
6 0.8161057692307693 0.4387019230769231 0.025240384615384616 0.040865384615384616