1 0.9591346153846154 0.7079326923076923 0.078125 0.38822115384615385
1 0.24519230769230768 0.5036057692307693 0.056490384615384616 0.05889423076923077
1 0.24639423076923078 0.4987980769230769 0.055288461538461536 0.04927884615384615
1 0.29447115384615385 0.49278846153846156 0.05048076923076923 0.056490384615384616
1 0.2980769230769231 0.49278846153846156 0.052884615384615384 0.05048076923076923
1 0.34134615384615385 0.49158653846153844 0.028846153846153848 0.046875
1 0.40865384615384615 0.49038461538461536 0.056490384615384616 0.07572115384615384
1 0.4362980769230769 0.4879807692307692 0.03485576923076923 0.05048076923076923
1 0.546875 0.49278846153846156 0.038461538461538464 0.046875
1 0.5877403846153846 0.5192307692307693 0.03485576923076923 0.08173076923076923
1 0.6358173076923077 0.5144230769230769 0.08052884615384616 0.09735576923076923