1 0.13221153846153846 0.5480769230769231 0.1502403846153846 0.14302884615384615
1 0.23677884615384615 0.5180288461538461 0.07572115384615384 0.06850961538461539
1 0.23798076923076922 0.5144230769230769 0.07451923076923077 0.08653846153846154
1 0.29927884615384615 0.515625 0.046875 0.03125
1 0.35697115384615385 0.5144230769230769 0.040865384615384616 0.04447115384615385
1 0.3954326923076923 0.5096153846153846 0.027644230769230768 0.037259615384615384
1 0.43028846153846156 0.5060096153846154 0.04326923076923077 0.04447115384615385
6 0.46634615384615385 0.359375 0.018028846153846152 0.03485576923076923
1 0.5 0.5192307692307693 0.055288461538461536 0.06009615384615385
6 0.5336538461538461 0.4362980769230769 0.015625 0.038461538461538464
6 0.5360576923076923 0.3737980769230769 0.018028846153846152 0.040865384615384616
1 0.5432692307692307 0.5132211538461539 0.019230769230769232 0.0625
1 0.5612980769230769 0.5180288461538461 0.013221153846153846 0.05048076923076923
1 0.5877403846153846 0.5180288461538461 0.046875 0.07211538461538461
1 0.578125 0.5240384615384616 0.021634615384615384 0.0625
6 0.5757211538461539 0.46634615384615385 0.009615384615384616 0.028846153846153848
1 0.6322115384615384 0.53125 0.08413461538461539 0.08774038461538461
6 0.6213942307692307 0.44471153846153844 0.015625 0.040865384615384616
6 0.6478365384615384 0.42788461538461536 0.018028846153846152 0.03485576923076923
2 0.8341346153846154 0.5084134615384616 0.025240384615384616 0.08653846153846154
2 0.8341346153846154 0.4951923076923077 0.019230769230769232 0.06971153846153846
2 0.8810096153846154 0.5060096153846154 0.021634615384615384 0.078125
2 0.8834134615384616 0.49278846153846156 0.02403846153846154 0.08413461538461539