2 0.057692307692307696 0.5492788461538461 0.027644230769230768 0.08413461538461539
2 0.055288461538461536 0.5456730769230769 0.018028846153846152 0.08173076923076923
1 0.12259615384615384 0.5540865384615384 0.08052884615384616 0.10336538461538461
1 0.22716346153846154 0.5492788461538461 0.08052884615384616 0.11899038461538461
1 0.2824519230769231 0.5288461538461539 0.021634615384615384 0.04927884615384615
1 0.4014423076923077 0.5132211538461539 0.018028846153846152 0.04326923076923077
1 0.43509615384615385 0.5204326923076923 0.055288461538461536 0.06610576923076923
2 0.5048076923076923 0.515625 0.02403846153846154 0.10096153846153846
2 0.5048076923076923 0.5240384615384616 0.019230769230769232 0.11538461538461539
2 0.5252403846153846 0.5132211538461539 0.018028846153846152 0.11899038461538461
3 0.5805288461538461 0.31009615384615385 0.028846153846153848 0.09615384615384616
2 0.5865384615384616 0.5072115384615384 0.021634615384615384 0.09975961538461539
2 0.5913461538461539 0.5084134615384616 0.018028846153846152 0.10336538461538461
2 0.6069711538461539 0.49759615384615385 0.021634615384615384 0.09615384615384616
2 0.6081730769230769 0.49759615384615385 0.018028846153846152 0.10576923076923077
2 0.6298076923076923 0.49399038461538464 0.021634615384615384 0.11177884615384616
2 0.8341346153846154 0.49759615384615385 0.027644230769230768 0.14423076923076922
2 0.8353365384615384 0.49038461538461536 0.019230769230769232 0.1466346153846154
2 0.8413461538461539 0.48197115384615385 0.025240384615384616 0.15264423076923078
2 0.8461538461538461 0.47596153846153844 0.02403846153846154 0.1346153846153846
2 0.8557692307692307 0.49759615384615385 0.028846153846153848 0.14903846153846154
2 0.8786057692307693 0.49038461538461536 0.03125 0.16346153846153846
2 0.9170673076923077 0.47716346153846156 0.021634615384615384 0.15264423076923078
2 0.9206730769230769 0.48197115384615385 0.019230769230769232 0.14302884615384615
2 0.9483173076923077 0.4855769230769231 0.03125 0.18389423076923078
2 0.9591346153846154 0.4807692307692308 0.025240384615384616 0.14423076923076922