1 0.054086538461538464 0.5480769230769231 0.10697115384615384 0.171875
1 0.15504807692307693 0.5264423076923077 0.12139423076923077 0.12259615384615384
1 0.16947115384615385 0.5300480769230769 0.12740384615384615 0.15384615384615385
1 0.27403846153846156 0.5048076923076923 0.08653846153846154 0.11778846153846154
1 0.27403846153846156 0.4951923076923077 0.06971153846153846 0.09615384615384616
1 0.4963942307692308 0.4879807692307692 0.04927884615384615 0.09014423076923077
4 0.5120192307692307 0.38341346153846156 0.018028846153846152 0.040865384615384616
1 0.5805288461538461 0.49278846153846156 0.037259615384615384 0.052884615384615384
1 0.5793269230769231 0.48197115384615385 0.03365384615384615 0.07451923076923077
1 0.6009615384615384 0.5024038461538461 0.02403846153846154 0.08653846153846154
1 0.6670673076923077 0.47836538461538464 0.12259615384615384 0.1971153846153846