1 0.07932692307692307 0.5685096153846154 0.09014423076923077 0.06610576923076923
1 0.07572115384615384 0.5697115384615384 0.078125 0.06971153846153846
1 0.14302884615384615 0.5588942307692307 0.06850961538461539 0.052884615384615384
1 0.14783653846153846 0.5552884615384616 0.055288461538461536 0.06971153846153846
1 0.2536057692307692 0.5540865384615384 0.056490384615384616 0.06971153846153846
1 0.3293269230769231 0.5324519230769231 0.04326923076923077 0.055288461538461536
1 0.3317307692307692 0.5288461538461539 0.04447115384615385 0.055288461538461536
1 0.46153846153846156 0.5961538461538461 0.25961538461538464 0.296875
6 0.44711538461538464 0.42908653846153844 0.01201923076923077 0.03485576923076923
1 0.6213942307692307 0.49158653846153844 0.04326923076923077 0.040865384615384616
2 0.7055288461538461 0.5144230769230769 0.01201923076923077 0.09735576923076923