1 0.04927884615384615 0.6298076923076923 0.09735576923076923 0.15384615384615385
1 0.1935096153846154 0.5480769230769231 0.03485576923076923 0.055288461538461536
1 0.22596153846153846 0.5420673076923077 0.03125 0.055288461538461536
2 0.2439903846153846 0.5432692307692307 0.018028846153846152 0.06009615384615385
1 0.35697115384615385 0.5384615384615384 0.03485576923076923 0.03365384615384615
1 0.37740384615384615 0.5324519230769231 0.025240384615384616 0.038461538461538464
1 0.4723557692307692 0.5360576923076923 0.03485576923076923 0.0625
1 0.48677884615384615 0.5492788461538461 0.04447115384615385 0.06850961538461539
1 0.5132211538461539 0.5600961538461539 0.027644230769230768 0.09615384615384616
1 0.5408653846153846 0.5709134615384616 0.05889423076923077 0.12740384615384615
1 0.6334134615384616 0.5745192307692307 0.18389423076923078 0.2283653846153846