2 0.7439903846153846 0.5396634615384616 0.025240384615384616 0.08653846153846154
2 0.7043269230769231 0.5360576923076923 0.025240384615384616 0.08413461538461539
1 0.025240384615384616 0.5673076923076923 0.04927884615384615 0.11899038461538461
1 0.9254807692307693 0.5913461538461539 0.14423076923076922 0.36538461538461536
1 0.04927884615384615 0.5600961538461539 0.052884615384615384 0.10697115384615384
1 0.13341346153846154 0.5456730769230769 0.06490384615384616 0.078125
1 0.13341346153846154 0.5408653846153846 0.046875 0.06850961538461539
1 0.22115384615384615 0.5360576923076923 0.06009615384615385 0.06850961538461539
1 0.33052884615384615 0.546875 0.12860576923076922 0.16346153846153846
1 0.4338942307692308 0.5276442307692307 0.056490384615384616 0.11177884615384616
1 0.44711538461538464 0.5504807692307693 0.025240384615384616 0.07211538461538461
1 0.49278846153846156 0.5276442307692307 0.08774038461538461 0.13822115384615385
1 0.6069711538461539 0.5540865384615384 0.16826923076923078 0.140625