1 0.0673076923076923 0.6286057692307693 0.1346153846153846 0.32211538461538464
10 0.07692307692307693 0.4795673076923077 0.140625 0.11899038461538461
1 0.15865384615384615 0.5516826923076923 0.052884615384615384 0.06610576923076923
1 0.3004807692307692 0.6442307692307693 0.3125 0.39302884615384615
7 0.3389423076923077 0.2439903846153846 0.019230769230769232 0.06490384615384616
6 0.4651442307692308 0.27524038461538464 0.019230769230769232 0.06009615384615385
10 0.49158653846153844 0.4963942307692308 0.06971153846153846 0.11899038461538461
2 0.5697115384615384 0.5240384615384616 0.02403846153846154 0.09134615384615384
6 0.6394230769230769 0.3918269230769231 0.018028846153846152 0.0625
1 0.8774038461538461 0.5444711538461539 0.2403846153846154 0.6598557692307693
0 0.7980769230769231 0.49759615384615385 0.028846153846153848 0.08413461538461539