1 0.16105769230769232 0.5925480769230769 0.12259615384615384 0.1310096153846154
4 0.1875 0.4206730769230769 0.02403846153846154 0.05048076923076923
4 0.1875 0.421875 0.021634615384615384 0.06009615384615385
2 0.2247596153846154 0.5456730769230769 0.019230769230769232 0.038461538461538464
1 0.27884615384615385 0.5709134615384616 0.040865384615384616 0.055288461538461536
1 0.33413461538461536 0.5661057692307693 0.06971153846153846 0.09375
1 0.3858173076923077 0.5528846153846154 0.028846153846153848 0.04447115384615385
1 0.45552884615384615 0.5673076923076923 0.11538461538461539 0.17548076923076922
1 0.5180288461538461 0.5384615384615384 0.019230769230769232 0.046875
4 0.6057692307692307 0.40024038461538464 0.019230769230769232 0.06971153846153846
2 0.6165865384615384 0.5336538461538461 0.021634615384615384 0.08774038461538461
2 0.6394230769230769 0.5288461538461539 0.025240384615384616 0.09014423076923077
2 0.6382211538461539 0.5288461538461539 0.015625 0.08052884615384616
2 0.6550480769230769 0.5240384615384616 0.021634615384615384 0.08052884615384616
2 0.6935096153846154 0.5192307692307693 0.018028846153846152 0.09014423076923077
2 0.703125 0.5264423076923077 0.013221153846153846 0.08052884615384616
2 0.9194711538461539 0.4951923076923077 0.025240384615384616 0.11899038461538461
1 0.9591346153846154 0.53125 0.07451923076923077 0.07211538461538461
2 0.9603365384615384 0.484375 0.025240384615384616 0.07451923076923077