2 0.025240384615384616 0.5649038461538461 0.04927884615384615 0.1502403846153846
2 0.0829326923076923 0.5396634615384616 0.013221153846153846 0.06971153846153846
1 0.12259615384615384 0.5540865384615384 0.08052884615384616 0.10336538461538461
1 0.22716346153846154 0.5492788461538461 0.08052884615384616 0.11899038461538461
1 0.2824519230769231 0.5288461538461539 0.021634615384615384 0.04927884615384615
1 0.4014423076923077 0.5132211538461539 0.018028846153846152 0.04326923076923077
1 0.43509615384615385 0.5204326923076923 0.055288461538461536 0.06490384615384616
2 0.47115384615384615 0.5264423076923077 0.021634615384615384 0.12740384615384615
3 0.5805288461538461 0.3088942307692308 0.028846153846153848 0.09375
2 0.6033653846153846 0.49759615384615385 0.02403846153846154 0.10576923076923077
1 0.8569711538461539 0.5180288461538461 0.26802884615384615 0.16826923076923078
2 0.828125 0.43990384615384615 0.02403846153846154 0.05048076923076923
2 0.8293269230769231 0.46153846153846156 0.02403846153846154 0.07211538461538461
2 0.8341346153846154 0.4362980769230769 0.019230769230769232 0.038461538461538464
2 0.8413461538461539 0.4423076923076923 0.02403846153846154 0.038461538461538464
2 0.8665865384615384 0.4362980769230769 0.025240384615384616 0.04326923076923077
2 0.8774038461538461 0.43509615384615385 0.03365384615384615 0.055288461538461536
2 0.9146634615384616 0.4338942307692308 0.02403846153846154 0.05048076923076923
2 0.9146634615384616 0.43509615384615385 0.02403846153846154 0.046875
2 0.9194711538461539 0.42427884615384615 0.013221153846153846 0.04326923076923077
2 0.9423076923076923 0.43509615384615385 0.03365384615384615 0.07451923076923077