2 0.45072115384615385 0.5552884615384616 0.052884615384615384 0.1814903846153846
2 0.48197115384615385 0.5432692307692307 0.04447115384615385 0.16947115384615385
2 0.4807692307692308 0.546875 0.028846153846153848 0.17427884615384615
2 0.5192307692307693 0.5348557692307693 0.04447115384615385 0.1935096153846154
2 0.5444711538461539 0.5480769230769231 0.040865384615384616 0.1814903846153846
1 0.6045673076923077 0.5336538461538461 0.13701923076923078 0.15264423076923078
1 0.6826923076923077 0.5084134615384616 0.027644230769230768 0.05048076923076923
1 0.7487980769230769 0.48677884615384615 0.1310096153846154 0.07211538461538461
2 0.7319711538461539 0.5108173076923077 0.028846153846153848 0.11538461538461539
1 0.8088942307692307 0.4891826923076923 0.09975961538461539 0.07572115384615384
1 0.8521634615384616 0.4891826923076923 0.10336538461538461 0.08173076923076923
1 0.875 0.4951923076923077 0.052884615384615384 0.078125