1 0.29447115384615385 0.49759615384615385 0.04447115384615385 0.052884615384615384
1 0.296875 0.4963942307692308 0.037259615384615384 0.04447115384615385
1 0.33774038461538464 0.49278846153846156 0.03365384615384615 0.056490384615384616
1 0.4375 0.484375 0.025240384615384616 0.055288461538461536
1 0.49759615384615385 0.5024038461538461 0.09134615384615384 0.11778846153846154
4 0.5132211538461539 0.27403846153846156 0.019230769230769232 0.06850961538461539
4 0.6286057692307693 0.37740384615384615 0.019230769230769232 0.05048076923076923
4 0.6274038461538461 0.39663461538461536 0.01201923076923077 0.037259615384615384
1 0.8305288461538461 0.4855769230769231 0.09375 0.08653846153846154
1 0.8137019230769231 0.49759615384615385 0.06009615384615385 0.07572115384615384
1 0.9206730769230769 0.4807692307692308 0.15384615384615385 0.1310096153846154