1 0.8389423076923077 0.4879807692307692 0.125 0.08052884615384616
10 0.08173076923076923 0.41466346153846156 0.16346153846153846 0.109375
1 0.1310096153846154 0.5564903846153846 0.25 0.25600961538461536
1 0.06009615384615385 0.49759615384615385 0.07572115384615384 0.09615384615384616
7 0.24759615384615385 0.34975961538461536 0.02403846153846154 0.0625
3 0.2536057692307692 0.33533653846153844 0.019230769230769232 0.05048076923076923
1 0.3245192307692308 0.49158653846153844 0.07572115384615384 0.09014423076923077
3 0.30528846153846156 0.3545673076923077 0.019230769230769232 0.06490384615384616
1 0.47115384615384615 0.5769230769230769 0.27884615384615385 0.33653846153846156
4 0.38221153846153844 0.35697115384615385 0.019230769230769232 0.056490384615384616
3 0.3894230769230769 0.33774038461538464 0.018028846153846152 0.046875
4 0.44471153846153844 0.3605769230769231 0.03365384615384615 0.07572115384615384
6 0.44591346153846156 0.34134615384615385 0.018028846153846152 0.05048076923076923
4 0.5697115384615384 0.41466346153846156 0.018028846153846152 0.06009615384615385
4 0.5697115384615384 0.40865384615384615 0.018028846153846152 0.04447115384615385