1 0.12860576923076922 0.5456730769230769 0.234375 0.18509615384615385
1 0.27884615384615385 0.5600961538461539 0.10576923076923077 0.109375
10 0.29927884615384615 0.48677884615384615 0.10576923076923077 0.09615384615384616
1 0.3581730769230769 0.5432692307692307 0.07211538461538461 0.09615384615384616
1 0.40384615384615385 0.5384615384615384 0.046875 0.06971153846153846
1 0.41346153846153844 0.546875 0.056490384615384616 0.06610576923076923
1 0.5384615384615384 0.5204326923076923 0.08653846153846154 0.11899038461538461
1 0.6298076923076923 0.5300480769230769 0.04927884615384615 0.06009615384615385
1 0.6838942307692307 0.5300480769230769 0.027644230769230768 0.0625
1 0.7019230769230769 0.5372596153846154 0.025240384615384616 0.07572115384615384
1 0.7235576923076923 0.5384615384615384 0.025240384615384616 0.10576923076923077
1 0.7379807692307693 0.5444711538461539 0.027644230769230768 0.109375
1 0.7944711538461539 0.5576923076923077 0.11177884615384616 0.11538461538461539