1 0.11177884615384616 0.5877403846153846 0.22115384615384615 0.2247596153846154
1 0.24519230769230768 0.5180288461538461 0.09735576923076923 0.06610576923076923
1 0.30288461538461536 0.5072115384615384 0.025240384615384616 0.056490384615384616
1 0.4206730769230769 0.5372596153846154 0.10096153846153846 0.125
2 0.49278846153846156 0.5144230769230769 0.013221153846153846 0.078125
2 0.5108173076923077 0.5168269230769231 0.015625 0.07451923076923077
2 0.5841346153846154 0.5096153846153846 0.019230769230769232 0.056490384615384616
2 0.6045673076923077 0.5072115384615384 0.015625 0.09014423076923077
2 0.6225961538461539 0.5132211538461539 0.01201923076923077 0.08774038461538461
2 0.6358173076923077 0.5120192307692307 0.013221153846153846 0.08413461538461539
1 0.8449519230769231 0.5685096153846154 0.30649038461538464 0.35336538461538464