1 0.046875 0.5600961538461539 0.08774038461538461 0.09975961538461539
1 0.1201923076923077 0.5540865384615384 0.08653846153846154 0.08774038461538461
1 0.1201923076923077 0.5540865384615384 0.06850961538461539 0.08052884615384616
1 0.18870192307692307 0.5444711538461539 0.06009615384615385 0.05889423076923077
1 0.23197115384615385 0.5324519230769231 0.028846153846153848 0.055288461538461536
1 0.26802884615384615 0.5360576923076923 0.03125 0.038461538461538464
1 0.2920673076923077 0.5288461538461539 0.019230769230769232 0.03485576923076923
1 0.39783653846153844 0.5673076923076923 0.12740384615384615 0.1778846153846154
1 0.5252403846153846 0.5252403846153846 0.038461538461538464 0.125
1 0.5300480769230769 0.5180288461538461 0.03485576923076923 0.078125
1 0.5649038461538461 0.5336538461538461 0.03125 0.08173076923076923
1 0.7800480769230769 0.5180288461538461 0.34975961538461536 0.23076923076923078