1 0.07572115384615384 0.5492788461538461 0.1502403846153846 0.18389423076923078
1 0.30408653846153844 0.5288461538461539 0.037259615384615384 0.046875
1 0.28365384615384615 0.5372596153846154 0.038461538461538464 0.052884615384615384
1 0.24158653846153846 0.5396634615384616 0.06490384615384616 0.06490384615384616
1 0.18028846153846154 0.5564903846153846 0.08173076923076923 0.09014423076923077
3 0.016826923076923076 0.3581730769230769 0.03125 0.09975961538461539
2 0.44350961538461536 0.5144230769230769 0.01201923076923077 0.037259615384615384
1 0.5048076923076923 0.5252403846153846 0.056490384615384616 0.09375
3 0.5192307692307693 0.31971153846153844 0.03485576923076923 0.10336538461538461
2 0.5985576923076923 0.5108173076923077 0.03365384615384615 0.109375
2 0.6021634615384616 0.5084134615384616 0.028846153846153848 0.11899038461538461
2 0.6382211538461539 0.5204326923076923 0.052884615384615384 0.11538461538461539
2 0.6298076923076923 0.5144230769230769 0.025240384615384616 0.09615384615384616
2 0.6911057692307693 0.5 0.05048076923076923 0.1346153846153846
2 0.6850961538461539 0.4987980769230769 0.03365384615384615 0.11538461538461539
2 0.8605769230769231 0.4807692307692308 0.03485576923076923 0.1466346153846154