5 0.11658653846153846 0.4230769230769231 0.056490384615384616 0.17548076923076922
1 0.056490384615384616 0.5552884615384616 0.08052884615384616 0.08774038461538461
10 0.21634615384615385 0.5180288461538461 0.1346153846153846 0.12860576923076922
1 0.28846153846153844 0.5673076923076923 0.16346153846153846 0.14423076923076922
10 0.3557692307692308 0.5108173076923077 0.05048076923076923 0.07211538461538461
3 0.39663461538461536 0.4182692307692308 0.01201923076923077 0.038461538461538464
1 0.46634615384615385 0.5240384615384616 0.02403846153846154 0.037259615384615384
1 0.4951923076923077 0.53125 0.05048076923076923 0.0625
1 0.5300480769230769 0.5180288461538461 0.02403846153846154 0.052884615384615384
1 0.5588942307692307 0.5252403846153846 0.04447115384615385 0.0625
3 0.5649038461538461 0.31490384615384615 0.018028846153846152 0.06009615384615385
1 0.6298076923076923 0.5384615384615384 0.08774038461538461 0.08653846153846154
4 0.6935096153846154 0.4182692307692308 0.013221153846153846 0.04326923076923077
1 0.8413461538461539 0.5649038461538461 0.21153846153846154 0.1778846153846154