6 0.08173076923076923 0.078125 0.16346153846153846 0.15625
6 0.06490384615384616 0.0673076923076923 0.07572115384615384 0.125
1 0.08774038461538461 0.5252403846153846 0.037259615384615384 0.052884615384615384
1 0.09375 0.4987980769230769 0.040865384615384616 0.03125
1 0.17067307692307693 0.5024038461538461 0.10096153846153846 0.0625
1 0.21995192307692307 0.5132211538461539 0.05889423076923077 0.07451923076923077
1 0.2704326923076923 0.5240384615384616 0.10336538461538461 0.08052884615384616
1 0.34134615384615385 0.5180288461538461 0.07211538461538461 0.07451923076923077
1 0.3918269230769231 0.4987980769230769 0.027644230769230768 0.03485576923076923
1 0.40384615384615385 0.49759615384615385 0.037259615384615384 0.03365384615384615
1 0.43028846153846156 0.5024038461538461 0.03125 0.046875
1 0.4326923076923077 0.49038461538461536 0.025240384615384616 0.038461538461538464
1 0.47475961538461536 0.4951923076923077 0.027644230769230768 0.037259615384615384
1 0.5396634615384616 0.49399038461538464 0.025240384615384616 0.040865384615384616
3 0.5685096153846154 0.3605769230769231 0.02403846153846154 0.0625
3 0.5733173076923077 0.030048076923076924 0.027644230769230768 0.056490384615384616
6 0.5661057692307693 0.3641826923076923 0.013221153846153846 0.040865384615384616
6 0.6526442307692307 0.35697115384615385 0.009615384615384616 0.038461538461538464
6 0.8004807692307693 0.07692307692307693 0.05048076923076923 0.11778846153846154
6 0.8016826923076923 0.07692307692307693 0.027644230769230768 0.09014423076923077
1 0.8112980769230769 0.4963942307692308 0.03125 0.05889423076923077
1 0.8617788461538461 0.49158653846153844 0.08653846153846154 0.055288461538461536
2 0.9615384615384616 0.49278846153846156 0.02403846153846154 0.09975961538461539