1 0.08173076923076923 0.5709134615384616 0.16346153846153846 0.1466346153846154
2 0.15985576923076922 0.5132211538461539 0.02403846153846154 0.06490384615384616
2 0.18389423076923078 0.5276442307692307 0.018028846153846152 0.07211538461538461
2 0.1971153846153846 0.5324519230769231 0.013221153846153846 0.06850961538461539
2 0.21514423076923078 0.5264423076923077 0.019230769230769232 0.06610576923076923
4 0.23798076923076922 0.4182692307692308 0.018028846153846152 0.05048076923076923
1 0.2848557692307692 0.5204326923076923 0.06610576923076923 0.078125
1 0.38461538461538464 0.6069711538461539 0.21634615384615385 0.25
1 0.46153846153846156 0.5432692307692307 0.10697115384615384 0.17548076923076922
1 0.5685096153846154 0.5240384615384616 0.12139423076923077 0.10697115384615384
4 0.5252403846153846 0.40024038461538464 0.019230769230769232 0.05889423076923077
2 0.578125 0.5336538461538461 0.028846153846153848 0.125
2 0.5925480769230769 0.53125 0.015625 0.15625
2 0.6129807692307693 0.5228365384615384 0.03365384615384615 0.12860576923076922
2 0.6598557692307693 0.5120192307692307 0.025240384615384616 0.09615384615384616
2 0.7992788461538461 0.5 0.052884615384615384 0.08052884615384616