1 0.15264423076923078 0.5661057692307693 0.10336538461538461 0.06009615384615385
5 0.25240384615384615 0.5024038461538461 0.021634615384615384 0.06009615384615385
1 0.3016826923076923 0.5588942307692307 0.08653846153846154 0.08774038461538461
1 0.30288461538461536 0.5600961538461539 0.07572115384615384 0.08774038461538461
1 0.38822115384615385 0.5697115384615384 0.12139423076923077 0.17548076923076922
5 0.4423076923076923 0.4879807692307692 0.01201923076923077 0.04326923076923077
1 0.49278846153846156 0.5384615384615384 0.03125 0.04326923076923077
1 0.49399038461538464 0.5372596153846154 0.03125 0.05048076923076923
4 0.5985576923076923 0.3870192307692308 0.021634615384615384 0.05048076923076923
4 0.5973557692307693 0.37740384615384615 0.01201923076923077 0.040865384615384616
4 0.7055288461538461 0.46153846153846156 0.01201923076923077 0.03365384615384615
1 0.9074519230769231 0.5492788461538461 0.15384615384615385 0.13221153846153846