1 0.11298076923076923 0.5637019230769231 0.06850961538461539 0.078125
1 0.11899038461538461 0.5600961538461539 0.07572115384615384 0.07572115384615384
1 0.17668269230769232 0.5444711538461539 0.04927884615384615 0.052884615384615384
1 0.16826923076923078 0.5432692307692307 0.03125 0.040865384615384616
1 0.20072115384615385 0.5348557692307693 0.038461538461538464 0.027644230769230768
1 0.3629807692307692 0.5084134615384616 0.025240384615384616 0.052884615384615384
1 0.39663461538461536 0.5132211538461539 0.04326923076923077 0.06490384615384616
4 0.4170673076923077 0.19471153846153846 0.03485576923076923 0.09375
4 0.41466346153846156 0.2127403846153846 0.03125 0.078125
4 0.6802884615384616 0.31490384615384615 0.03125 0.07572115384615384
4 0.6778846153846154 0.3269230769230769 0.018028846153846152 0.055288461538461536