1 0.1814903846153846 0.6165865384615384 0.3629807692307692 0.6069711538461539
7 0.34615384615384615 0.4098557692307692 0.021634615384615384 0.038461538461538464
7 0.34615384615384615 0.43149038461538464 0.019230769230769232 0.06971153846153846
1 0.4110576923076923 0.59375 0.09735576923076923 0.24278846153846154
6 0.47596153846153844 0.35216346153846156 0.025240384615384616 0.0625
6 0.47475961538461536 0.35336538461538464 0.015625 0.046875
1 0.5096153846153846 0.5360576923076923 0.055288461538461536 0.0625
1 0.5108173076923077 0.5372596153846154 0.03125 0.038461538461538464
6 0.5252403846153846 0.43149038461538464 0.018028846153846152 0.052884615384615384
2 0.6658653846153846 0.5276442307692307 0.015625 0.07451923076923077
2 0.6935096153846154 0.5264423076923077 0.01201923076923077 0.0625
6 0.7055288461538461 0.31009615384615385 0.03365384615384615 0.10697115384615384
1 0.8689903846153846 0.5540865384615384 0.04326923076923077 0.06971153846153846
1 0.9266826923076923 0.5504807692307693 0.06610576923076923 0.08653846153846154
1 0.9759615384615384 0.5360576923076923 0.04447115384615385 0.11538461538461539