2 0.8605769230769231 0.43990384615384615 0.046875 0.20552884615384615
1 0.11658653846153846 0.5276442307692307 0.06610576923076923 0.04927884615384615
1 0.16947115384615385 0.5240384615384616 0.08052884615384616 0.04326923076923077
2 0.16346153846153846 0.5288461538461539 0.019230769230769232 0.07451923076923077
2 0.16466346153846154 0.5216346153846154 0.018028846153846152 0.052884615384615384
10 0.22596153846153846 0.4987980769230769 0.09014423076923077 0.0625
0 0.3293269230769231 0.5144230769230769 0.027644230769230768 0.052884615384615384
7 0.44711538461538464 0.4423076923076923 0.013221153846153846 0.040865384615384616
7 0.4495192307692308 0.44471153846153844 0.018028846153846152 0.04326923076923077
1 0.5072115384615384 0.4855769230769231 0.046875 0.05889423076923077
1 0.5480769230769231 0.49278846153846156 0.037259615384615384 0.028846153846153848
1 0.5480769230769231 0.49759615384615385 0.03365384615384615 0.037259615384615384
1 0.5877403846153846 0.46274038461538464 0.05889423076923077 0.078125
10 0.5961538461538461 0.4639423076923077 0.06490384615384616 0.08653846153846154
2 0.6706730769230769 0.49278846153846156 0.02403846153846154 0.09014423076923077
2 0.7223557692307693 0.47596153846153844 0.03365384615384615 0.1466346153846154
2 0.7235576923076923 0.47115384615384615 0.02403846153846154 0.11899038461538461