1 0.015625 0.5865384615384616 0.03125 0.16947115384615385
1 0.08653846153846154 0.5793269230769231 0.13221153846153846 0.1814903846153846
10 0.07572115384615384 0.5024038461538461 0.10697115384615384 0.08653846153846154
1 0.28365384615384615 0.5913461538461539 0.33052884615384615 0.42427884615384615
3 0.31850961538461536 0.3293269230769231 0.018028846153846152 0.05048076923076923
6 0.41346153846153844 0.32572115384615385 0.018028846153846152 0.04447115384615385
1 0.49399038461538464 0.5204326923076923 0.025240384615384616 0.04447115384615385
6 0.49158653846153844 0.32572115384615385 0.018028846153846152 0.05048076923076923
1 0.5288461538461539 0.5192307692307693 0.021634615384615384 0.037259615384615384
1 0.5456730769230769 0.5276442307692307 0.038461538461538464 0.055288461538461536
1 0.6911057692307693 0.5637019230769231 0.15625 0.17427884615384615
2 0.6310096153846154 0.5180288461538461 0.019230769230769232 0.056490384615384616
2 0.6322115384615384 0.5132211538461539 0.013221153846153846 0.038461538461538464
6 0.6802884615384616 0.41586538461538464 0.015625 0.04447115384615385
10 0.8617788461538461 0.4795673076923077 0.203125 0.1346153846153846
1 0.9242788461538461 0.5204326923076923 0.1466346153846154 0.08173076923076923
6 0.9302884615384616 0.25240384615384615 0.04927884615384615 0.14903846153846154
2 0.9543269230769231 0.5420673076923077 0.028846153846153848 0.11899038461538461