1 0.9663461538461539 0.5877403846153846 0.06490384615384616 0.18389423076923078
2 0.05048076923076923 0.5564903846153846 0.028846153846153848 0.09014423076923077
2 0.052884615384615384 0.5612980769230769 0.025240384615384616 0.07572115384615384
1 0.1346153846153846 0.5456730769230769 0.06971153846153846 0.07451923076923077
6 0.13701923076923078 0.4170673076923077 0.021634615384615384 0.0625
1 0.1971153846153846 0.5540865384615384 0.05889423076923077 0.06009615384615385
1 0.20072115384615385 0.5264423076923077 0.04927884615384615 0.038461538461538464
1 0.30288461538461536 0.5576923076923077 0.06850961538461539 0.08173076923076923
1 0.3798076923076923 0.5456730769230769 0.02403846153846154 0.040865384615384616
1 0.5144230769230769 0.5564903846153846 0.055288461538461536 0.0625
3 0.5961538461538461 0.3858173076923077 0.02403846153846154 0.07211538461538461