1 0.030048076923076924 0.5264423076923077 0.06009615384615385 0.05048076923076923
1 0.08052884615384616 0.5180288461538461 0.046875 0.038461538461538464
1 0.12620192307692307 0.5180288461538461 0.06490384615384616 0.06610576923076923
1 0.12740384615384615 0.5192307692307693 0.056490384615384616 0.06009615384615385
1 0.22355769230769232 0.5300480769230769 0.06610576923076923 0.08413461538461539
1 0.22235576923076922 0.5300480769230769 0.0625 0.08774038461538461
1 0.265625 0.5264423076923077 0.028846153846153848 0.056490384615384616
1 0.3605769230769231 0.5685096153846154 0.12139423076923077 0.15985576923076922
7 0.33774038461538464 0.3557692307692308 0.018028846153846152 0.04326923076923077
3 0.33774038461538464 0.35096153846153844 0.013221153846153846 0.03365384615384615
4 0.39903846153846156 0.35336538461538464 0.018028846153846152 0.040865384615384616
4 0.39903846153846156 0.3557692307692308 0.01201923076923077 0.038461538461538464
1 0.4326923076923077 0.5276442307692307 0.05048076923076923 0.12860576923076922
1 0.46634615384615385 0.5168269230769231 0.027644230769230768 0.06610576923076923
1 0.46634615384615385 0.5180288461538461 0.02403846153846154 0.05889423076923077
1 0.49038461538461536 0.5072115384615384 0.03365384615384615 0.046875
4 0.49158653846153844 0.42427884615384615 0.01201923076923077 0.028846153846153848
4 0.5060096153846154 0.40384615384615385 0.013221153846153846 0.04326923076923077
1 0.96875 0.5 0.05889423076923077 0.0625