1 0.10697115384615384 0.5276442307692307 0.12740384615384615 0.1346153846153846
1 0.11057692307692307 0.5192307692307693 0.10697115384615384 0.11177884615384616
1 0.1935096153846154 0.5180288461538461 0.06850961538461539 0.06490384615384616
1 0.19471153846153846 0.5192307692307693 0.056490384615384616 0.08413461538461539
1 0.25600961538461536 0.5144230769230769 0.06009615384615385 0.06610576923076923
1 0.2608173076923077 0.515625 0.056490384615384616 0.06610576923076923
1 0.3629807692307692 0.48677884615384615 0.027644230769230768 0.03485576923076923
1 0.3798076923076923 0.48677884615384615 0.013221153846153846 0.028846153846153848
1 0.3918269230769231 0.4879807692307692 0.015625 0.03125
1 0.44591346153846156 0.48677884615384615 0.02403846153846154 0.037259615384615384
1 0.48677884615384615 0.4831730769230769 0.02403846153846154 0.03125
1 0.5252403846153846 0.4855769230769231 0.019230769230769232 0.027644230769230768
1 0.5420673076923077 0.4951923076923077 0.03485576923076923 0.055288461538461536
1 0.5492788461538461 0.48677884615384615 0.04326923076923077 0.04447115384615385