1 0.03245192307692308 0.5709134615384616 0.06490384615384616 0.09975961538461539
1 0.8798076923076923 0.6538461538461539 0.23677884615384615 0.34375
1 0.1045673076923077 0.5600961538461539 0.08173076923076923 0.10096153846153846
1 0.10697115384615384 0.5612980769230769 0.08173076923076923 0.08413461538461539
1 0.1622596153846154 0.5552884615384616 0.0625 0.08173076923076923
1 0.16947115384615385 0.5504807692307693 0.05048076923076923 0.07572115384615384
1 0.3485576923076923 0.5288461538461539 0.055288461538461536 0.0625
1 0.39783653846153844 0.515625 0.040865384615384616 0.05889423076923077
1 0.546875 0.5120192307692307 0.055288461538461536 0.12259615384615384
1 0.5997596153846154 0.53125 0.07451923076923077 0.15625
1 0.7043269230769231 0.5576923076923077 0.140625 0.21875