2 0.04447115384615385 0.5024038461538461 0.021634615384615384 0.078125
4 0.0889423076923077 0.31490384615384615 0.021634615384615384 0.08413461538461539
1 0.4807692307692308 0.49399038461538464 0.021634615384615384 0.03125
1 0.5444711538461539 0.49759615384615385 0.040865384615384616 0.08052884615384616
1 0.5384615384615384 0.49759615384615385 0.018028846153846152 0.056490384615384616
1 0.5757211538461539 0.5252403846153846 0.046875 0.078125
1 0.5709134615384616 0.5024038461538461 0.037259615384615384 0.046875
1 0.6117788461538461 0.5132211538461539 0.06610576923076923 0.07572115384615384
3 0.6165865384615384 0.2800480769230769 0.025240384615384616 0.09014423076923077
2 0.6237980769230769 0.53125 0.028846153846153848 0.10096153846153846
2 0.9242788461538461 0.49399038461538464 0.03485576923076923 0.15625
2 0.9350961538461539 0.5024038461538461 0.038461538461538464 0.15625