1 0.8930288461538461 0.6658653846153846 0.21153846153846154 0.46153846153846156
1 0.04927884615384615 0.5540865384615384 0.06490384615384616 0.06009615384615385
1 0.057692307692307696 0.5504807692307693 0.06610576923076923 0.06850961538461539
1 0.09615384615384616 0.5492788461538461 0.052884615384615384 0.0625
1 0.09735576923076923 0.5456730769230769 0.046875 0.0625
1 0.2860576923076923 0.53125 0.06490384615384616 0.05889423076923077
1 0.359375 0.5372596153846154 0.10697115384615384 0.15384615384615385
7 0.3701923076923077 0.44471153846153844 0.018028846153846152 0.03485576923076923
7 0.36899038461538464 0.44711538461538464 0.013221153846153846 0.03485576923076923
1 0.4254807692307692 0.53125 0.037259615384615384 0.08653846153846154
6 0.45072115384615385 0.40384615384615385 0.015625 0.038461538461538464
6 0.45072115384615385 0.4014423076923077 0.01201923076923077 0.028846153846153848
6 0.484375 0.4543269230769231 0.018028846153846152 0.038461538461538464
6 0.48197115384615385 0.45552884615384615 0.01201923076923077 0.03485576923076923
6 0.5444711538461539 0.41947115384615385 0.018028846153846152 0.056490384615384616
6 0.5444711538461539 0.41586538461538464 0.013221153846153846 0.04447115384615385
1 0.7367788461538461 0.5036057692307693 0.12740384615384615 0.09134615384615384
1 0.7367788461538461 0.5024038461538461 0.12139423076923077 0.09615384615384616
1 0.8521634615384616 0.484375 0.08413461538461539 0.10576923076923077
1 0.90625 0.4795673076923077 0.18389423076923078 0.12860576923076922
1 0.8858173076923077 0.49158653846153844 0.09735576923076923 0.09615384615384616