1 0.03245192307692308 0.5853365384615384 0.06490384615384616 0.09975961538461539
1 0.9194711538461539 0.6129807692307693 0.15865384615384615 0.4254807692307692
1 0.17307692307692307 0.5600961538461539 0.056490384615384616 0.06610576923076923
1 0.31009615384615385 0.5637019230769231 0.11778846153846154 0.16826923076923078
1 0.39903846153846156 0.5456730769230769 0.027644230769230768 0.078125
1 0.4230769230769231 0.5480769230769231 0.0625 0.109375
1 0.4651442307692308 0.5504807692307693 0.06490384615384616 0.11538461538461539
1 0.4951923076923077 0.5673076923076923 0.04326923076923077 0.12860576923076922
1 0.5480769230769231 0.5769230769230769 0.09014423076923077 0.1346153846153846
1 0.6418269230769231 0.5829326923076923 0.12259615384615384 0.18028846153846154
1 0.7800480769230769 0.5745192307692307 0.17548076923076922 0.33653846153846156