1 0.15865384615384615 0.5588942307692307 0.10576923076923077 0.08653846153846154
1 0.15985576923076922 0.5612980769230769 0.10576923076923077 0.09375
1 0.30288461538461536 0.5384615384615384 0.04927884615384615 0.05048076923076923
1 0.34615384615384615 0.5372596153846154 0.03485576923076923 0.038461538461538464
1 0.4326923076923077 0.5288461538461539 0.040865384615384616 0.04447115384615385
1 0.5012019230769231 0.5336538461538461 0.03485576923076923 0.046875
1 0.5348557692307693 0.5324519230769231 0.05889423076923077 0.078125
1 0.6394230769230769 0.5540865384615384 0.13221153846153846 0.16346153846153846
1 0.6382211538461539 0.5444711538461539 0.12740384615384615 0.1502403846153846
1 0.8365384615384616 0.578125 0.3161057692307692 0.32572115384615385
1 0.8413461538461539 0.5877403846153846 0.3161057692307692 0.31490384615384615