1 0.1141826923076923 0.6105769230769231 0.2283653846153846 0.4026442307692308
1 0.3173076923076923 0.49158653846153844 0.08774038461538461 0.09615384615384616
1 0.38100961538461536 0.5048076923076923 0.08173076923076923 0.09014423076923077
7 0.3713942307692308 0.36658653846153844 0.018028846153846152 0.052884615384615384
1 0.4387019230769231 0.49759615384615385 0.04326923076923077 0.0625
4 0.4362980769230769 0.36177884615384615 0.013221153846153846 0.046875
1 0.4831730769230769 0.49278846153846156 0.03485576923076923 0.055288461538461536
4 0.48197115384615385 0.37259615384615385 0.015625 0.038461538461538464
10 0.5336538461538461 0.47115384615384615 0.027644230769230768 0.04927884615384615
4 0.5769230769230769 0.43149038461538464 0.013221153846153846 0.037259615384615384
1 0.5997596153846154 0.5012019230769231 0.056490384615384616 0.0625
4 0.6081730769230769 0.4098557692307692 0.013221153846153846 0.046875
4 0.6153846153846154 0.41346153846153844 0.021634615384615384 0.05048076923076923
1 0.7115384615384616 0.5324519230769231 0.1466346153846154 0.16826923076923078
1 0.7139423076923077 0.53125 0.1466346153846154 0.14302884615384615