1 0.056490384615384616 0.5805288461538461 0.11298076923076923 0.1310096153846154
1 0.14182692307692307 0.5733173076923077 0.109375 0.1346153846153846
1 0.14903846153846154 0.5216346153846154 0.06490384615384616 0.046875
1 0.20793269230769232 0.5661057692307693 0.03485576923076923 0.09735576923076923
1 0.2439903846153846 0.5612980769230769 0.037259615384615384 0.06971153846153846
1 0.27163461538461536 0.5637019230769231 0.019230769230769232 0.055288461538461536
1 0.28846153846153844 0.5625 0.028846153846153848 0.052884615384615384
1 0.31971153846153844 0.5516826923076923 0.04447115384615385 0.06009615384615385
1 0.45072115384615385 0.5949519230769231 0.15625 0.203125
1 0.6706730769230769 0.5432692307692307 0.04447115384615385 0.06490384615384616
1 0.7211538461538461 0.5480769230769231 0.040865384615384616 0.06490384615384616
1 0.7752403846153846 0.5612980769230769 0.09134615384615384 0.08413461538461539
1 0.8629807692307693 0.5348557692307693 0.046875 0.04326923076923077
1 0.9110576923076923 0.5576923076923077 0.10096153846153846 0.11177884615384616