1 0.9194711538461539 0.6274038461538461 0.15865384615384615 0.33653846153846156
1 0.04927884615384615 0.5384615384615384 0.09735576923076923 0.203125
1 0.12259615384615384 0.5480769230769231 0.10697115384615384 0.15625
1 0.13581730769230768 0.5396634615384616 0.07572115384615384 0.16346153846153846
1 0.16826923076923078 0.5420673076923077 0.08052884615384616 0.12259615384615384
1 0.22716346153846154 0.5288461538461539 0.05048076923076923 0.109375
2 0.2608173076923077 0.5516826923076923 0.06850961538461539 0.23677884615384615
1 0.31850961538461536 0.5132211538461539 0.05048076923076923 0.06971153846153846
10 0.3581730769230769 0.49759615384615385 0.06490384615384616 0.08173076923076923
2 0.37740384615384615 0.5048076923076923 0.021634615384615384 0.12139423076923077
2 0.37740384615384615 0.5084134615384616 0.015625 0.109375
2 0.39783653846153844 0.5060096153846154 0.015625 0.09975961538461539
2 0.39783653846153844 0.5096153846153846 0.015625 0.09975961538461539
10 0.4411057692307692 0.4831730769230769 0.04927884615384615 0.09975961538461539
10 0.4423076923076923 0.484375 0.04447115384615385 0.09615384615384616
1 0.49038461538461536 0.5180288461538461 0.046875 0.06009615384615385
1 0.49158653846153844 0.5180288461538461 0.040865384615384616 0.05048076923076923
10 0.5024038461538461 0.4567307692307692 0.052884615384615384 0.09014423076923077
10 0.5012019230769231 0.47596153846153844 0.04927884615384615 0.11177884615384616
2 0.7560096153846154 0.5 0.028846153846153848 0.1346153846153846
2 0.8257211538461539 0.6298076923076923 0.10576923076923077 0.47115384615384615