1 0.05889423076923077 0.5552884615384616 0.11778846153846154 0.09375
1 0.06129807692307692 0.5612980769230769 0.12259615384615384 0.09014423076923077
1 0.14423076923076922 0.546875 0.10096153846153846 0.07572115384615384
1 0.14302884615384615 0.5444711538461539 0.09134615384615384 0.07211538461538461
1 0.24639423076923078 0.5300480769230769 0.07211538461538461 0.09375
1 0.30528846153846156 0.5288461538461539 0.046875 0.06009615384615385
1 0.30528846153846156 0.5300480769230769 0.04326923076923077 0.056490384615384616
4 0.29927884615384615 0.45913461538461536 0.01201923076923077 0.03125
1 0.33653846153846156 0.5180288461538461 0.038461538461538464 0.056490384615384616
1 0.39903846153846156 0.5528846153846154 0.10697115384615384 0.15384615384615385
4 0.4735576923076923 0.4423076923076923 0.009615384615384616 0.03125
1 0.5552884615384616 0.5192307692307693 0.04326923076923077 0.10697115384615384
1 0.5865384615384616 0.5084134615384616 0.05048076923076923 0.1346153846153846
1 0.6466346153846154 0.5084134615384616 0.16947115384615385 0.1310096153846154
1 0.6742788461538461 0.5420673076923077 0.18389423076923078 0.14302884615384615
1 0.6454326923076923 0.5384615384615384 0.11899038461538461 0.1310096153846154
1 0.7884615384615384 0.5697115384615384 0.2692307692307692 0.16346153846153846