1 0.8810096153846154 0.5492788461538461 0.234375 0.28125
1 0.11899038461538461 0.5408653846153846 0.16346153846153846 0.14423076923076922
1 0.24278846153846154 0.5132211538461539 0.09615384615384616 0.10336538461538461
1 0.28846153846153844 0.48677884615384615 0.07451923076923077 0.11778846153846154
1 0.3449519230769231 0.4807692307692308 0.06009615384615385 0.07451923076923077
1 0.3473557692307692 0.4807692307692308 0.0625 0.07451923076923077
1 0.38461538461538464 0.4831730769230769 0.040865384615384616 0.06971153846153846
1 0.5817307692307693 0.49399038461538464 0.052884615384615384 0.06850961538461539
1 0.6021634615384616 0.5036057692307693 0.037259615384615384 0.078125
1 0.6382211538461539 0.5060096153846154 0.06490384615384616 0.11538461538461539
1 0.6658653846153846 0.5228365384615384 0.05889423076923077 0.109375
1 0.7331730769230769 0.5444711538461539 0.09735576923076923 0.13221153846153846
1 0.7355769230769231 0.5432692307692307 0.09615384615384616 0.11899038461538461