1 0.028846153846153848 0.6045673076923077 0.056490384615384616 0.11177884615384616
1 0.036057692307692304 0.6021634615384616 0.06009615384615385 0.11899038461538461
1 0.09134615384615384 0.6153846153846154 0.056490384615384616 0.08653846153846154
1 0.12860576923076922 0.5612980769230769 0.11177884615384616 0.10336538461538461
1 0.13701923076923078 0.5540865384615384 0.08173076923076923 0.07211538461538461
1 0.12740384615384615 0.6117788461538461 0.03365384615384615 0.06009615384615385
1 0.18870192307692307 0.5949519230769231 0.040865384615384616 0.08413461538461539
1 0.21754807692307693 0.5540865384615384 0.078125 0.056490384615384616
1 0.1971153846153846 0.5877403846153846 0.03365384615384615 0.07572115384615384
10 0.38100961538461536 0.5084134615384616 0.15865384615384615 0.3004807692307692
2 0.49158653846153844 0.5709134615384616 0.028846153846153848 0.09375
2 0.5408653846153846 0.5793269230769231 0.027644230769230768 0.1310096153846154
2 0.5600961538461539 0.5817307692307693 0.018028846153846152 0.11538461538461539
2 0.8052884615384616 0.5384615384615384 0.03365384615384615 0.06850961538461539
2 0.8161057692307693 0.5384615384615384 0.04447115384615385 0.06490384615384616
2 0.9855769230769231 0.5552884615384616 0.025240384615384616 0.16947115384615385