1 0.8377403846153846 0.48677884615384615 0.12259615384615384 0.06490384615384616
1 0.09735576923076923 0.5877403846153846 0.19471153846153846 0.33653846153846156
7 0.24759615384615385 0.3485576923076923 0.02403846153846154 0.0625
3 0.2536057692307692 0.33533653846153844 0.019230769230769232 0.05048076923076923
3 0.30528846153846156 0.35216346153846156 0.019230769230769232 0.06490384615384616
1 0.4795673076923077 0.6069711538461539 0.31009615384615385 0.41586538461538464
4 0.38221153846153844 0.3557692307692308 0.019230769230769232 0.056490384615384616
3 0.3918269230769231 0.3329326923076923 0.018028846153846152 0.046875
4 0.44471153846153844 0.3581730769230769 0.03365384615384615 0.07572115384615384
6 0.44591346153846156 0.34134615384615385 0.018028846153846152 0.05048076923076923
4 0.5697115384615384 0.41466346153846156 0.018028846153846152 0.06009615384615385
4 0.5721153846153846 0.40625 0.018028846153846152 0.04447115384615385