1 0.09615384615384616 0.515625 0.06009615384615385 0.04927884615384615
1 0.15865384615384615 0.5024038461538461 0.06009615384615385 0.078125
1 0.14783653846153846 0.5084134615384616 0.038461538461538464 0.08413461538461539
1 0.203125 0.5072115384615384 0.08774038461538461 0.09615384615384616
3 0.22115384615384615 0.22956730769230768 0.027644230769230768 0.06850961538461539
3 0.21995192307692307 0.2247596153846154 0.021634615384615384 0.06850961538461539
1 0.2860576923076923 0.4963942307692308 0.037259615384615384 0.05048076923076923
1 0.32572115384615385 0.48677884615384615 0.03485576923076923 0.03485576923076923
4 0.36778846153846156 0.23677884615384615 0.04326923076923077 0.08413461538461539
1 0.4855769230769231 0.5240384615384616 0.09014423076923077 0.1310096153846154
4 0.484375 0.23317307692307693 0.03125 0.09014423076923077
1 0.5913461538461539 0.49399038461538464 0.037259615384615384 0.04927884615384615
1 0.7103365384615384 0.5 0.056490384615384616 0.052884615384615384
1 0.7151442307692307 0.49278846153846156 0.038461538461538464 0.038461538461538464
4 0.7524038461538461 0.37740384615384615 0.028846153846153848 0.08653846153846154
4 0.7536057692307693 0.38221153846153844 0.018028846153846152 0.05048076923076923
1 0.8221153846153846 0.4855769230769231 0.06610576923076923 0.08413461538461539