7 0.13822115384615385 0.36899038461538464 0.02403846153846154 0.06610576923076923
7 0.13942307692307693 0.3701923076923077 0.015625 0.04326923076923077
0 0.25721153846153844 0.46875 0.027644230769230768 0.08052884615384616
0 0.25721153846153844 0.4699519230769231 0.019230769230769232 0.06490384615384616
1 0.31009615384615385 0.46875 0.052884615384615384 0.06610576923076923
1 0.49158653846153844 0.49278846153846156 0.171875 0.09975961538461539
6 0.45552884615384615 0.2704326923076923 0.015625 0.04326923076923077
7 0.4543269230769231 0.2776442307692308 0.013221153846153846 0.04927884615384615
6 0.5324519230769231 0.28125 0.015625 0.05048076923076923
6 0.5336538461538461 0.28125 0.015625 0.04927884615384615
6 0.6081730769230769 0.29086538461538464 0.015625 0.04447115384615385
6 0.6105769230769231 0.28966346153846156 0.015625 0.046875
6 0.7512019230769231 0.375 0.015625 0.05048076923076923
6 0.7524038461538461 0.37740384615384615 0.015625 0.05048076923076923
1 0.9134615384615384 0.4639423076923077 0.06610576923076923 0.04447115384615385
1 0.9110576923076923 0.46634615384615385 0.05889423076923077 0.06610576923076923
1 0.9579326923076923 0.48677884615384615 0.028846153846153848 0.0625
1 0.9615384615384616 0.49399038461538464 0.025240384615384616 0.06610576923076923