1 0.038461538461538464 0.48677884615384615 0.03485576923076923 0.05048076923076923
6 0.07572115384615384 0.36538461538461536 0.019230769230769232 0.037259615384615384
7 0.078125 0.36778846153846156 0.019230769230769232 0.04326923076923077
6 0.12980769230769232 0.3701923076923077 0.019230769230769232 0.03365384615384615
6 0.13341346153846154 0.36899038461538464 0.013221153846153846 0.040865384615384616
1 0.16346153846153846 0.4855769230769231 0.03125 0.052884615384615384
1 0.16706730769230768 0.4795673076923077 0.028846153846153848 0.04927884615384615
1 0.19471153846153846 0.4831730769230769 0.04927884615384615 0.046875
1 0.19471153846153846 0.4831730769230769 0.04447115384615385 0.05048076923076923
6 0.20552884615384615 0.42427884615384615 0.013221153846153846 0.028846153846153848
6 0.2091346153846154 0.4254807692307692 0.013221153846153846 0.03125
1 0.234375 0.48677884615384615 0.027644230769230768 0.0625
1 0.2692307692307692 0.4831730769230769 0.055288461538461536 0.06610576923076923
1 0.27403846153846156 0.47596153846153844 0.05889423076923077 0.06610576923076923
1 0.3401442307692308 0.49278846153846156 0.08774038461538461 0.109375
1 0.40024038461538464 0.49399038461538464 0.05889423076923077 0.0625
1 0.4567307692307692 0.5132211538461539 0.052884615384615384 0.08653846153846154
1 0.5252403846153846 0.5072115384615384 0.09615384615384616 0.1346153846153846
1 0.5132211538461539 0.5024038461538461 0.0625 0.1502403846153846
1 0.5913461538461539 0.5288461538461539 0.10336538461538461 0.18990384615384615
1 0.6045673076923077 0.5228365384615384 0.11778846153846154 0.16346153846153846
1 0.7752403846153846 0.5769230769230769 0.26322115384615385 0.25721153846153844
1 0.7716346153846154 0.5600961538461539 0.25240384615384615 0.20072115384615385