1 0.3004807692307692 0.5564903846153846 0.07572115384615384 0.07451923076923077
1 0.3317307692307692 0.5492788461538461 0.027644230769230768 0.06490384615384616
1 0.3473557692307692 0.546875 0.019230769230769232 0.056490384615384616
1 0.36899038461538464 0.5288461538461539 0.04927884615384615 0.06610576923076923
1 0.36778846153846156 0.5288461538461539 0.037259615384615384 0.05889423076923077
1 0.5120192307692307 0.5444711538461539 0.03365384615384615 0.056490384615384616
1 0.5757211538461539 0.5588942307692307 0.11177884615384616 0.1310096153846154
1 0.5661057692307693 0.5600961538461539 0.08653846153846154 0.11177884615384616
1 0.6442307692307693 0.5649038461538461 0.1658653846153846 0.27524038461538464
1 0.6334134615384616 0.5673076923076923 0.125 0.22235576923076922
1 0.8185096153846154 0.6225961538461539 0.359375 0.47115384615384615