1 0.09615384615384616 0.5757211538461539 0.19110576923076922 0.23076923076923078
1 0.02283653846153846 0.5324519230769231 0.037259615384615384 0.040865384615384616
1 0.19951923076923078 0.546875 0.046875 0.0625
1 0.24519230769230768 0.53125 0.04927884615384615 0.06610576923076923
1 0.40865384615384615 0.5432692307692307 0.055288461538461536 0.08774038461538461
1 0.4951923076923077 0.5372596153846154 0.05889423076923077 0.11778846153846154
1 0.5552884615384616 0.5540865384615384 0.09014423076923077 0.1346153846153846
1 0.6899038461538461 0.5709134615384616 0.1971153846153846 0.25
1 0.7944711538461539 0.5516826923076923 0.07211538461538461 0.13701923076923078
2 0.8713942307692307 0.5384615384615384 0.027644230769230768 0.10336538461538461
2 0.8689903846153846 0.5372596153846154 0.019230769230769232 0.08653846153846154
2 0.8930288461538461 0.5408653846153846 0.028846153846153848 0.12139423076923077
4 0.9483173076923077 0.04567307692307692 0.03365384615384615 0.09134615384615384