2 0.0733173076923077 0.5504807692307693 0.02403846153846154 0.09735576923076923
2 0.07211538461538461 0.5492788461538461 0.018028846153846152 0.08653846153846154
2 0.08653846153846154 0.5348557692307693 0.02403846153846154 0.0625
1 0.11899038461538461 0.5588942307692307 0.08413461538461539 0.09014423076923077
2 0.09014423076923077 0.5504807692307693 0.013221153846153846 0.09735576923076923
1 0.22596153846153846 0.5480769230769231 0.09014423076923077 0.10697115384615384
1 0.27524038461538464 0.5324519230769231 0.03365384615384615 0.08653846153846154
1 0.2824519230769231 0.5288461538461539 0.03125 0.06490384615384616
1 0.30528846153846156 0.5180288461538461 0.028846153846153848 0.06490384615384616
1 0.4326923076923077 0.515625 0.04447115384615385 0.05889423076923077
3 0.5829326923076923 0.31850961538461536 0.027644230769230768 0.09615384615384616
2 0.6502403846153846 0.5036057692307693 0.03485576923076923 0.11538461538461539
2 0.6514423076923077 0.5072115384615384 0.03485576923076923 0.125
2 0.6995192307692307 0.4987980769230769 0.027644230769230768 0.12139423076923077
2 0.703125 0.5024038461538461 0.03485576923076923 0.11298076923076923
2 0.8004807692307693 0.49038461538461536 0.040865384615384616 0.15625
2 0.8425480769230769 0.49278846153846156 0.04927884615384615 0.15625
2 0.8413461538461539 0.4807692307692308 0.037259615384615384 0.1658653846153846
2 0.8762019230769231 0.5192307692307693 0.03485576923076923 0.078125