1 0.8882211538461539 0.6237980769230769 0.22115384615384615 0.33413461538461536
1 0.13221153846153846 0.5180288461538461 0.05889423076923077 0.038461538461538464
1 0.13581730769230768 0.5192307692307693 0.052884615384615384 0.04447115384615385
1 0.19951923076923078 0.5060096153846154 0.09375 0.09735576923076923
1 0.20552884615384615 0.49759615384615385 0.07572115384615384 0.08653846153846154
1 0.2548076923076923 0.5012019230769231 0.06009615384615385 0.08173076923076923
1 0.26322115384615385 0.5048076923076923 0.046875 0.07572115384615384
1 0.3545673076923077 0.49399038461538464 0.03485576923076923 0.04927884615384615
1 0.35697115384615385 0.4987980769230769 0.03365384615384615 0.04447115384615385
3 0.36658653846153844 0.3737980769230769 0.018028846153846152 0.03485576923076923
4 0.42427884615384615 0.3713942307692308 0.015625 0.040865384615384616
4 0.4230769230769231 0.375 0.01201923076923077 0.028846153846153848
4 0.46875 0.390625 0.019230769230769232 0.038461538461538464
4 0.4675480769230769 0.38221153846153844 0.013221153846153846 0.040865384615384616
4 0.5600961538461539 0.4375 0.019230769230769232 0.04447115384615385
4 0.5600961538461539 0.4411057692307692 0.013221153846153846 0.028846153846153848
1 0.6430288461538461 0.5216346153846154 0.10576923076923077 0.13701923076923078
1 0.6430288461538461 0.5252403846153846 0.10576923076923077 0.12139423076923077
4 0.6646634615384616 0.4050480769230769 0.027644230769230768 0.06009615384615385
4 0.6658653846153846 0.40865384615384615 0.013221153846153846 0.04326923076923077