1 0.10336538461538461 0.5841346153846154 0.20673076923076922 0.40865384615384615
3 0.25240384615384615 0.25841346153846156 0.03125 0.08052884615384616
1 0.29447115384615385 0.546875 0.018028846153846152 0.02403846153846154
1 0.3137019230769231 0.5444711538461539 0.019230769230769232 0.021634615384615384
1 0.3545673076923077 0.5360576923076923 0.03485576923076923 0.055288461538461536
1 0.39302884615384615 0.5408653846153846 0.037259615384615384 0.078125
1 0.3918269230769231 0.5384615384615384 0.03365384615384615 0.06490384615384616
3 0.39302884615384615 0.2548076923076923 0.028846153846153848 0.08413461538461539
1 0.4411057692307692 0.5444711538461539 0.09134615384615384 0.125
3 0.5036057692307693 0.25961538461538464 0.03125 0.078125
1 0.5288461538461539 0.5240384615384616 0.052884615384615384 0.09615384615384616
1 0.5288461538461539 0.515625 0.037259615384615384 0.055288461538461536
1 0.6370192307692307 0.5516826923076923 0.08774038461538461 0.10336538461538461
1 0.8245192307692307 0.6322115384615384 0.3473557692307692 0.33052884615384615
4 0.7716346153846154 0.39302884615384615 0.028846153846153848 0.078125
3 0.7716346153846154 0.3942307692307692 0.021634615384615384 0.056490384615384616