1 0.057692307692307696 0.5048076923076923 0.06610576923076923 0.10697115384615384
1 0.14423076923076922 0.5048076923076923 0.2091346153846154 0.28846153846153844
10 0.14302884615384615 0.5024038461538461 0.1935096153846154 0.24639423076923078
7 0.07572115384615384 0.2608173076923077 0.03125 0.09134615384615384
7 0.07572115384615384 0.25721153846153844 0.02403846153846154 0.0625
7 0.18028846153846154 0.25240384615384615 0.025240384615384616 0.08413461538461539
3 0.18028846153846154 0.24278846153846154 0.019230769230769232 0.06610576923076923
1 0.3629807692307692 0.5336538461538461 0.10336538461538461 0.14423076923076922
4 0.3329326923076923 0.25721153846153844 0.03365384615384615 0.08413461538461539
4 0.33052884615384615 0.25841346153846156 0.019230769230769232 0.056490384615384616
4 0.4338942307692308 0.2800480769230769 0.03365384615384615 0.07572115384615384
4 0.43990384615384615 0.26802884615384615 0.025240384615384616 0.07572115384615384
1 0.5108173076923077 0.5444711538461539 0.06850961538461539 0.09615384615384616
4 0.6706730769230769 0.3954326923076923 0.028846153846153848 0.078125
4 0.6658653846153846 0.4014423076923077 0.018028846153846152 0.0625