0 0.6430288461538461 0.48197115384615385 0.04326923076923077 0.07572115384615384
1 0.16826923076923078 0.49158653846153844 0.328125 0.3401442307692308
1 0.36177884615384615 0.4855769230769231 0.09014423076923077 0.09375
7 0.36658653846153844 0.2980769230769231 0.015625 0.038461538461538464
1 0.4963942307692308 0.5480769230769231 0.2091346153846154 0.27524038461538464
6 0.47716346153846156 0.2512019230769231 0.013221153846153846 0.052884615384615384
1 0.6117788461538461 0.49759615384615385 0.056490384615384616 0.09735576923076923
6 0.6322115384615384 0.36658653846153844 0.018028846153846152 0.037259615384615384
1 0.7800480769230769 0.5372596153846154 0.25600961538461536 0.21634615384615385
1 0.9387019230769231 0.49399038461538464 0.12139423076923077 0.07572115384615384
6 0.8918269230769231 0.2512019230769231 0.021634615384615384 0.04326923076923077