1 0.055288461538461536 0.5913461538461539 0.09014423076923077 0.10096153846153846
1 0.15264423076923078 0.5901442307692307 0.12740384615384615 0.14423076923076922
2 0.23076923076923078 0.5673076923076923 0.078125 0.19951923076923078
2 0.23677884615384615 0.5733173076923077 0.04326923076923077 0.16346153846153846
1 0.23677884615384615 0.5600961538461539 0.04447115384615385 0.10336538461538461
1 0.26322115384615385 0.5552884615384616 0.015625 0.04326923076923077
1 0.28846153846153844 0.546875 0.019230769230769232 0.037259615384615384
1 0.34615384615384615 0.5336538461538461 0.03365384615384615 0.04326923076923077
1 0.3425480769230769 0.5372596153846154 0.02403846153846154 0.037259615384615384
1 0.41346153846153844 0.5336538461538461 0.027644230769230768 0.05889423076923077
1 0.4723557692307692 0.5456730769230769 0.08774038461538461 0.12259615384615384
2 0.7836538461538461 0.4338942307692308 0.027644230769230768 0.019230769230769232
2 0.7872596153846154 0.43509615384615385 0.021634615384615384 0.027644230769230768