1 0.7872596153846154 0.5012019230769231 0.06610576923076923 0.056490384615384616
1 0.037259615384615384 0.5925480769230769 0.07211538461538461 0.09735576923076923
1 0.12259615384615384 0.5733173076923077 0.07572115384615384 0.06971153846153846
1 0.1971153846153846 0.5540865384615384 0.05889423076923077 0.078125
1 0.23677884615384615 0.5552884615384616 0.03365384615384615 0.04927884615384615
1 0.27884615384615385 0.5396634615384616 0.07451923076923077 0.08413461538461539
3 0.25721153846153844 0.33774038461538464 0.025240384615384616 0.055288461538461536
1 0.3954326923076923 0.5649038461538461 0.15985576923076922 0.21514423076923078
4 0.3293269230769231 0.31490384615384615 0.018028846153846152 0.055288461538461536
4 0.40024038461538464 0.33052884615384615 0.015625 0.052884615384615384
4 0.5180288461538461 0.42427884615384615 0.015625 0.04326923076923077
1 0.6117788461538461 0.5180288461538461 0.05048076923076923 0.06850961538461539
1 0.6887019230769231 0.5324519230769231 0.1310096153846154 0.11177884615384616
4 0.7572115384615384 0.16947115384615385 0.06850961538461539 0.18028846153846154