1 0.9098557692307693 0.6153846153846154 0.17548076923076922 0.3004807692307692
1 0.6694711538461539 0.5444711538461539 0.11899038461538461 0.13701923076923078
1 0.06971153846153846 0.5697115384615384 0.13822115384615385 0.15625
1 0.14543269230769232 0.5697115384615384 0.05889423076923077 0.11298076923076923
1 0.1971153846153846 0.5540865384615384 0.0625 0.09615384615384616
1 0.24278846153846154 0.5552884615384616 0.07451923076923077 0.08052884615384616
1 0.27403846153846156 0.5420673076923077 0.07451923076923077 0.08774038461538461
1 0.37740384615384615 0.53125 0.052884615384615384 0.07451923076923077
1 0.4723557692307692 0.5372596153846154 0.056490384615384616 0.06971153846153846
1 0.5877403846153846 0.5384615384615384 0.06490384615384616 0.08173076923076923
1 0.7163461538461539 0.5625 0.13221153846153846 0.15865384615384615
2 0.7355769230769231 0.5829326923076923 0.06490384615384616 0.26802884615384615
1 0.8112980769230769 0.5576923076923077 0.1971153846153846 0.17548076923076922