7 0.10216346153846154 0.42427884615384615 0.01201923076923077 0.028846153846153848
7 0.10697115384615384 0.4230769230769231 0.01201923076923077 0.046875
1 0.19831730769230768 0.5048076923076923 0.056490384615384616 0.05048076923076923
1 0.2644230769230769 0.5204326923076923 0.09975961538461539 0.11177884615384616
1 0.3161057692307692 0.5048076923076923 0.07211538461538461 0.08052884615384616
7 0.35096153846153844 0.3088942307692308 0.019230769230769232 0.028846153846153848
7 0.35336538461538464 0.31490384615384615 0.019230769230769232 0.05048076923076923
1 0.4254807692307692 0.49759615384615385 0.04447115384615385 0.05889423076923077
4 0.4362980769230769 0.33052884615384615 0.019230769230769232 0.025240384615384616
4 0.4387019230769231 0.3269230769230769 0.019230769230769232 0.05048076923076923
1 0.5228365384615384 0.4963942307692308 0.03125 0.04447115384615385
4 0.5841346153846154 0.41947115384615385 0.019230769230769232 0.028846153846153848
4 0.5865384615384616 0.40865384615384615 0.021634615384615384 0.06610576923076923
4 0.6899038461538461 0.3581730769230769 0.021634615384615384 0.06971153846153846
4 0.6899038461538461 0.375 0.019230769230769232 0.028846153846153848
1 0.8725961538461539 0.65625 0.25 0.5036057692307693