1 0.09975961538461539 0.5625 0.19951923076923078 0.15985576923076922
1 0.10096153846153846 0.5661057692307693 0.20072115384615385 0.16826923076923078
1 0.20072115384615385 0.5408653846153846 0.05048076923076923 0.09134615384615384
1 0.24158653846153846 0.5384615384615384 0.03485576923076923 0.07211538461538461
1 0.28846153846153844 0.5240384615384616 0.037259615384615384 0.05048076923076923
1 0.49278846153846156 0.5192307692307693 0.028846153846153848 0.06490384615384616
1 0.5336538461538461 0.5264423076923077 0.06850961538461539 0.07451923076923077
2 0.6310096153846154 0.5012019230769231 0.019230769230769232 0.09615384615384616
2 0.6322115384615384 0.49759615384615385 0.019230769230769232 0.09735576923076923
2 0.7319711538461539 0.5288461538461539 0.040865384615384616 0.15264423076923078
2 0.7596153846153846 0.5072115384615384 0.03365384615384615 0.15625