1 0.21754807692307693 0.7019230769230769 0.43509615384615385 0.4855769230769231
2 0.12740384615384615 0.41586538461538464 0.015625 0.03125
6 0.14903846153846154 0.39903846153846156 0.018028846153846152 0.055288461538461536
1 0.3858173076923077 0.5300480769230769 0.03125 0.040865384615384616
1 0.38822115384615385 0.5288461538461539 0.03125 0.04326923076923077
1 0.4483173076923077 0.53125 0.03125 0.04326923076923077
6 0.5264423076923077 0.3713942307692308 0.019230769230769232 0.06850961538461539
2 0.6358173076923077 0.5276442307692307 0.018028846153846152 0.07572115384615384
2 0.6526442307692307 0.5240384615384616 0.021634615384615384 0.07572115384615384
2 0.6730769230769231 0.5336538461538461 0.027644230769230768 0.09615384615384616
2 0.8401442307692307 0.5288461538461539 0.04447115384615385 0.2403846153846154
2 0.8954326923076923 0.5264423076923077 0.04927884615384615 0.2403846153846154
2 0.9795673076923077 0.5540865384615384 0.037259615384615384 0.22596153846153846