1 0.04927884615384615 0.5504807692307693 0.09615384615384616 0.171875
1 0.12139423076923077 0.5168269230769231 0.06490384615384616 0.08413461538461539
1 0.21514423076923078 0.5420673076923077 0.07211538461538461 0.07572115384615384
1 0.21634615384615385 0.5444711538461539 0.06971153846153846 0.08052884615384616
1 0.2608173076923077 0.5408653846153846 0.028846153846153848 0.06850961538461539
1 0.32572115384615385 0.515625 0.040865384615384616 0.06490384615384616
1 0.42908653846153844 0.5228365384615384 0.04927884615384615 0.04927884615384615
1 0.43028846153846156 0.5252403846153846 0.04326923076923077 0.0625
1 0.49399038461538464 0.5144230769230769 0.027644230769230768 0.038461538461538464
1 0.5120192307692307 0.5168269230769231 0.03485576923076923 0.09975961538461539
1 0.5528846153846154 0.5228365384615384 0.06850961538461539 0.09134615384615384
1 0.7680288461538461 0.5829326923076923 0.24278846153846154 0.22235576923076922
1 0.859375 0.5168269230769231 0.04326923076923077 0.08052884615384616