1 0.8317307692307693 0.5132211538461539 0.20673076923076922 0.12860576923076922
1 0.13822115384615385 0.5144230769230769 0.07211538461538461 0.04927884615384615
1 0.13581730769230768 0.515625 0.06490384615384616 0.040865384615384616
1 0.21153846153846154 0.5276442307692307 0.06009615384615385 0.078125
1 0.2704326923076923 0.5204326923076923 0.055288461538461536 0.07211538461538461
10 0.28725961538461536 0.4795673076923077 0.07211538461538461 0.04927884615384615
1 0.3389423076923077 0.5132211538461539 0.03485576923076923 0.06009615384615385
1 0.39903846153846156 0.5180288461538461 0.10336538461538461 0.08774038461538461
4 0.39783653846153844 0.3076923076923077 0.013221153846153846 0.04927884615384615
4 0.5264423076923077 0.4230769230769231 0.013221153846153846 0.05048076923076923
1 0.9266826923076923 0.4567307692307692 0.125 0.07451923076923077