2 0.06009615384615385 0.5901442307692307 0.015625 0.056490384615384616
2 0.06129807692307692 0.5889423076923077 0.013221153846153846 0.04447115384615385
2 0.07211538461538461 0.59375 0.015625 0.05048076923076923
2 0.07211538461538461 0.5949519230769231 0.01201923076923077 0.05048076923076923
1 0.33052884615384615 0.578125 0.046875 0.052884615384615384
2 0.33052884615384615 0.5769230769230769 0.04326923076923077 0.055288461538461536
2 0.5180288461538461 0.5516826923076923 0.027644230769230768 0.08052884615384616
2 0.5204326923076923 0.5504807692307693 0.021634615384615384 0.08774038461538461
2 0.5396634615384616 0.5444711538461539 0.018028846153846152 0.08774038461538461
2 0.5408653846153846 0.5480769230769231 0.018028846153846152 0.09615384615384616
2 0.5600961538461539 0.5432692307692307 0.02403846153846154 0.10697115384615384
2 0.5612980769230769 0.5444711538461539 0.02403846153846154 0.109375