3 0.0829326923076923 0.07932692307692307 0.1658653846153846 0.15865384615384615
1 0.0829326923076923 0.5180288461538461 0.055288461538461536 0.04447115384615385
1 0.08774038461538461 0.53125 0.037259615384615384 0.052884615384615384
1 0.09375 0.4987980769230769 0.04326923076923077 0.03125
1 0.17067307692307693 0.5024038461538461 0.10336538461538461 0.06490384615384616
1 0.27163461538461536 0.5204326923076923 0.10096153846153846 0.08653846153846154
1 0.3557692307692308 0.5132211538461539 0.07211538461538461 0.07572115384615384
1 0.43509615384615385 0.49759615384615385 0.03485576923076923 0.040865384615384616
1 0.4362980769230769 0.4987980769230769 0.028846153846153848 0.03485576923076923
1 0.4723557692307692 0.49759615384615385 0.03365384615384615 0.04326923076923077
1 0.5432692307692307 0.48677884615384615 0.021634615384615384 0.04326923076923077
1 0.5444711538461539 0.48677884615384615 0.027644230769230768 0.04326923076923077
1 0.5649038461538461 0.49158653846153844 0.028846153846153848 0.04927884615384615
3 0.5685096153846154 0.3605769230769231 0.025240384615384616 0.0625
1 0.5805288461538461 0.4879807692307692 0.018028846153846152 0.056490384615384616
1 0.5985576923076923 0.48677884615384615 0.03485576923076923 0.04927884615384615
1 0.6033653846153846 0.49278846153846156 0.03365384615384615 0.046875
1 0.6322115384615384 0.49278846153846156 0.038461538461538464 0.06610576923076923
3 0.6526442307692307 0.35697115384615385 0.015625 0.04326923076923077
4 0.7259615384615384 0.4170673076923077 0.018028846153846152 0.05048076923076923
6 0.8004807692307693 0.07692307692307693 0.05048076923076923 0.11778846153846154
3 0.7992788461538461 0.07572115384615384 0.027644230769230768 0.09375
1 0.8617788461538461 0.5096153846153846 0.07451923076923077 0.11298076923076923
1 0.9399038461538461 0.47836538461538464 0.07451923076923077 0.06490384615384616
2 0.9579326923076923 0.4807692307692308 0.025240384615384616 0.09735576923076923
2 0.9663461538461539 0.46875 0.02403846153846154 0.078125