0 0.9459134615384616 0.5288461538461539 0.10336538461538461 0.28846153846153844
7 0.09375 0.34134615384615385 0.019230769230769232 0.046875
1 0.17668269230769232 0.53125 0.037259615384615384 0.04326923076923077
1 0.18269230769230768 0.53125 0.03485576923076923 0.038461538461538464
10 0.25721153846153844 0.4951923076923077 0.08173076923076923 0.15384615384615385
4 0.2512019230769231 0.36177884615384615 0.018028846153846152 0.04927884615384615
1 0.4170673076923077 0.5733173076923077 0.11899038461538461 0.1310096153846154
4 0.3762019230769231 0.4375 0.021634615384615384 0.052884615384615384
2 0.5180288461538461 0.5480769230769231 0.021634615384615384 0.09975961538461539
2 0.5480769230769231 0.5276442307692307 0.018028846153846152 0.08653846153846154
2 0.5576923076923077 0.5444711538461539 0.019230769230769232 0.08774038461538461
1 0.5973557692307693 0.5276442307692307 0.08052884615384616 0.04447115384615385
2 0.6262019230769231 0.5348557692307693 0.019230769230769232 0.11177884615384616
4 0.6298076923076923 0.33533653846153844 0.02403846153846154 0.09735576923076923
1 0.6959134615384616 0.5192307692307693 0.09975961538461539 0.056490384615384616