1 0.12860576923076922 0.5600961538461539 0.140625 0.125
2 0.21754807692307693 0.5264423076923077 0.019230769230769232 0.06610576923076923
4 0.2403846153846154 0.421875 0.018028846153846152 0.05048076923076923
2 0.24879807692307693 0.5324519230769231 0.019230769230769232 0.07211538461538461
1 0.37259615384615385 0.609375 0.21634615384615385 0.25600961538461536
1 0.2932692307692308 0.5300480769230769 0.052884615384615384 0.08052884615384616
1 0.4579326923076923 0.5432692307692307 0.10336538461538461 0.17548076923076922
1 0.5420673076923077 0.5264423076923077 0.09615384615384616 0.109375
4 0.5204326923076923 0.40625 0.019230769230769232 0.05889423076923077
2 0.5721153846153846 0.5336538461538461 0.028846153846153848 0.125
2 0.5913461538461539 0.53125 0.018028846153846152 0.15384615384615385
2 0.6069711538461539 0.5240384615384616 0.027644230769230768 0.12740384615384615
2 0.65625 0.5132211538461539 0.025240384615384616 0.09615384615384616
2 0.6742788461538461 0.49278846153846156 0.027644230769230768 0.078125
2 0.7307692307692307 0.4855769230769231 0.021634615384615384 0.06009615384615385
2 0.7836538461538461 0.5024038461538461 0.04326923076923077 0.07572115384615384
1 0.9459134615384616 0.6682692307692307 0.10336538461538461 0.4375