3 0.19831730769230768 0.3449519230769231 0.019230769230769232 0.052884615384615384
1 0.2536057692307692 0.5180288461538461 0.02403846153846154 0.03125
1 0.29447115384615385 0.5120192307692307 0.028846153846153848 0.056490384615384616
1 0.3245192307692308 0.5216346153846154 0.04927884615384615 0.0625
1 0.3293269230769231 0.5252403846153846 0.056490384615384616 0.078125
1 0.3112980769230769 0.5108173076923077 0.019230769230769232 0.018028846153846152
3 0.32091346153846156 0.4074519230769231 0.009615384615384616 0.03485576923076923
1 0.3581730769230769 0.5144230769230769 0.019230769230769232 0.04447115384615385
3 0.36658653846153844 0.3701923076923077 0.018028846153846152 0.038461538461538464
1 0.41947115384615385 0.5372596153846154 0.10697115384615384 0.12259615384615384
4 0.39302884615384615 0.4254807692307692 0.007211538461538462 0.021634615384615384
4 0.41947115384615385 0.4411057692307692 0.013221153846153846 0.03365384615384615
1 0.47475961538461536 0.5024038461538461 0.037259615384615384 0.056490384615384616
1 0.47475961538461536 0.5120192307692307 0.03365384615384615 0.046875
4 0.49278846153846156 0.4182692307692308 0.019230769230769232 0.037259615384615384
1 0.5697115384615384 0.5252403846153846 0.06850961538461539 0.06850961538461539
1 0.5661057692307693 0.5252403846153846 0.06009615384615385 0.06009615384615385
1 0.5949519230769231 0.5168269230769231 0.021634615384615384 0.038461538461538464
10 0.6442307692307693 0.5024038461538461 0.07572115384615384 0.10336538461538461
10 0.6442307692307693 0.5048076923076923 0.07451923076923077 0.09615384615384616
4 0.6742788461538461 0.43509615384615385 0.013221153846153846 0.03485576923076923
1 0.8882211538461539 0.5588942307692307 0.16947115384615385 0.12259615384615384
1 0.8918269230769231 0.5492788461538461 0.16826923076923078 0.12139423076923077