1 0.026442307692307692 0.5552884615384616 0.052884615384615384 0.10336538461538461
10 0.08533653846153846 0.53125 0.06610576923076923 0.04927884615384615
1 0.16105769230769232 0.5432692307692307 0.056490384615384616 0.055288461538461536
1 0.15865384615384615 0.5396634615384616 0.046875 0.04326923076923077
1 0.21394230769230768 0.5372596153846154 0.03125 0.038461538461538464
3 0.23076923076923078 0.3269230769230769 0.019230769230769232 0.06971153846153846
1 0.28365384615384615 0.5384615384615384 0.06490384615384616 0.05889423076923077
1 0.38221153846153844 0.6045673076923077 0.18990384615384615 0.23677884615384615
3 0.3173076923076923 0.25 0.021634615384615384 0.07451923076923077
4 0.39783653846153844 0.41346153846153844 0.018028846153846152 0.038461538461538464
4 0.39663461538461536 0.41346153846153844 0.013221153846153846 0.037259615384615384
4 0.4375 0.43990384615384615 0.018028846153846152 0.03125
4 0.4387019230769231 0.44350961538461536 0.015625 0.040865384615384616
1 0.4951923076923077 0.5372596153846154 0.037259615384615384 0.07211538461538461
1 0.5420673076923077 0.5444711538461539 0.07451923076923077 0.09615384615384616
4 0.5360576923076923 0.39783653846153844 0.018028846153846152 0.04447115384615385
4 0.5336538461538461 0.39663461538461536 0.013221153846153846 0.03365384615384615
1 0.6370192307692307 0.5961538461538461 0.13701923076923078 0.19110576923076922
1 0.6009615384615384 0.5288461538461539 0.03485576923076923 0.06490384615384616
1 0.6322115384615384 0.5492788461538461 0.09014423076923077 0.11177884615384616
4 0.6586538461538461 0.47475961538461536 0.013221153846153846 0.03125
1 0.8341346153846154 0.6225961538461539 0.328125 0.5805288461538461
1 0.8353365384615384 0.6225961538461539 0.3245192307692308 0.5817307692307693
3 0.9278846153846154 0.33413461538461536 0.019230769230769232 0.04326923076923077