1 0.16947115384615385 0.5240384615384616 0.07572115384615384 0.07572115384615384
1 0.17307692307692307 0.5144230769230769 0.07211538461538461 0.056490384615384616
1 0.33052884615384615 0.4987980769230769 0.056490384615384616 0.07211538461538461
1 0.3329326923076923 0.4951923076923077 0.038461538461538464 0.056490384615384616
1 0.3605769230769231 0.5024038461538461 0.018028846153846152 0.05048076923076923
1 0.38100961538461536 0.4951923076923077 0.03125 0.037259615384615384
1 0.43509615384615385 0.4987980769230769 0.027644230769230768 0.03125
1 0.45552884615384615 0.49038461538461536 0.03485576923076923 0.046875
6 0.4483173076923077 0.41225961538461536 0.013221153846153846 0.027644230769230768
4 0.4855769230769231 0.421875 0.013221153846153846 0.027644230769230768
4 0.5432692307692307 0.4579326923076923 0.015625 0.02403846153846154
1 0.5600961538461539 0.5024038461538461 0.03125 0.05048076923076923
4 0.5673076923076923 0.45552884615384615 0.01201923076923077 0.027644230769230768
1 0.5817307692307693 0.5108173076923077 0.027644230769230768 0.10096153846153846
1 0.6298076923076923 0.5024038461538461 0.08173076923076923 0.09375