2 0.9194711538461539 0.4891826923076923 0.038461538461538464 0.14423076923076922
2 0.8473557692307693 0.578125 0.09134615384615384 0.17548076923076922
1 0.051682692307692304 0.5721153846153846 0.10096153846153846 0.09615384615384616
1 0.052884615384615384 0.578125 0.10336538461538461 0.09375
2 0.15865384615384615 0.5252403846153846 0.021634615384615384 0.040865384615384616
2 0.15865384615384615 0.5240384615384616 0.01201923076923077 0.037259615384615384
1 0.39663461538461536 0.5444711538461539 0.07572115384615384 0.09134615384615384
1 0.5384615384615384 0.5384615384615384 0.08173076923076923 0.09134615384615384
1 0.6947115384615384 0.5649038461538461 0.15865384615384615 0.1875
2 0.8040865384615384 0.4879807692307692 0.028846153846153848 0.08052884615384616
2 0.8064903846153846 0.4855769230769231 0.03125 0.08653846153846154