2 0.7944711538461539 0.4879807692307692 0.028846153846153848 0.1346153846153846
2 0.009615384615384616 0.5552884615384616 0.018028846153846152 0.08413461538461539
2 0.025240384615384616 0.5685096153846154 0.015625 0.06971153846153846
2 0.03365384615384615 0.546875 0.015625 0.06009615384615385
2 0.051682692307692304 0.5432692307692307 0.019230769230769232 0.06490384615384616
2 0.06610576923076923 0.5432692307692307 0.015625 0.06610576923076923
2 0.07572115384615384 0.5408653846153846 0.019230769230769232 0.06850961538461539
2 0.07932692307692307 0.5384615384615384 0.018028846153846152 0.06490384615384616
2 0.09615384615384616 0.5444711538461539 0.013221153846153846 0.08653846153846154
2 0.16947115384615385 0.5444711538461539 0.06971153846153846 0.1971153846153846
6 0.17067307692307693 0.41346153846153844 0.015625 0.040865384615384616
1 0.30649038461538464 0.6225961538461539 0.23076923076923078 0.265625
2 0.23677884615384615 0.4795673076923077 0.040865384615384616 0.11538461538461539
1 0.40384615384615385 0.5492788461538461 0.04447115384615385 0.09735576923076923
1 0.4182692307692308 0.5324519230769231 0.056490384615384616 0.07211538461538461
6 0.49278846153846156 0.3870192307692308 0.018028846153846152 0.056490384615384616
2 0.6117788461538461 0.5276442307692307 0.02403846153846154 0.09134615384615384
2 0.609375 0.5264423076923077 0.018028846153846152 0.08774038461538461
2 0.6550480769230769 0.5396634615384616 0.052884615384615384 0.18028846153846154
2 0.7728365384615384 0.5360576923076923 0.03485576923076923 0.18028846153846154