1 0.07692307692307693 0.5492788461538461 0.08173076923076923 0.07451923076923077
1 0.039663461538461536 0.5132211538461539 0.04326923076923077 0.028846153846153848
1 0.09254807692307693 0.5072115384615384 0.04927884615384615 0.03125
1 0.10576923076923077 0.5168269230769231 0.040865384615384616 0.038461538461538464
1 0.14903846153846154 0.5108173076923077 0.04326923076923077 0.04447115384615385
1 0.19951923076923078 0.5276442307692307 0.056490384615384616 0.055288461538461536
1 0.19951923076923078 0.5276442307692307 0.05048076923076923 0.05048076923076923
1 0.27163461538461536 0.5480769230769231 0.08413461538461539 0.10096153846153846
6 0.25240384615384615 0.45552884615384615 0.018028846153846152 0.040865384615384616
1 0.3245192307692308 0.5144230769230769 0.03365384615384615 0.04326923076923077
1 0.37259615384615385 0.5132211538461539 0.037259615384615384 0.05048076923076923
1 0.3737980769230769 0.5084134615384616 0.025240384615384616 0.038461538461538464
6 0.39302884615384615 0.40865384615384615 0.013221153846153846 0.037259615384615384
4 0.43509615384615385 0.4182692307692308 0.019230769230769232 0.028846153846153848
4 0.5036057692307693 0.45552884615384615 0.013221153846153846 0.03365384615384615
4 0.5288461538461539 0.43990384615384615 0.01201923076923077 0.028846153846153848
1 0.5697115384615384 0.48677884615384615 0.056490384615384616 0.037259615384615384
1 0.6105769230769231 0.48677884615384615 0.03125 0.028846153846153848