1 0.03245192307692308 0.5637019230769231 0.06490384615384616 0.15625
1 0.07692307692307693 0.5564903846153846 0.11177884615384616 0.11778846153846154
10 0.12379807692307693 0.5048076923076923 0.09615384615384616 0.10336538461538461
10 0.12259615384615384 0.49759615384615385 0.09014423076923077 0.078125
1 0.21995192307692307 0.5552884615384616 0.12139423076923077 0.12259615384615384
1 0.3605769230769231 0.5516826923076923 0.16947115384615385 0.2127403846153846
3 0.33052884615384615 0.34615384615384615 0.015625 0.037259615384615384
6 0.41586538461538464 0.34134615384615385 0.013221153846153846 0.037259615384615384
6 0.4855769230769231 0.34375 0.013221153846153846 0.040865384615384616
1 0.5769230769230769 0.5228365384615384 0.056490384615384616 0.09975961538461539
1 0.5829326923076923 0.5192307692307693 0.0625 0.07211538461538461
1 0.6382211538461539 0.5516826923076923 0.11778846153846154 0.140625
6 0.6490384615384616 0.4230769230769231 0.018028846153846152 0.046875
6 0.6526442307692307 0.421875 0.015625 0.03125
6 0.7956730769230769 0.31490384615384615 0.03365384615384615 0.10576923076923077
1 0.9038461538461539 0.5444711538461539 0.1875 0.31971153846153844