1 0.037259615384615384 0.5384615384615384 0.07451923076923077 0.11899038461538461
1 0.08774038461538461 0.578125 0.13221153846153846 0.18028846153846154
10 0.07572115384615384 0.5024038461538461 0.10697115384615384 0.08653846153846154
1 0.2848557692307692 0.5913461538461539 0.328125 0.42427884615384615
3 0.31850961538461536 0.3293269230769231 0.018028846153846152 0.05048076923076923
6 0.41346153846153844 0.32572115384615385 0.018028846153846152 0.04447115384615385
1 0.4951923076923077 0.5324519230769231 0.08413461538461539 0.0625
6 0.49158653846153844 0.32572115384615385 0.018028846153846152 0.05048076923076923
1 0.6935096153846154 0.5649038461538461 0.15985576923076922 0.17548076923076922
2 0.6322115384615384 0.5192307692307693 0.019230769230769232 0.056490384615384616
2 0.6334134615384616 0.5132211538461539 0.013221153846153846 0.038461538461538464
6 0.6802884615384616 0.41586538461538464 0.015625 0.04447115384615385
10 0.8798076923076923 0.4807692307692308 0.23677884615384615 0.140625
6 0.9302884615384616 0.2512019230769231 0.04927884615384615 0.15264423076923078
2 0.9555288461538461 0.5420673076923077 0.028846153846153848 0.11899038461538461