1 0.08533653846153846 0.546875 0.07451923076923077 0.052884615384615384
1 0.11658653846153846 0.5348557692307693 0.09735576923076923 0.09014423076923077
1 0.11538461538461539 0.5336538461538461 0.08653846153846154 0.09615384615384616
1 0.16346153846153846 0.5372596153846154 0.03485576923076923 0.08774038461538461
1 0.3317307692307692 0.5372596153846154 0.04927884615384615 0.06009615384615385
1 0.3293269230769231 0.5396634615384616 0.040865384615384616 0.052884615384615384
1 0.36778846153846156 0.5300480769230769 0.03125 0.038461538461538464
7 0.38221153846153844 0.43509615384615385 0.009615384615384616 0.028846153846153848
1 0.43990384615384615 0.5480769230769231 0.08052884615384616 0.11899038461538461
4 0.43149038461538464 0.4254807692307692 0.009615384615384616 0.028846153846153848
4 0.4723557692307692 0.43149038461538464 0.009615384615384616 0.028846153846153848