1 0.057692307692307696 0.5444711538461539 0.052884615384615384 0.04326923076923077
1 0.171875 0.5480769230769231 0.078125 0.08413461538461539
1 0.17427884615384615 0.5480769230769231 0.078125 0.08413461538461539
1 0.2548076923076923 0.546875 0.08052884615384616 0.10697115384615384
1 0.39903846153846156 0.5817307692307693 0.09975961538461539 0.171875
7 0.3641826923076923 0.21995192307692307 0.027644230769230768 0.078125
4 0.5168269230769231 0.25841346153846156 0.027644230769230768 0.078125
1 0.5492788461538461 0.5444711538461539 0.07572115384615384 0.17427884615384615
1 0.6382211538461539 0.5588942307692307 0.15985576923076922 0.21153846153846154
4 0.6490384615384616 0.2980769230769231 0.03125 0.07572115384615384
4 0.6466346153846154 0.28966346153846156 0.021634615384615384 0.06971153846153846
1 0.8822115384615384 0.6610576923076923 0.23076923076923078 0.5757211538461539
4 0.8016826923076923 0.40384615384615385 0.02403846153846154 0.05048076923076923