1 0.9086538461538461 0.6442307692307693 0.18028846153846154 0.3942307692307692
2 0.030048076923076924 0.5649038461538461 0.06009615384615385 0.2776442307692308
1 0.10817307692307693 0.5372596153846154 0.09975961538461539 0.08413461538461539
1 0.10576923076923077 0.5372596153846154 0.08052884615384616 0.07572115384615384
2 0.0889423076923077 0.5240384615384616 0.03125 0.1310096153846154
1 0.15625 0.53125 0.055288461538461536 0.06490384615384616
1 0.16466346153846154 0.53125 0.03125 0.06971153846153846
1 0.3088942307692308 0.5144230769230769 0.056490384615384616 0.22115384615384615
2 0.3125 0.5192307692307693 0.06009615384615385 0.22596153846153846
1 0.44350961538461536 0.5336538461538461 0.20072115384615385 0.11177884615384616
1 0.5504807692307693 0.5432692307692307 0.015625 0.06610576923076923
1 0.5865384615384616 0.5456730769230769 0.0625 0.07211538461538461
1 0.6526442307692307 0.5492788461538461 0.09014423076923077 0.09375
1 0.6911057692307693 0.5757211538461539 0.056490384615384616 0.1346153846153846
1 0.8461538461538461 0.5685096153846154 0.30528846153846156 0.24278846153846154