1 0.18028846153846154 0.47716346153846156 0.056490384615384616 0.05889423076923077
1 0.234375 0.5072115384615384 0.08653846153846154 0.09615384615384616
1 0.234375 0.515625 0.08413461538461539 0.08774038461538461
1 0.28966346153846156 0.5060096153846154 0.025240384615384616 0.07572115384615384
4 0.3605769230769231 0.44591346153846156 0.013221153846153846 0.03125
4 0.36177884615384615 0.44471153846153844 0.013221153846153846 0.03125
1 0.42427884615384615 0.4879807692307692 0.03485576923076923 0.055288461538461536
1 0.5288461538461539 0.5048076923076923 0.12740384615384615 0.18028846153846154
4 0.5060096153846154 0.38341346153846156 0.019230769230769232 0.03125
4 0.5108173076923077 0.37259615384615385 0.013221153846153846 0.03125
4 0.5733173076923077 0.4411057692307692 0.01201923076923077 0.03125
4 0.5769230769230769 0.4362980769230769 0.018028846153846152 0.027644230769230768
1 0.6045673076923077 0.5072115384615384 0.0625 0.08413461538461539
4 0.5985576923076923 0.41225961538461536 0.021634615384615384 0.04927884615384615
4 0.5997596153846154 0.4182692307692308 0.013221153846153846 0.021634615384615384