1 0.04326923076923077 0.5709134615384616 0.08653846153846154 0.11778846153846154
1 0.10336538461538461 0.5600961538461539 0.052884615384615384 0.11177884615384616
1 0.17548076923076922 0.5372596153846154 0.11538461538461539 0.06610576923076923
1 0.25240384615384615 0.53125 0.04326923076923077 0.056490384615384616
1 0.29927884615384615 0.5204326923076923 0.04447115384615385 0.04927884615384615
1 0.40625 0.5733173076923077 0.15264423076923078 0.20673076923076922
1 0.5360576923076923 0.5432692307692307 0.05048076923076923 0.08774038461538461
1 0.6033653846153846 0.5336538461538461 0.11298076923076923 0.14903846153846154
1 0.6490384615384616 0.5564903846153846 0.11538461538461539 0.16947115384615385
1 0.7512019230769231 0.5649038461538461 0.18509615384615385 0.21875
1 0.890625 0.5913461538461539 0.21514423076923078 0.31009615384615385