1 0.04567307692307692 0.5432692307692307 0.09134615384615384 0.0673076923076923
1 0.04567307692307692 0.49759615384615385 0.05889423076923077 0.037259615384615384
1 0.1971153846153846 0.5456730769230769 0.14903846153846154 0.14903846153846154
6 0.20552884615384615 0.44711538461538464 0.018028846153846152 0.04326923076923077
1 0.27524038461538464 0.5144230769230769 0.052884615384615384 0.056490384615384616
1 0.27884615384615385 0.5132211538461539 0.046875 0.04326923076923077
1 0.33533653846153844 0.5132211538461539 0.07211538461538461 0.08413461538461539
1 0.3401442307692308 0.5096153846153846 0.046875 0.055288461538461536
6 0.37740384615384615 0.38341346153846156 0.015625 0.037259615384615384
4 0.4326923076923077 0.39302884615384615 0.019230769230769232 0.03125
4 0.5180288461538461 0.4411057692307692 0.015625 0.03365384615384615
4 0.5612980769230769 0.41346153846153844 0.019230769230769232 0.055288461538461536
4 0.5637019230769231 0.41947115384615385 0.015625 0.03125
1 0.609375 0.47596153846153844 0.07211538461538461 0.055288461538461536
1 0.6117788461538461 0.47716346153846156 0.06490384615384616 0.04326923076923077
1 0.6586538461538461 0.47596153846153844 0.037259615384615384 0.040865384615384616
1 0.6610576923076923 0.47836538461538464 0.037259615384615384 0.03365384615384615
1 0.7127403846153846 0.4735576923076923 0.046875 0.046875
1 0.7536057692307693 0.46875 0.0625 0.04326923076923077
1 0.7560096153846154 0.4735576923076923 0.06490384615384616 0.046875