1 0.2620192307692308 0.53125 0.09735576923076923 0.13822115384615385
1 0.3173076923076923 0.5372596153846154 0.02403846153846154 0.09375
1 0.3317307692307692 0.53125 0.028846153846153848 0.08413461538461539
1 0.3858173076923077 0.5300480769230769 0.04927884615384615 0.06009615384615385
1 0.4579326923076923 0.5360576923076923 0.04326923076923077 0.06490384615384616
1 0.46033653846153844 0.5324519230769231 0.037259615384615384 0.078125
1 0.5012019230769231 0.5348557692307693 0.056490384615384616 0.11899038461538461
1 0.5048076923076923 0.5324519230769231 0.06009615384615385 0.10697115384615384
1 0.5384615384615384 0.5444711538461539 0.06009615384615385 0.18389423076923078
1 0.5456730769230769 0.5444711538461539 0.06850961538461539 0.16826923076923078
1 0.5865384615384616 0.5745192307692307 0.07451923076923077 0.25721153846153844
1 0.7908653846153846 0.6382211538461539 0.35697115384615385 0.36899038461538464