1 0.052884615384615384 0.5949519230769231 0.10576923076923077 0.1310096153846154
1 0.12860576923076922 0.5673076923076923 0.06850961538461539 0.11538461538461539
1 0.17427884615384615 0.5540865384615384 0.04447115384615385 0.06610576923076923
1 0.17548076923076922 0.5612980769230769 0.03485576923076923 0.08413461538461539
1 0.23557692307692307 0.5336538461538461 0.05048076923076923 0.04447115384615385
1 0.33653846153846156 0.5625 0.15384615384615385 0.23197115384615385
1 0.43509615384615385 0.5192307692307693 0.03485576923076923 0.05048076923076923
1 0.4387019230769231 0.5240384615384616 0.028846153846153848 0.06009615384615385
1 0.5540865384615384 0.5480769230769231 0.10697115384615384 0.11778846153846154
2 0.7524038461538461 0.5324519230769231 0.04447115384615385 0.14903846153846154
2 0.7524038461538461 0.5372596153846154 0.04326923076923077 0.16947115384615385
2 0.8257211538461539 0.5120192307692307 0.028846153846153848 0.16947115384615385
2 0.8269230769230769 0.5216346153846154 0.027644230769230768 0.18028846153846154