2 0.8653846153846154 0.48677884615384615 0.015625 0.06971153846153846
3 0.07091346153846154 0.08533653846153846 0.109375 0.15625
1 0.16826923076923078 0.5096153846153846 0.1875 0.15625
1 0.36658653846153844 0.5108173076923077 0.07572115384615384 0.06850961538461539
1 0.4375 0.49158653846153844 0.04927884615384615 0.055288461538461536
1 0.4326923076923077 0.4963942307692308 0.03485576923076923 0.04447115384615385
3 0.5697115384615384 0.028846153846153848 0.027644230769230768 0.056490384615384616
3 0.5661057692307693 0.3605769230769231 0.013221153846153846 0.052884615384615384
3 0.6526442307692307 0.3557692307692308 0.015625 0.040865384615384616
4 0.7259615384615384 0.41225961538461536 0.015625 0.046875
0 0.7548076923076923 0.48197115384615385 0.021634615384615384 0.06610576923076923
3 0.8004807692307693 0.0733173076923077 0.025240384615384616 0.09014423076923077
2 0.8112980769230769 0.4807692307692308 0.015625 0.052884615384615384
1 0.9375 0.5072115384615384 0.11899038461538461 0.234375