2 0.40865384615384615 0.5600961538461539 0.013221153846153846 0.05889423076923077
2 0.42427884615384615 0.5564903846153846 0.013221153846153846 0.0625
1 0.25240384615384615 0.5757211538461539 0.052884615384615384 0.055288461538461536
2 0.2536057692307692 0.5757211538461539 0.04326923076923077 0.055288461538461536
2 0.43509615384615385 0.5588942307692307 0.018028846153846152 0.06971153846153846
2 0.5012019230769231 0.5444711538461539 0.019230769230769232 0.11899038461538461
2 0.5012019230769231 0.5528846153846154 0.018028846153846152 0.11899038461538461
2 0.5252403846153846 0.5432692307692307 0.02403846153846154 0.10697115384615384
2 0.5264423076923077 0.5444711538461539 0.019230769230769232 0.11298076923076923
2 0.5540865384615384 0.5408653846153846 0.03125 0.14423076923076922
2 0.5552884615384616 0.5420673076923077 0.025240384615384616 0.140625