1 0.9254807692307693 0.5709134615384616 0.1466346153846154 0.296875
1 0.08533653846153846 0.5240384615384616 0.04927884615384615 0.056490384615384616
1 0.09134615384615384 0.5252403846153846 0.040865384615384616 0.06850961538461539
1 0.38461538461538464 0.5480769230769231 0.10096153846153846 0.1466346153846154
1 0.5204326923076923 0.5240384615384616 0.08653846153846154 0.056490384615384616
1 0.5204326923076923 0.5240384615384616 0.07451923076923077 0.06009615384615385
1 0.6237980769230769 0.5336538461538461 0.06490384615384616 0.11899038461538461
1 0.6129807692307693 0.5492788461538461 0.040865384615384616 0.12259615384615384
1 0.7439903846153846 0.5504807692307693 0.21875 0.14903846153846154
2 0.7487980769230769 0.5564903846153846 0.22596153846153846 0.15384615384615385
2 0.7560096153846154 0.46875 0.018028846153846152 0.052884615384615384