1 0.046875 0.5793269230769231 0.09375 0.16826923076923078
1 0.15384615384615385 0.5384615384615384 0.052884615384615384 0.052884615384615384
1 0.22596153846153846 0.5697115384615384 0.14302884615384615 0.15384615384615385
7 0.22355769230769232 0.39663461538461536 0.021634615384615384 0.055288461538461536
7 0.28365384615384615 0.3545673076923077 0.019230769230769232 0.0625
1 0.34615384615384615 0.53125 0.040865384615384616 0.06009615384615385
1 0.38822115384615385 0.5336538461538461 0.06610576923076923 0.09014423076923077
8 0.36778846153846156 0.31490384615384615 0.02403846153846154 0.05889423076923077
8 0.5192307692307693 0.42427884615384615 0.013221153846153846 0.040865384615384616
2 0.5324519230769231 0.5084134615384616 0.02403846153846154 0.08653846153846154
1 0.6201923076923077 0.5216346153846154 0.09735576923076923 0.06490384615384616
1 0.6850961538461539 0.5192307692307693 0.08653846153846154 0.06850961538461539
1 0.7475961538461539 0.5180288461538461 0.11177884615384616 0.08653846153846154
1 0.7584134615384616 0.5180288461538461 0.12740384615384615 0.078125
1 0.8004807692307693 0.46875 0.09615384615384616 0.040865384615384616
1 0.8966346153846154 0.49038461538461536 0.08774038461538461 0.06490384615384616