1 0.019230769230769232 0.5841346153846154 0.038461538461538464 0.12980769230769232
1 0.8365384615384616 0.6165865384615384 0.28725961538461536 0.25961538461538464
1 0.0829326923076923 0.5540865384615384 0.109375 0.11899038461538461
1 0.1502403846153846 0.5540865384615384 0.037259615384615384 0.09735576923076923
1 0.18870192307692307 0.5540865384615384 0.038461538461538464 0.06850961538461539
1 0.21153846153846154 0.5480769230769231 0.03365384615384615 0.0625
1 0.25961538461538464 0.5396634615384616 0.03365384615384615 0.06610576923076923
1 0.3401442307692308 0.5324519230769231 0.04326923076923077 0.0625
1 0.5204326923076923 0.5372596153846154 0.056490384615384616 0.06971153846153846
1 0.5576923076923077 0.5588942307692307 0.037259615384615384 0.09014423076923077
1 0.5925480769230769 0.5492788461538461 0.04927884615384615 0.15264423076923078
1 0.6502403846153846 0.5612980769230769 0.09134615384615384 0.19110576923076922