3 0.06370192307692307 0.06971153846153846 0.09014423076923077 0.1346153846153846
1 0.16706730769230768 0.5228365384615384 0.15384615384615385 0.13822115384615385
1 0.26322115384615385 0.4879807692307692 0.08653846153846154 0.078125
1 0.36538461538461536 0.5012019230769231 0.12139423076923077 0.07572115384615384
3 0.5721153846153846 0.027644230769230768 0.028846153846153848 0.052884615384615384
6 0.5649038461538461 0.3629807692307692 0.015625 0.046875
1 0.5865384615384616 0.4963942307692308 0.04447115384615385 0.038461538461538464
6 0.6538461538461539 0.3581730769230769 0.018028846153846152 0.05048076923076923
6 0.7283653846153846 0.41947115384615385 0.013221153846153846 0.04927884615384615
1 0.7908653846153846 0.49399038461538464 0.11298076923076923 0.05889423076923077
6 0.8004807692307693 0.07572115384615384 0.028846153846153848 0.09375
1 0.8617788461538461 0.4891826923076923 0.07211538461538461 0.055288461538461536