1 0.8461538461538461 0.6069711538461539 0.30528846153846156 0.28846153846153844
7 0.15865384615384615 0.43028846153846156 0.01201923076923077 0.028846153846153848
7 0.16466346153846154 0.4362980769230769 0.01201923076923077 0.046875
1 0.23557692307692307 0.49759615384615385 0.056490384615384616 0.05048076923076923
1 0.3161057692307692 0.5048076923076923 0.07211538461538461 0.08052884615384616
1 0.3233173076923077 0.5048076923076923 0.06610576923076923 0.08653846153846154
7 0.3713942307692308 0.34375 0.019230769230769232 0.05048076923076923
6 0.37259615384615385 0.33052884615384615 0.019230769230769232 0.03125
1 0.42788461538461536 0.49158653846153844 0.04447115384615385 0.05889423076923077
4 0.44711538461538464 0.3449519230769231 0.019230769230769232 0.046875
4 0.45072115384615385 0.3545673076923077 0.019230769230769232 0.025240384615384616
4 0.5721153846153846 0.42908653846153844 0.021634615384615384 0.027644230769230768
4 0.5769230769230769 0.41586538461538464 0.02403846153846154 0.05889423076923077
1 0.6586538461538461 0.5600961538461539 0.08774038461538461 0.203125
1 0.6935096153846154 0.5444711538461539 0.14903846153846154 0.15865384615384615
4 0.6478365384615384 0.3918269230769231 0.021634615384615384 0.06009615384615385
4 0.6478365384615384 0.39903846153846156 0.021634615384615384 0.02403846153846154