1 0.040865384615384616 0.5192307692307693 0.08173076923076923 0.07211538461538461
1 0.19230769230769232 0.5012019230769231 0.0625 0.052884615384615384
1 0.2956730769230769 0.5348557692307693 0.13822115384615385 0.140625
3 0.26802884615384615 0.33413461538461536 0.018028846153846152 0.04927884615384615
4 0.3557692307692308 0.3173076923076923 0.019230769230769232 0.04326923076923077
4 0.35697115384615385 0.3173076923076923 0.019230769230769232 0.04927884615384615
4 0.42427884615384615 0.31850961538461536 0.013221153846153846 0.04326923076923077
1 0.4579326923076923 0.4951923076923077 0.03125 0.040865384615384616
1 0.5 0.5024038461538461 0.06009615384615385 0.078125
4 0.5985576923076923 0.41225961538461536 0.019230769230769232 0.04326923076923077
4 0.6430288461538461 0.359375 0.021634615384615384 0.07572115384615384
1 0.6682692307692307 0.5 0.046875 0.055288461538461536
1 0.7079326923076923 0.4951923076923077 0.08774038461538461 0.046875
1 0.765625 0.4963942307692308 0.09134615384615384 0.06850961538461539
1 0.8365384615384616 0.48677884615384615 0.078125 0.06490384615384616