1 0.06129807692307692 0.5528846153846154 0.12259615384615384 0.13822115384615385
1 0.0889423076923077 0.5661057692307693 0.09014423076923077 0.12740384615384615
1 0.13942307692307693 0.5516826923076923 0.1310096153846154 0.12740384615384615
1 0.16346153846153846 0.5552884615384616 0.06610576923076923 0.11538461538461539
1 0.20793269230769232 0.5492788461538461 0.027644230769230768 0.13822115384615385
1 0.22596153846153846 0.5612980769230769 0.025240384615384616 0.06009615384615385
1 0.24639423076923078 0.5516826923076923 0.019230769230769232 0.08774038461538461
1 0.27163461538461536 0.5288461538461539 0.038461538461538464 0.06971153846153846
1 0.46153846153846156 0.546875 0.08173076923076923 0.11177884615384616
10 0.5600961538461539 0.46274038461538464 0.27163461538461536 0.11177884615384616
10 0.5673076923076923 0.4807692307692308 0.2848557692307692 0.13822115384615385
1 0.8485576923076923 0.5096153846153846 0.046875 0.05048076923076923