10 0.056490384615384616 0.5180288461538461 0.11177884615384616 0.11298076923076923
1 0.09014423076923077 0.5829326923076923 0.12740384615384615 0.18028846153846154
1 0.2932692307692308 0.5961538461538461 0.31490384615384615 0.42427884615384615
3 0.3161057692307692 0.33413461538461536 0.019230769230769232 0.05889423076923077
6 0.41346153846153844 0.3269230769230769 0.025240384615384616 0.056490384615384616
6 0.41586538461538464 0.33774038461538464 0.018028846153846152 0.055288461538461536
1 0.4951923076923077 0.5120192307692307 0.03485576923076923 0.03125
6 0.49158653846153844 0.3293269230769231 0.025240384615384616 0.06850961538461539
6 0.49278846153846156 0.328125 0.018028846153846152 0.046875
10 0.5216346153846154 0.5036057692307693 0.028846153846153848 0.04326923076923077
1 0.6298076923076923 0.5432692307692307 0.046875 0.11778846153846154
1 0.7980769230769231 0.6274038461538461 0.375 0.35697115384615385
6 0.6790865384615384 0.42788461538461536 0.019230769230769232 0.055288461538461536
1 0.9423076923076923 0.5192307692307693 0.08052884615384616 0.06009615384615385
6 0.9350961538461539 0.25841346153846156 0.055288461538461536 0.15384615384615385
2 0.9555288461538461 0.5204326923076923 0.038461538461538464 0.07572115384615384
2 0.9555288461538461 0.5216346153846154 0.027644230769230768 0.06610576923076923