1 0.3293269230769231 0.4963942307692308 0.09134615384615384 0.12139423076923077
1 0.4098557692307692 0.5024038461538461 0.07451923076923077 0.08413461538461539
7 0.5588942307692307 0.24278846153846154 0.025240384615384616 0.09014423076923077
6 0.6790865384615384 0.25 0.025240384615384616 0.08653846153846154
2 0.7872596153846154 0.5817307692307693 0.08653846153846154 0.33774038461538464
2 0.7872596153846154 0.5805288461538461 0.06850961538461539 0.36899038461538464
1 0.7728365384615384 0.49759615384615385 0.028846153846153848 0.05048076923076923
0 0.8197115384615384 0.5877403846153846 0.08173076923076923 0.43149038461538464
1 0.8557692307692307 0.49399038461538464 0.03125 0.04447115384615385
2 0.9194711538461539 0.5408653846153846 0.09975961538461539 0.49278846153846156
6 0.9783653846153846 0.3786057692307692 0.027644230769230768 0.07211538461538461