0 0.7836538461538461 0.5264423076923077 0.05889423076923077 0.10096153846153846
1 0.12139423076923077 0.5396634615384616 0.078125 0.06971153846153846
1 0.15985576923076922 0.5480769230769231 0.1346153846153846 0.10697115384615384
1 0.33052884615384615 0.6502403846153846 0.3245192307692308 0.4098557692307692
7 0.2800480769230769 0.27524038461538464 0.019230769230769232 0.055288461538461536
6 0.3918269230769231 0.28725961538461536 0.015625 0.06009615384615385
2 0.5180288461538461 0.5216346153846154 0.009615384615384616 0.06610576923076923
2 0.5288461538461539 0.5192307692307693 0.013221153846153846 0.052884615384615384
2 0.5384615384615384 0.5168269230769231 0.02403846153846154 0.06971153846153846
2 0.5384615384615384 0.5168269230769231 0.015625 0.0625
2 0.5625 0.5228365384615384 0.025240384615384616 0.08774038461538461
6 0.5637019230769231 0.4074519230769231 0.018028846153846152 0.055288461538461536
2 0.5913461538461539 0.5132211538461539 0.021634615384615384 0.07211538461538461
0 0.6598557692307693 0.5276442307692307 0.037259615384615384 0.09134615384615384
1 0.9098557692307693 0.5204326923076923 0.1778846153846154 0.08173076923076923