1 0.0889423076923077 0.5492788461538461 0.078125 0.078125
1 0.19110576923076922 0.5144230769230769 0.07572115384615384 0.09615384615384616
10 0.19230769230769232 0.5144230769230769 0.06490384615384616 0.09014423076923077
1 0.25841346153846156 0.5228365384615384 0.037259615384615384 0.05889423076923077
1 0.296875 0.5360576923076923 0.07211538461538461 0.078125
1 0.3401442307692308 0.5096153846153846 0.025240384615384616 0.03125
1 0.3798076923076923 0.5120192307692307 0.027644230769230768 0.037259615384615384
6 0.38822115384615385 0.4230769230769231 0.015625 0.038461538461538464
4 0.4266826923076923 0.42788461538461536 0.019230769230769232 0.028846153846153848
4 0.47836538461538464 0.46875 0.013221153846153846 0.03365384615384615
4 0.49759615384615385 0.46033653846153844 0.013221153846153846 0.03125
1 0.5336538461538461 0.49158653846153844 0.046875 0.037259615384615384