1 0.5540865384615384 0.5300480769230769 0.13221153846153846 0.09615384615384616
1 0.038461538461538464 0.5216346153846154 0.07451923076923077 0.18028846153846154
1 0.042067307692307696 0.5504807692307693 0.06610576923076923 0.22115384615384615
1 0.09375 0.5805288461538461 0.12740384615384615 0.17427884615384615
10 0.10096153846153846 0.47475961538461536 0.09615384615384616 0.07451923076923077
1 0.2848557692307692 0.5889423076923077 0.32572115384615385 0.41346153846153844
3 0.3161057692307692 0.328125 0.019230769230769232 0.056490384615384616
6 0.41346153846153844 0.32572115384615385 0.019230769230769232 0.04927884615384615
1 0.4831730769230769 0.5204326923076923 0.02403846153846154 0.03125
6 0.49278846153846156 0.3269230769230769 0.019230769230769232 0.05889423076923077
1 0.8004807692307693 0.6334134615384616 0.37740384615384615 0.36778846153846156
1 0.6382211538461539 0.5432692307692307 0.04447115384615385 0.11778846153846154
6 0.6790865384615384 0.4182692307692308 0.018028846153846152 0.04927884615384615
1 0.7992788461538461 0.4651442307692308 0.23076923076923078 0.10336538461538461
10 0.9290865384615384 0.47596153846153844 0.1310096153846154 0.1310096153846154
6 0.9302884615384616 0.25600961538461536 0.052884615384615384 0.15865384615384615
2 0.9483173076923077 0.5132211538461539 0.027644230769230768 0.055288461538461536