2 0.038461538461538464 0.5480769230769231 0.018028846153846152 0.10096153846153846
2 0.052884615384615384 0.5709134615384616 0.018028846153846152 0.055288461538461536
2 0.0733173076923077 0.5444711538461539 0.025240384615384616 0.11538461538461539
2 0.0733173076923077 0.5456730769230769 0.019230769230769232 0.11177884615384616
1 0.12740384615384615 0.5552884615384616 0.078125 0.08173076923076923
1 0.22716346153846154 0.5444711538461539 0.08413461538461539 0.09375
1 0.2824519230769231 0.5288461538461539 0.03125 0.06610576923076923
1 0.31009615384615385 0.5192307692307693 0.03125 0.06610576923076923
1 0.40024038461538464 0.5300480769230769 0.11298076923076923 0.11177884615384616
1 0.44350961538461536 0.5192307692307693 0.04927884615384615 0.055288461538461536
2 0.515625 0.5060096153846154 0.019230769230769232 0.08653846153846154
2 0.53125 0.4987980769230769 0.015625 0.09134615384615384
2 0.5336538461538461 0.49759615384615385 0.013221153846153846 0.08052884615384616
3 0.5817307692307693 0.3137019230769231 0.027644230769230768 0.09735576923076923
2 0.9362980769230769 0.46875 0.021634615384615384 0.12259615384615384
2 0.9651442307692307 0.47716346153846156 0.019230769230769232 0.12259615384615384
2 0.9855769230769231 0.4795673076923077 0.025240384615384616 0.15865384615384615