1 0.03485576923076923 0.6358173076923077 0.06971153846153846 0.23798076923076922
1 0.17067307692307693 0.5384615384615384 0.06971153846153846 0.07451923076923077
1 0.21634615384615385 0.5384615384615384 0.03365384615384615 0.037259615384615384
1 0.296875 0.5336538461538461 0.11899038461538461 0.1310096153846154
1 0.24759615384615385 0.5384615384615384 0.018028846153846152 0.038461538461538464
1 0.39663461538461536 0.5288461538461539 0.038461538461538464 0.06009615384615385
1 0.45072115384615385 0.5252403846153846 0.046875 0.0625
1 0.48677884615384615 0.5144230769230769 0.040865384615384616 0.07451923076923077
1 0.4891826923076923 0.5096153846153846 0.028846153846153848 0.046875
1 0.5516826923076923 0.5480769230769231 0.11298076923076923 0.12860576923076922
2 0.75 0.5360576923076923 0.025240384615384616 0.11538461538461539
2 0.7487980769230769 0.5336538461538461 0.015625 0.10096153846153846
2 0.7740384615384616 0.5300480769230769 0.03125 0.13701923076923078
2 0.7716346153846154 0.5288461538461539 0.019230769230769232 0.11778846153846154
10 0.8076923076923077 0.5132211538461539 0.08413461538461539 0.052884615384615384
1 0.8329326923076923 0.5384615384615384 0.07451923076923077 0.06971153846153846
1 0.9074519230769231 0.5372596153846154 0.14903846153846154 0.10096153846153846