1 0.8689903846153846 0.6490384615384616 0.25721153846153844 0.42788461538461536
1 0.16706730769230768 0.5324519230769231 0.11177884615384616 0.07211538461538461
1 0.3701923076923077 0.5084134615384616 0.04447115384615385 0.06490384615384616
1 0.37740384615384615 0.5084134615384616 0.052884615384615384 0.0625
1 0.40865384615384615 0.5096153846153846 0.027644230769230768 0.037259615384615384
1 0.42788461538461536 0.5036057692307693 0.02403846153846154 0.040865384615384616
1 0.4639423076923077 0.49759615384615385 0.038461538461538464 0.056490384615384616
1 0.5889423076923077 0.48677884615384615 0.037259615384615384 0.06490384615384616
1 0.5853365384615384 0.49038461538461536 0.03125 0.06009615384615385
1 0.6153846153846154 0.5072115384615384 0.052884615384615384 0.109375
1 0.6274038461538461 0.5048076923076923 0.07211538461538461 0.10697115384615384
1 0.6899038461538461 0.5336538461538461 0.12259615384615384 0.1622596153846154