3 0.06370192307692307 0.0673076923076923 0.08173076923076923 0.12860576923076922
2 0.16947115384615385 0.5769230769230769 0.18028846153846154 0.7992788461538461
2 0.21153846153846154 0.5925480769230769 0.234375 0.7848557692307693
1 0.43509615384615385 0.4951923076923077 0.11778846153846154 0.052884615384615384
1 0.6129807692307693 0.4987980769230769 0.11899038461538461 0.06490384615384616
3 0.5721153846153846 0.028846153846153848 0.027644230769230768 0.052884615384615384
6 0.5649038461538461 0.3629807692307692 0.013221153846153846 0.04326923076923077
6 0.6538461538461539 0.3581730769230769 0.018028846153846152 0.05048076923076923
6 0.6526442307692307 0.35697115384615385 0.009615384615384616 0.038461538461538464
6 0.7283653846153846 0.41947115384615385 0.013221153846153846 0.04927884615384615
1 0.8257211538461539 0.48677884615384615 0.11778846153846154 0.07211538461538461
6 0.8004807692307693 0.07572115384615384 0.028846153846153848 0.09134615384615384
1 0.8617788461538461 0.4891826923076923 0.07211538461538461 0.055288461538461536
1 0.9206730769230769 0.48677884615384615 0.10336538461538461 0.056490384615384616