1 0.07211538461538461 0.6213942307692307 0.14423076923076922 0.36177884615384615
1 0.17548076923076922 0.5372596153846154 0.06610576923076923 0.07211538461538461
1 0.33413461538461536 0.6514423076923077 0.31971153846153844 0.39302884615384615
3 0.2764423076923077 0.2800480769230769 0.02403846153846154 0.06610576923076923
3 0.38822115384615385 0.2860576923076923 0.02403846153846154 0.07451923076923077
2 0.5036057692307693 0.5600961538461539 0.052884615384615384 0.21514423076923078
3 0.5637019230769231 0.41586538461538464 0.027644230769230768 0.078125
2 0.5805288461538461 0.5204326923076923 0.018028846153846152 0.08173076923076923
2 0.5961538461538461 0.5252403846153846 0.019230769230769232 0.08653846153846154
0 0.6478365384615384 0.5252403846153846 0.03365384615384615 0.09134615384615384
2 0.6862980769230769 0.5264423076923077 0.02403846153846154 0.08653846153846154
2 0.7007211538461539 0.5300480769230769 0.025240384615384616 0.08653846153846154
2 0.7247596153846154 0.5240384615384616 0.02403846153846154 0.09014423076923077
2 0.7788461538461539 0.5180288461538461 0.025240384615384616 0.109375
1 0.9507211538461539 0.5252403846153846 0.09134615384615384 0.08413461538461539