2 0.14182692307692307 0.5300480769230769 0.052884615384615384 0.08052884615384616
2 0.140625 0.5204326923076923 0.02403846153846154 0.06610576923076923
2 0.17307692307692307 0.5276442307692307 0.018028846153846152 0.07211538461538461
1 0.24759615384615385 0.5288461538461539 0.09014423076923077 0.10336538461538461
4 0.22716346153846154 0.41346153846153844 0.018028846153846152 0.055288461538461536
1 0.3918269230769231 0.5973557692307693 0.203125 0.24278846153846154
1 0.46875 0.5456730769230769 0.11778846153846154 0.17548076923076922
4 0.5204326923076923 0.39783653846153844 0.019230769230769232 0.05889423076923077
2 0.5853365384615384 0.5384615384615384 0.037259615384615384 0.1346153846153846
1 0.6478365384615384 0.5144230769230769 0.14903846153846154 0.10697115384615384
2 0.5985576923076923 0.53125 0.018028846153846152 0.16346153846153846
2 0.6189903846153846 0.5180288461538461 0.03365384615384615 0.12860576923076922
2 0.6694711538461539 0.5204326923076923 0.03125 0.125
2 0.6694711538461539 0.5096153846153846 0.025240384615384616 0.09735576923076923
2 0.6911057692307693 0.49759615384615385 0.021634615384615384 0.08774038461538461
2 0.7199519230769231 0.49158653846153844 0.025240384615384616 0.09014423076923077
2 0.8317307692307693 0.49759615384615385 0.052884615384615384 0.08052884615384616