2 0.5444711538461539 0.5240384615384616 0.015625 0.06971153846153846
1 0.12139423076923077 0.5396634615384616 0.078125 0.06971153846153846
1 0.33052884615384615 0.6514423076923077 0.3245192307692308 0.4098557692307692
7 0.2800480769230769 0.27524038461538464 0.019230769230769232 0.05889423076923077
6 0.390625 0.28725961538461536 0.018028846153846152 0.06610576923076923
2 0.5625 0.5228365384615384 0.02403846153846154 0.09615384615384616
6 0.5625 0.4074519230769231 0.019230769230769232 0.0625
2 0.5709134615384616 0.5204326923076923 0.021634615384615384 0.08173076923076923
0 0.6033653846153846 0.5288461538461539 0.06490384615384616 0.09975961538461539
0 0.6598557692307693 0.5276442307692307 0.037259615384615384 0.09134615384615384
1 0.9435096153846154 0.515625 0.11177884615384616 0.08653846153846154