1 0.8605769230769231 0.48677884615384615 0.06850961538461539 0.04447115384615385
1 0.9134615384615384 0.4891826923076923 0.09375 0.04927884615384615
3 0.06370192307692307 0.06850961538461539 0.08653846153846154 0.13221153846153846
1 0.21634615384615385 0.5216346153846154 0.1310096153846154 0.12740384615384615
1 0.4050480769230769 0.5 0.08774038461538461 0.052884615384615384
1 0.41346153846153844 0.49759615384615385 0.09735576923076923 0.06009615384615385
1 0.4735576923076923 0.49399038461538464 0.040865384615384616 0.05048076923076923
1 0.47475961538461536 0.4951923076923077 0.027644230769230768 0.037259615384615384
3 0.5721153846153846 0.027644230769230768 0.028846153846153848 0.05048076923076923
6 0.5649038461538461 0.3629807692307692 0.013221153846153846 0.046875
1 0.5901442307692307 0.49038461538461536 0.056490384615384616 0.038461538461538464
1 0.5913461538461539 0.49759615384615385 0.037259615384615384 0.05048076923076923
6 0.6538461538461539 0.3581730769230769 0.018028846153846152 0.05048076923076923
6 0.6526442307692307 0.35697115384615385 0.009615384615384616 0.038461538461538464
1 0.7259615384615384 0.5 0.12259615384615384 0.07451923076923077
6 0.7283653846153846 0.41947115384615385 0.013221153846153846 0.04927884615384615
1 0.8040865384615384 0.4807692307692308 0.09014423076923077 0.06850961538461539
6 0.8004807692307693 0.07572115384615384 0.028846153846153848 0.09375