1 0.24639423076923078 0.5865384615384616 0.2247596153846154 0.23798076923076922
1 0.35096153846153844 0.5192307692307693 0.06971153846153846 0.06971153846153846
1 0.34375 0.5204326923076923 0.05048076923076923 0.052884615384615384
1 0.40865384615384615 0.5108173076923077 0.04326923076923077 0.055288461538461536
1 0.41466346153846156 0.5168269230769231 0.02403846153846154 0.03125
1 0.5252403846153846 0.5444711538461539 0.037259615384615384 0.08774038461538461
1 0.5721153846153846 0.5384615384615384 0.07451923076923077 0.11778846153846154
1 0.5985576923076923 0.5637019230769231 0.028846153846153848 0.10697115384615384
1 0.6850961538461539 0.5649038461538461 0.17427884615384615 0.17548076923076922
1 0.7956730769230769 0.5865384615384616 0.17427884615384615 0.20673076923076922
1 0.8978365384615384 0.6141826923076923 0.203125 0.3088942307692308