1 0.06850961538461539 0.47115384615384615 0.05048076923076923 0.052884615384615384
1 0.07091346153846154 0.47475961538461536 0.05048076923076923 0.056490384615384616
1 0.10336538461538461 0.46634615384615385 0.027644230769230768 0.05048076923076923
1 0.09975961538461539 0.46875 0.015625 0.06009615384615385
1 0.12740384615384615 0.4699519230769231 0.03125 0.04326923076923077
1 0.12860576923076922 0.4675480769230769 0.028846153846153848 0.028846153846153848
1 0.1658653846153846 0.47115384615384615 0.04326923076923077 0.04326923076923077
1 0.16706730769230768 0.47475961538461536 0.040865384615384616 0.05048076923076923
1 0.2283653846153846 0.47115384615384615 0.04326923076923077 0.055288461538461536
1 0.23076923076923078 0.46875 0.04326923076923077 0.0625
1 0.27163461538461536 0.4651442307692308 0.040865384615384616 0.046875
1 0.27283653846153844 0.46274038461538464 0.037259615384615384 0.04326923076923077
6 0.4266826923076923 0.33653846153846156 0.019230769230769232 0.04927884615384615
7 0.42908653846153844 0.33774038461538464 0.019230769230769232 0.04447115384615385
1 0.4963942307692308 0.4879807692307692 0.06610576923076923 0.08413461538461539
6 0.5060096153846154 0.3233173076923077 0.025240384615384616 0.03365384615384615
6 0.5072115384615384 0.33052884615384615 0.013221153846153846 0.038461538461538464
1 0.6262019230769231 0.4855769230769231 0.09134615384615384 0.11177884615384616
6 0.5913461538461539 0.34975961538461536 0.019230769230769232 0.038461538461538464
6 0.5913461538461539 0.3485576923076923 0.015625 0.037259615384615384
1 0.6899038461538461 0.4567307692307692 0.04326923076923077 0.02403846153846154
6 0.7512019230769231 0.3605769230769231 0.018028846153846152 0.055288461538461536
6 0.7512019230769231 0.3629807692307692 0.015625 0.055288461538461536