1 0.5240384615384616 0.5420673076923077 0.12740384615384615 0.109375
2 0.8725961538461539 0.4675480769230769 0.018028846153846152 0.06850961538461539
2 0.8149038461538461 0.47836538461538464 0.019230769230769232 0.06610576923076923
1 0.009615384615384616 0.5805288461538461 0.019230769230769232 0.09014423076923077
1 0.028846153846153848 0.5600961538461539 0.056490384615384616 0.10697115384615384
1 0.09495192307692307 0.546875 0.05048076923076923 0.052884615384615384
1 0.13221153846153846 0.5372596153846154 0.02403846153846154 0.03125
1 0.24639423076923078 0.5264423076923077 0.03125 0.038461538461538464
1 0.32211538461538464 0.5420673076923077 0.09014423076923077 0.11899038461538461
1 0.41586538461538464 0.5252403846153846 0.06971153846153846 0.08774038461538461
1 0.4519230769230769 0.5288461538461539 0.06009615384615385 0.07572115384615384
2 0.5889423076923077 0.5024038461538461 0.021634615384615384 0.08052884615384616
1 0.8689903846153846 0.53125 0.25600961538461536 0.29086538461538464