2 0.3629807692307692 0.5288461538461539 0.009615384615384616 0.052884615384615384
2 0.34975961538461536 0.5288461538461539 0.01201923076923077 0.056490384615384616
2 0.33052884615384615 0.5336538461538461 0.01201923076923077 0.046875
2 0.31009615384615385 0.5396634615384616 0.009615384615384616 0.038461538461538464
2 0.2932692307692308 0.5408653846153846 0.01201923076923077 0.04326923076923077
2 0.37259615384615385 0.5228365384615384 0.01201923076923077 0.05889423076923077
2 0.7632211538461539 0.5324519230769231 0.04927884615384615 0.23076923076923078
1 0.2512019230769231 0.5384615384615384 0.06490384615384616 0.056490384615384616
2 0.25600961538461536 0.5384615384615384 0.0625 0.056490384615384616
10 0.5240384615384616 0.44591346153846156 0.2692307692307692 0.29447115384615385
2 0.6862980769230769 0.5144230769230769 0.040865384615384616 0.234375
2 0.7307692307692307 0.546875 0.03485576923076923 0.18028846153846154