1 0.07451923076923077 0.5612980769230769 0.055288461538461536 0.052884615384615384
1 0.22115384615384615 0.5384615384615384 0.03485576923076923 0.04927884615384615
1 0.22235576923076922 0.5420673076923077 0.03365384615384615 0.056490384615384616
7 0.29086538461538464 0.390625 0.018028846153846152 0.055288461538461536
6 0.29447115384615385 0.3918269230769231 0.015625 0.04326923076923077
1 0.35697115384615385 0.5384615384615384 0.03485576923076923 0.04447115384615385
4 0.3581730769230769 0.3942307692307692 0.019230769230769232 0.052884615384615384
4 0.3605769230769231 0.4050480769230769 0.015625 0.037259615384615384
1 0.40024038461538464 0.5288461538461539 0.037259615384615384 0.04326923076923077
4 0.41947115384615385 0.4074519230769231 0.018028846153846152 0.04927884615384615
4 0.41947115384615385 0.4098557692307692 0.019230769230769232 0.040865384615384616
1 0.4735576923076923 0.5336538461538461 0.04326923076923077 0.05889423076923077
1 0.5288461538461539 0.5480769230769231 0.09975961538461539 0.10336538461538461
1 0.5372596153846154 0.46875 0.021634615384615384 0.046875
4 0.5384615384615384 0.47115384615384615 0.015625 0.037259615384615384
1 0.6526442307692307 0.5408653846153846 0.08653846153846154 0.07572115384615384
4 0.6682692307692307 0.42427884615384615 0.021634615384615384 0.06610576923076923
1 0.8641826923076923 0.5709134615384616 0.203125 0.1346153846153846