1 0.921875 0.46274038461538464 0.15264423076923078 0.13221153846153846
1 0.08774038461538461 0.59375 0.17427884615384615 0.40384615384615385
1 0.14302884615384615 0.5060096153846154 0.06850961538461539 0.078125
1 0.15144230769230768 0.5096153846153846 0.07451923076923077 0.09014423076923077
1 0.2091346153846154 0.5120192307692307 0.06971153846153846 0.07451923076923077
1 0.21394230769230768 0.5072115384615384 0.07572115384615384 0.06971153846153846
7 0.18990384615384615 0.2127403846153846 0.021634615384615384 0.08413461538461539
4 0.3245192307692308 0.2091346153846154 0.02403846153846154 0.06850961538461539
4 0.32572115384615385 0.22355769230769232 0.027644230769230768 0.04326923076923077
1 0.33413461538461536 0.49278846153846156 0.028846153846153848 0.040865384615384616
4 0.43149038461538464 0.24759615384615385 0.03125 0.038461538461538464
4 0.4338942307692308 0.2283653846153846 0.025240384615384616 0.06610576923076923
1 0.5336538461538461 0.4807692307692308 0.03125 0.038461538461538464
2 0.5745192307692307 0.4807692307692308 0.021634615384615384 0.06610576923076923
2 0.5793269230769231 0.48197115384615385 0.018028846153846152 0.040865384615384616
1 0.6009615384615384 0.4831730769230769 0.03485576923076923 0.046875
1 0.6346153846153846 0.4855769230769231 0.03365384615384615 0.07211538461538461
4 0.6526442307692307 0.359375 0.02403846153846154 0.055288461538461536
4 0.6610576923076923 0.36778846153846156 0.028846153846153848 0.04326923076923077
1 0.6778846153846154 0.4807692307692308 0.06009615384615385 0.07451923076923077
1 0.6778846153846154 0.4807692307692308 0.052884615384615384 0.07211538461538461
4 0.7463942307692307 0.23557692307692307 0.046875 0.125
4 0.7475961538461539 0.2692307692307692 0.03485576923076923 0.05048076923076923
1 0.7536057692307693 0.4723557692307692 0.038461538461538464 0.038461538461538464
1 0.78125 0.47115384615384615 0.018028846153846152 0.046875
1 0.8173076923076923 0.47115384615384615 0.055288461538461536 0.04326923076923077