2 0.021634615384615384 0.5552884615384616 0.03125 0.13701923076923078
1 0.042067307692307696 0.5480769230769231 0.03365384615384615 0.12139423076923077
2 0.040865384615384616 0.5492788461538461 0.018028846153846152 0.13221153846153846
2 0.15264423076923078 0.5288461538461539 0.025240384615384616 0.08413461538461539
2 0.15264423076923078 0.5264423076923077 0.021634615384615384 0.08052884615384616
2 0.22596153846153846 0.5228365384615384 0.018028846153846152 0.06490384615384616
2 0.24158653846153846 0.5264423076923077 0.018028846153846152 0.06610576923076923
2 0.2439903846153846 0.5264423076923077 0.013221153846153846 0.0625
0 0.27163461538461536 0.5252403846153846 0.019230769230769232 0.056490384615384616
0 0.28365384615384615 0.5228365384615384 0.027644230769230768 0.07211538461538461
0 0.28365384615384615 0.5216346153846154 0.019230769230769232 0.06610576923076923
2 0.31490384615384615 0.5264423076923077 0.028846153846153848 0.11899038461538461
1 0.34975961538461536 0.5216346153846154 0.04447115384615385 0.052884615384615384
2 0.43149038461538464 0.5961538461538461 0.109375 0.35697115384615385
2 0.4266826923076923 0.5757211538461539 0.040865384615384616 0.3004807692307692
2 0.4879807692307692 0.5685096153846154 0.08413461538461539 0.36899038461538464
1 0.6069711538461539 0.5600961538461539 0.31490384615384615 0.20072115384615385
2 0.5757211538461539 0.5853365384615384 0.078125 0.30288461538461536