1 0.06009615384615385 0.5600961538461539 0.11778846153846154 0.11538461538461539
3 0.15504807692307693 0.41225961538461536 0.015625 0.05048076923076923
1 0.2247596153846154 0.5673076923076923 0.10576923076923077 0.13822115384615385
1 0.2824519230769231 0.5336538461538461 0.03125 0.055288461538461536
1 0.29927884615384615 0.5276442307692307 0.018028846153846152 0.04447115384615385
3 0.3293269230769231 0.27163461538461536 0.01201923076923077 0.056490384615384616
1 0.38822115384615385 0.5144230769230769 0.038461538461538464 0.04927884615384615
4 0.4074519230769231 0.28125 0.013221153846153846 0.052884615384615384
1 0.41586538461538464 0.5108173076923077 0.025240384615384616 0.040865384615384616
1 0.48197115384615385 0.5192307692307693 0.08052884615384616 0.04927884615384615
1 0.9338942307692307 0.5024038461538461 0.1310096153846154 0.08413461538461539