1 0.036057692307692304 0.5757211538461539 0.07211538461538461 0.11778846153846154
1 0.11177884615384616 0.5504807692307693 0.08413461538461539 0.09975961538461539
1 0.18990384615384615 0.5492788461538461 0.06490384615384616 0.06610576923076923
1 0.19230769230769232 0.5552884615384616 0.06009615384615385 0.07572115384615384
1 0.35096153846153844 0.5276442307692307 0.03485576923076923 0.055288461538461536
1 0.40865384615384615 0.546875 0.08413461538461539 0.10697115384615384
1 0.45072115384615385 0.5192307692307693 0.037259615384615384 0.04927884615384615
1 0.8413461538461539 0.6069711538461539 0.31009615384615385 0.28725961538461536
2 0.7439903846153846 0.46875 0.028846153846153848 0.05889423076923077
2 0.7451923076923077 0.4807692307692308 0.018028846153846152 0.06610576923076923
2 0.8377403846153846 0.45072115384615385 0.03365384615384615 0.052884615384615384