2 0.9134615384615384 0.5384615384615384 0.027644230769230768 0.14423076923076922
2 0.12620192307692307 0.53125 0.01201923076923077 0.03485576923076923
7 0.27884615384615385 0.10697115384615384 0.03365384615384615 0.11538461538461539
1 0.44471153846153844 0.5432692307692307 0.05048076923076923 0.06850961538461539
4 0.4735576923076923 0.11057692307692307 0.03485576923076923 0.11177884615384616
1 0.7475961538461539 0.49759615384615385 0.055288461538461536 0.052884615384615384
4 0.7668269230769231 0.328125 0.03365384615384615 0.09975961538461539
2 0.7788461538461539 0.5024038461538461 0.018028846153846152 0.07451923076923077
2 0.78125 0.5072115384615384 0.015625 0.08052884615384616
2 0.8016826923076923 0.5012019230769231 0.019230769230769232 0.07572115384615384
2 0.7992788461538461 0.5036057692307693 0.015625 0.06850961538461539