10 0.06971153846153846 0.5204326923076923 0.1310096153846154 0.05048076923076923
1 0.109375 0.546875 0.04927884615384615 0.03365384615384615
1 0.14903846153846154 0.5432692307692307 0.02403846153846154 0.021634615384615384
1 0.3581730769230769 0.4855769230769231 0.019230769230769232 0.03365384615384615
4 0.4182692307692308 0.41466346153846156 0.018028846153846152 0.046875
4 0.41947115384615385 0.4170673076923077 0.009615384615384616 0.028846153846153848
1 0.4423076923076923 0.5024038461538461 0.018028846153846152 0.02403846153846154
4 0.4639423076923077 0.4182692307692308 0.013221153846153846 0.04447115384615385
4 0.4639423076923077 0.4182692307692308 0.009615384615384616 0.028846153846153848
1 0.46875 0.5072115384615384 0.01201923076923077 0.027644230769230768
1 0.4807692307692308 0.5240384615384616 0.03125 0.055288461538461536
1 0.4807692307692308 0.5204326923076923 0.025240384615384616 0.03485576923076923
1 0.5336538461538461 0.5324519230769231 0.05889423076923077 0.07451923076923077
4 0.5564903846153846 0.44350961538461536 0.021634615384615384 0.046875
4 0.5528846153846154 0.44591346153846156 0.013221153846153846 0.03485576923076923