1 0.0985576923076923 0.5649038461538461 0.08653846153846154 0.11899038461538461
1 0.19591346153846154 0.53125 0.09375 0.11538461538461539
1 0.24278846153846154 0.5372596153846154 0.03365384615384615 0.06971153846153846
1 0.2439903846153846 0.5264423076923077 0.028846153846153848 0.08052884615384616
1 0.35697115384615385 0.5204326923076923 0.052884615384615384 0.07211538461538461
1 0.421875 0.5168269230769231 0.038461538461538464 0.0625
1 0.49759615384615385 0.5252403846153846 0.04326923076923077 0.09615384615384616
1 0.5060096153846154 0.5228365384615384 0.025240384615384616 0.078125
1 0.5396634615384616 0.5288461538461539 0.06610576923076923 0.09615384615384616
1 0.7163461538461539 0.49278846153846156 0.06850961538461539 0.10096153846153846
1 0.7211538461538461 0.47475961538461536 0.06610576923076923 0.078125
1 0.7884615384615384 0.48197115384615385 0.08653846153846154 0.06971153846153846