5 0.18269230769230768 0.49158653846153844 0.009615384615384616 0.03125
1 0.30528846153846156 0.5564903846153846 0.052884615384615384 0.037259615384615384
1 0.3076923076923077 0.5552884615384616 0.052884615384615384 0.04326923076923077
0 0.3293269230769231 0.5408653846153846 0.015625 0.021634615384615384
1 0.40384615384615385 0.5576923076923077 0.03125 0.04447115384615385
5 0.40865384615384615 0.43509615384615385 0.01201923076923077 0.028846153846153848
5 0.4098557692307692 0.43149038461538464 0.01201923076923077 0.027644230769230768
1 0.43149038461538464 0.5600961538461539 0.04326923076923077 0.046875
3 0.46153846153846156 0.4807692307692308 0.01201923076923077 0.03125
3 0.46274038461538464 0.4831730769230769 0.009615384615384616 0.019230769230769232
4 0.5204326923076923 0.46875 0.013221153846153846 0.037259615384615384
4 0.5216346153846154 0.46875 0.013221153846153846 0.038461538461538464
0 0.6213942307692307 0.5600961538461539 0.04326923076923077 0.1971153846153846