1 0.057692307692307696 0.5661057692307693 0.0625 0.03125
10 0.10576923076923077 0.53125 0.11778846153846154 0.055288461538461536
1 0.13942307692307693 0.5552884615384616 0.046875 0.027644230769230768
1 0.171875 0.5516826923076923 0.021634615384615384 0.02403846153846154
4 0.41947115384615385 0.43149038461538464 0.009615384615384616 0.03125
1 0.43990384615384615 0.5132211538461539 0.018028846153846152 0.02403846153846154
4 0.46033653846153844 0.4338942307692308 0.007211538461538462 0.027644230769230768
1 0.46634615384615385 0.5192307692307693 0.013221153846153846 0.027644230769230768
1 0.4795673076923077 0.53125 0.03125 0.055288461538461536
1 0.4807692307692308 0.5288461538461539 0.025240384615384616 0.03485576923076923
1 0.5336538461538461 0.5408653846153846 0.06009615384615385 0.07211538461538461
4 0.5372596153846154 0.4567307692307692 0.015625 0.03365384615384615