1 0.09735576923076923 0.5492788461538461 0.078125 0.0625
2 0.06610576923076923 0.5456730769230769 0.021634615384615384 0.06610576923076923
1 0.19951923076923078 0.5324519230769231 0.046875 0.04927884615384615
1 0.25841346153846156 0.5288461538461539 0.06850961538461539 0.078125
1 0.25841346153846156 0.5324519230769231 0.06009615384615385 0.07572115384615384
1 0.30649038461538464 0.5252403846153846 0.037259615384615384 0.055288461538461536
1 0.3016826923076923 0.5276442307692307 0.028846153846153848 0.04447115384615385
6 0.37740384615384615 0.42427884615384615 0.009615384615384616 0.03125
1 0.42788461538461536 0.5192307692307693 0.037259615384615384 0.04326923076923077
6 0.4170673076923077 0.4326923076923077 0.01201923076923077 0.03485576923076923
6 0.49158653846153844 0.45072115384615385 0.019230769230769232 0.037259615384615384
1 0.8942307692307693 0.49759615384615385 0.09134615384615384 0.052884615384615384