1 0.051682692307692304 0.5516826923076923 0.08774038461538461 0.078125
1 0.09254807692307693 0.5480769230769231 0.027644230769230768 0.07451923076923077
1 0.1778846153846154 0.5384615384615384 0.1622596153846154 0.13221153846153846
7 0.4230769230769231 0.31971153846153844 0.019230769230769232 0.0625
6 0.49759615384615385 0.31850961538461536 0.025240384615384616 0.06610576923076923
1 0.5360576923076923 0.5192307692307693 0.037259615384615384 0.040865384615384616
1 0.7019230769230769 0.5552884615384616 0.36899038461538464 0.1658653846153846
10 0.5432692307692307 0.48197115384615385 0.04326923076923077 0.06850961538461539
10 0.5408653846153846 0.47836538461538464 0.03365384615384615 0.04326923076923077
6 0.6442307692307693 0.41225961538461536 0.025240384615384616 0.06850961538461539
1 0.9423076923076923 0.7079326923076923 0.109375 0.49399038461538464
1 0.9399038461538461 0.49759615384615385 0.09014423076923077 0.04447115384615385