1 0.040865384615384616 0.5564903846153846 0.08173076923076923 0.13701923076923078
1 0.9447115384615384 0.6274038461538461 0.10697115384615384 0.2848557692307692
1 0.10096153846153846 0.5480769230769231 0.06009615384615385 0.10096153846153846
1 0.1045673076923077 0.5456730769230769 0.056490384615384616 0.125
1 0.15144230769230768 0.5420673076923077 0.055288461538461536 0.10697115384615384
1 0.4050480769230769 0.5240384615384616 0.056490384615384616 0.09014423076923077
1 0.484375 0.5480769230769231 0.09375 0.11177884615384616
1 0.4795673076923077 0.5432692307692307 0.078125 0.09735576923076923
1 0.6322115384615384 0.5120192307692307 0.037259615384615384 0.05048076923076923
1 0.7391826923076923 0.5108173076923077 0.05889423076923077 0.055288461538461536
2 0.7572115384615384 0.48677884615384615 0.027644230769230768 0.09735576923076923
2 0.7620192307692307 0.49759615384615385 0.021634615384615384 0.0625