2 0.1310096153846154 0.4963942307692308 0.03125 0.11177884615384616
2 0.12740384615384615 0.49158653846153844 0.015625 0.08173076923076923
1 0.18990384615384615 0.49038461538461536 0.06009615384615385 0.037259615384615384
1 0.2764423076923077 0.484375 0.08774038461538461 0.06610576923076923
1 0.27524038461538464 0.4807692307692308 0.07572115384615384 0.055288461538461536
2 0.2548076923076923 0.49038461538461536 0.018028846153846152 0.06009615384615385
1 0.2548076923076923 0.4891826923076923 0.013221153846153846 0.052884615384615384
2 0.2704326923076923 0.4831730769230769 0.015625 0.055288461538461536
2 0.27403846153846156 0.4831730769230769 0.015625 0.055288461538461536
7 0.7259615384615384 0.3473557692307692 0.013221153846153846 0.03125
4 0.7872596153846154 0.35336538461538464 0.019230769230769232 0.040865384615384616
4 0.7884615384615384 0.36899038461538464 0.013221153846153846 0.03125