1 0.06490384615384616 0.5528846153846154 0.04927884615384615 0.06850961538461539
1 0.06490384615384616 0.5528846153846154 0.04927884615384615 0.078125
1 0.12740384615384615 0.5432692307692307 0.11538461538461539 0.12740384615384615
2 0.1201923076923077 0.5588942307692307 0.037259615384615384 0.1502403846153846
1 0.18389423076923078 0.5300480769230769 0.025240384615384616 0.040865384615384616
1 0.27524038461538464 0.5180288461538461 0.038461538461538464 0.06009615384615385
1 0.27524038461538464 0.5216346153846154 0.03485576923076923 0.046875
1 0.36177884615384615 0.5348557692307693 0.08774038461538461 0.11177884615384616
6 0.45552884615384615 0.35216346153846156 0.021634615384615384 0.08653846153846154
2 0.6177884615384616 0.53125 0.025240384615384616 0.15384615384615385
2 0.7091346153846154 0.5180288461538461 0.03485576923076923 0.1346153846153846
2 0.7127403846153846 0.4831730769230769 0.028846153846153848 0.06490384615384616
2 0.9134615384615384 0.5144230769230769 0.03485576923076923 0.1502403846153846