1 0.1141826923076923 0.5612980769230769 0.08413461538461539 0.06490384615384616
1 0.11057692307692307 0.5336538461538461 0.06850961538461539 0.055288461538461536
1 0.1658653846153846 0.5480769230769231 0.05889423076923077 0.0625
1 0.19831730769230768 0.546875 0.028846153846153848 0.046875
1 0.2692307692307692 0.5384615384615384 0.037259615384615384 0.037259615384615384
1 0.2704326923076923 0.5396634615384616 0.028846153846153848 0.037259615384615384
1 0.3016826923076923 0.5372596153846154 0.025240384615384616 0.03125
1 0.31971153846153844 0.5336538461538461 0.021634615384615384 0.02403846153846154
1 0.33653846153846156 0.5300480769230769 0.015625 0.027644230769230768
1 0.41586538461538464 0.5408653846153846 0.06610576923076923 0.08774038461538461
4 0.39783653846153844 0.41225961538461536 0.013221153846153846 0.03125
4 0.39903846153846156 0.41346153846153844 0.015625 0.03365384615384615
4 0.45072115384615385 0.40625 0.013221153846153846 0.03125
4 0.45072115384615385 0.4074519230769231 0.013221153846153846 0.028846153846153848
1 0.5084134615384616 0.5300480769230769 0.03485576923076923 0.04326923076923077
4 0.5252403846153846 0.46875 0.013221153846153846 0.038461538461538464
4 0.5252403846153846 0.46634615384615385 0.01201923076923077 0.028846153846153848
1 0.6646634615384616 0.5084134615384616 0.09014423076923077 0.055288461538461536