1 0.12620192307692307 0.5444711538461539 0.22235576923076922 0.22596153846153846
1 0.13221153846153846 0.5372596153846154 0.2091346153846154 0.2127403846153846
1 0.25600961538461536 0.5204326923076923 0.09735576923076923 0.1346153846153846
1 0.2692307692307692 0.5240384615384616 0.08774038461538461 0.12139423076923077
1 0.6069711538461539 0.4807692307692308 0.04326923076923077 0.06009615384615385
1 0.6165865384615384 0.4891826923076923 0.04447115384615385 0.0625
1 0.6526442307692307 0.4675480769230769 0.052884615384615384 0.17548076923076922
10 0.6454326923076923 0.4579326923076923 0.037259615384615384 0.1466346153846154
10 0.7007211538461539 0.4182692307692308 0.09615384615384616 0.39663461538461536
10 0.7211538461538461 0.41225961538461536 0.13701923076923078 0.359375
1 0.8677884615384616 0.4110576923076923 0.25961538461538464 0.43028846153846156
10 0.8713942307692307 0.4182692307692308 0.2536057692307692 0.46634615384615385