1 0.055288461538461536 0.5444711538461539 0.06971153846153846 0.07451923076923077
1 0.09975961538461539 0.5420673076923077 0.03365384615384615 0.05048076923076923
1 0.3545673076923077 0.5324519230769231 0.09735576923076923 0.14423076923076922
7 0.359375 0.4495192307692308 0.019230769230769232 0.028846153846153848
7 0.35697115384615385 0.4567307692307692 0.013221153846153846 0.03125
1 0.41346153846153844 0.5336538461538461 0.037259615384615384 0.08653846153846154
6 0.42908653846153844 0.4182692307692308 0.01201923076923077 0.028846153846153848
6 0.43149038461538464 0.421875 0.015625 0.038461538461538464
6 0.4579326923076923 0.46153846153846156 0.019230769230769232 0.03125
6 0.4567307692307692 0.4639423076923077 0.009615384615384616 0.03125
6 0.5084134615384616 0.4387019230769231 0.018028846153846152 0.056490384615384616
6 0.5096153846153846 0.4326923076923077 0.01201923076923077 0.03485576923076923
1 0.6478365384615384 0.5649038461538461 0.1658653846153846 0.17548076923076922