1 0.05048076923076923 0.5492788461538461 0.09975961538461539 0.1875
1 0.890625 0.5829326923076923 0.21514423076923078 0.23677884615384615
1 0.14903846153846154 0.5024038461538461 0.12259615384615384 0.18389423076923078
1 0.27884615384615385 0.4855769230769231 0.11778846153846154 0.109375
1 0.2824519230769231 0.48197115384615385 0.11538461538461539 0.08653846153846154
1 0.35216346153846156 0.48677884615384615 0.04447115384615385 0.06610576923076923
1 0.35336538461538464 0.48677884615384615 0.04447115384615385 0.08413461538461539
1 0.38221153846153844 0.48677884615384615 0.03125 0.06971153846153846
1 0.40865384615384615 0.48677884615384615 0.03485576923076923 0.055288461538461536
1 0.6177884615384616 0.49759615384615385 0.07211538461538461 0.08413461538461539
1 0.6177884615384616 0.5 0.06850961538461539 0.08653846153846154
1 0.6754807692307693 0.5168269230769231 0.078125 0.11778846153846154
1 0.6742788461538461 0.5180288461538461 0.07451923076923077 0.13221153846153846
1 0.765625 0.5228365384615384 0.15264423076923078 0.18509615384615385