1 0.5348557692307693 0.5228365384615384 0.03125 0.03365384615384615
1 0.03485576923076923 0.5685096153846154 0.06971153846153846 0.08413461538461539
1 0.16706730769230768 0.5600961538461539 0.08413461538461539 0.08052884615384616
1 0.9663461538461539 0.5721153846153846 0.06490384615384616 0.11298076923076923
1 0.8942307692307693 0.5600961538461539 0.14423076923076922 0.15625
1 0.26322115384615385 0.5348557692307693 0.040865384615384616 0.046875
1 0.26802884615384615 0.5384615384615384 0.04326923076923077 0.05048076923076923
1 0.4387019230769231 0.5240384615384616 0.021634615384615384 0.03125
1 0.47115384615384615 0.5240384615384616 0.027644230769230768 0.040865384615384616
1 0.5985576923076923 0.5384615384615384 0.06490384615384616 0.078125
1 0.7391826923076923 0.59375 0.2536057692307692 0.2403846153846154