1 0.7259615384615384 0.4375 0.10576923076923077 0.11778846153846154
6 0.25 0.36899038461538464 0.027644230769230768 0.028846153846153848
6 0.2548076923076923 0.38822115384615385 0.018028846153846152 0.0625
1 0.32211538461538464 0.48197115384615385 0.028846153846153848 0.04326923076923077
1 0.34375 0.4831730769230769 0.03125 0.04326923076923077
1 0.3485576923076923 0.4891826923076923 0.025240384615384616 0.038461538461538464
1 0.4182692307692308 0.4807692307692308 0.038461538461538464 0.037259615384615384
1 0.4170673076923077 0.4831730769230769 0.037259615384615384 0.037259615384615384
6 0.43509615384615385 0.2668269230769231 0.019230769230769232 0.028846153846153848
6 0.4387019230769231 0.28365384615384615 0.019230769230769232 0.06009615384615385
1 0.4579326923076923 0.47475961538461536 0.038461538461538464 0.038461538461538464
6 0.5637019230769231 0.35096153846153844 0.02403846153846154 0.02403846153846154
6 0.5649038461538461 0.3701923076923077 0.018028846153846152 0.06009615384615385
6 0.6899038461538461 0.21995192307692307 0.046875 0.12259615384615384
6 0.6850961538461539 0.18509615384615385 0.03365384615384615 0.037259615384615384