10 0.08533653846153846 0.4807692307692308 0.06850961538461539 0.06850961538461539
10 0.0889423076923077 0.49399038461538464 0.06850961538461539 0.078125
1 0.16706730769230768 0.5024038461538461 0.07572115384615384 0.06490384615384616
1 0.171875 0.49759615384615385 0.07211538461538461 0.06610576923076923
1 0.2824519230769231 0.4987980769230769 0.037259615384615384 0.03485576923076923
1 0.28725961538461536 0.49759615384615385 0.037259615384615384 0.040865384615384616
1 0.31009615384615385 0.49278846153846156 0.03125 0.037259615384615384
1 0.41947115384615385 0.48677884615384615 0.03125 0.05048076923076923
1 0.4951923076923077 0.5108173076923077 0.07572115384615384 0.09975961538461539
4 0.46634615384615385 0.40625 0.01201923076923077 0.03485576923076923
4 0.5024038461538461 0.4050480769230769 0.015625 0.03365384615384615
4 0.5805288461538461 0.4483173076923077 0.015625 0.03125
1 0.6213942307692307 0.4855769230769231 0.05048076923076923 0.06971153846153846
4 0.6045673076923077 0.44471153846153844 0.013221153846153846 0.03125
10 0.6959134615384616 0.4855769230769231 0.140625 0.15865384615384615
1 0.7103365384615384 0.4963942307692308 0.1622596153846154 0.15865384615384615
2 0.8112980769230769 0.4987980769230769 0.025240384615384616 0.09134615384615384