1 0.37740384615384615 0.515625 0.03365384615384615 0.040865384615384616
8 0.390625 0.3713942307692308 0.018028846153846152 0.040865384615384616
1 0.4206730769230769 0.49038461538461536 0.019230769230769232 0.03365384615384615
1 0.44471153846153844 0.5252403846153846 0.06490384615384616 0.055288461538461536
8 0.4951923076923077 0.44471153846153844 0.013221153846153846 0.04326923076923077
1 0.5913461538461539 0.5300480769230769 0.10576923076923077 0.06009615384615385
8 0.6286057692307693 0.31490384615384615 0.04447115384615385 0.11778846153846154
1 0.6887019230769231 0.5336538461538461 0.09134615384615384 0.06610576923076923
1 0.7295673076923077 0.5336538461538461 0.0625 0.06490384615384616
10 0.8509615384615384 0.49278846153846156 0.09375 0.07572115384615384
1 0.8725961538461539 0.49759615384615385 0.04447115384615385 0.06490384615384616