1 0.12740384615384615 0.5552884615384616 0.078125 0.07572115384615384
2 0.06971153846153846 0.5384615384615384 0.028846153846153848 0.10576923076923077
2 0.22115384615384615 0.5024038461538461 0.02403846153846154 0.07211538461538461
2 0.18509615384615385 0.5168269230769231 0.027644230769230768 0.09134615384615384
1 0.3016826923076923 0.6165865384615384 0.5600961538461539 0.3401442307692308
2 0.5336538461538461 0.49278846153846156 0.021634615384615384 0.06009615384615385
2 0.5336538461538461 0.48677884615384615 0.019230769230769232 0.04326923076923077
2 0.5697115384615384 0.5180288461538461 0.025240384615384616 0.12740384615384615
3 0.5817307692307693 0.3076923076923077 0.028846153846153848 0.09134615384615384
2 0.8533653846153846 0.49158653846153844 0.027644230769230768 0.1310096153846154
2 0.8641826923076923 0.4891826923076923 0.025240384615384616 0.13822115384615385
2 0.8894230769230769 0.4735576923076923 0.025240384615384616 0.13701923076923078
2 0.8882211538461539 0.47836538461538464 0.025240384615384616 0.140625
1 0.9399038461538461 0.8677884615384616 0.11538461538461539 0.25961538461538464
2 0.9098557692307693 0.4807692307692308 0.027644230769230768 0.13822115384615385
2 0.9086538461538461 0.48677884615384615 0.021634615384615384 0.13822115384615385
2 0.9411057692307693 0.48197115384615385 0.03365384615384615 0.16826923076923078
2 0.9603365384615384 0.4735576923076923 0.018028846153846152 0.140625