1 0.010817307692307692 0.5492788461538461 0.021634615384615384 0.07572115384615384
1 0.06490384615384616 0.5384615384615384 0.11538461538461539 0.12740384615384615
2 0.12139423076923077 0.5432692307692307 0.04447115384615385 0.1310096153846154
2 0.12740384615384615 0.5444711538461539 0.03365384615384615 0.1310096153846154
1 0.13942307692307693 0.5240384615384616 0.03125 0.038461538461538464
2 0.1875 0.5240384615384616 0.021634615384615384 0.05889423076923077
1 0.23798076923076922 0.5144230769230769 0.03485576923076923 0.05048076923076923
1 0.23918269230769232 0.5168269230769231 0.025240384615384616 0.037259615384615384
1 0.31490384615384615 0.5336538461538461 0.07572115384615384 0.109375
2 0.3088942307692308 0.5516826923076923 0.04447115384615385 0.1502403846153846
6 0.41466346153846156 0.33774038461538464 0.02403846153846154 0.08413461538461539
2 0.6322115384615384 0.5300480769230769 0.03125 0.15625
2 0.6862980769230769 0.5084134615384616 0.03485576923076923 0.1346153846153846
2 0.7367788461538461 0.5120192307692307 0.03485576923076923 0.1502403846153846