1 0.9350961538461539 0.5072115384615384 0.12740384615384615 0.125
1 0.08774038461538461 0.5372596153846154 0.17427884615384615 0.12259615384615384
1 0.14783653846153846 0.5024038461538461 0.11899038461538461 0.07211538461538461
1 0.42427884615384615 0.6622596153846154 0.5072115384615384 0.5372596153846154
1 0.6586538461538461 0.5228365384615384 0.09134615384615384 0.109375
6 0.7584134615384616 0.25841346153846156 0.02403846153846154 0.078125
1 0.7956730769230769 0.49759615384615385 0.06490384615384616 0.078125
6 0.8810096153846154 0.38221153846153844 0.028846153846153848 0.06610576923076923
2 0.9423076923076923 0.5588942307692307 0.056490384615384616 0.2932692307692308
1 0.9783653846153846 0.6778846153846154 0.038461538461538464 0.25721153846153844
2 0.9819711538461539 0.5709134615384616 0.03365384615384615 0.1346153846153846