1 0.9435096153846154 0.5685096153846154 0.11177884615384616 0.1346153846153846
1 0.13221153846153846 0.5432692307692307 0.07451923076923077 0.078125
1 0.1346153846153846 0.546875 0.06490384615384616 0.0625
1 0.17668269230769232 0.5444711538461539 0.03365384615384615 0.04326923076923077
1 0.23677884615384615 0.5432692307692307 0.038461538461538464 0.04447115384615385
7 0.2403846153846154 0.22235576923076922 0.02403846153846154 0.10096153846153846
6 0.24639423076923078 0.2127403846153846 0.019230769230769232 0.04326923076923077
4 0.38822115384615385 0.2283653846153846 0.019230769230769232 0.07572115384615384
4 0.3894230769230769 0.24759615384615385 0.018028846153846152 0.037259615384615384
1 0.4074519230769231 0.5228365384615384 0.03485576923076923 0.04447115384615385
1 0.43990384615384615 0.5192307692307693 0.025240384615384616 0.038461538461538464
1 0.4951923076923077 0.53125 0.027644230769230768 0.056490384615384616
1 0.5360576923076923 0.5504807692307693 0.09375 0.10096153846153846
4 0.5180288461538461 0.24519230769230768 0.028846153846153848 0.07451923076923077
4 0.5180288461538461 0.25961538461538464 0.019230769230769232 0.038461538461538464
1 0.6189903846153846 0.5336538461538461 0.037259615384615384 0.06971153846153846
1 0.6634615384615384 0.5360576923076923 0.052884615384615384 0.078125
1 0.6586538461538461 0.5384615384615384 0.040865384615384616 0.07572115384615384
1 0.7055288461538461 0.5384615384615384 0.08413461538461539 0.07211538461538461
1 0.7079326923076923 0.5372596153846154 0.06850961538461539 0.0625
4 0.7692307692307693 0.4098557692307692 0.021634615384615384 0.037259615384615384
1 0.7716346153846154 0.390625 0.019230769230769232 0.07211538461538461
1 0.8521634615384616 0.5528846153846154 0.18028846153846154 0.15264423076923078