2 0.12980769230769232 0.5288461538461539 0.021634615384615384 0.08052884615384616
2 0.13221153846153846 0.5252403846153846 0.025240384615384616 0.08413461538461539
2 0.21153846153846154 0.5252403846153846 0.015625 0.06610576923076923
2 0.22596153846153846 0.5252403846153846 0.018028846153846152 0.06610576923076923
2 0.22716346153846154 0.5252403846153846 0.013221153846153846 0.06490384615384616
0 0.2548076923076923 0.5240384615384616 0.019230769230769232 0.056490384615384616
2 0.28365384615384615 0.5865384615384616 0.04326923076923077 0.27524038461538464
2 0.31971153846153844 0.5997596153846154 0.09735576923076923 0.31971153846153844
1 0.4423076923076923 0.5649038461538461 0.22235576923076922 0.19471153846153846
2 0.3798076923076923 0.5697115384615384 0.08774038461538461 0.32572115384615385
2 0.49038461538461536 0.5865384615384616 0.06971153846153846 0.2692307692307692
1 0.5733173076923077 0.4951923076923077 0.11177884615384616 0.09375
1 0.6201923076923077 0.5024038461538461 0.09975961538461539 0.07572115384615384
1 0.6634615384615384 0.49399038461538464 0.10576923076923077 0.078125