1 0.20793269230769232 0.5384615384615384 0.09134615384615384 0.09014423076923077
1 0.21153846153846154 0.5432692307692307 0.08173076923076923 0.10697115384615384
1 0.3449519230769231 0.5721153846153846 0.1935096153846154 0.29447115384615385
6 0.43509615384615385 0.4723557692307692 0.013221153846153846 0.03485576923076923
1 0.45072115384615385 0.5649038461538461 0.03125 0.14423076923076922
1 0.4951923076923077 0.5192307692307693 0.021634615384615384 0.021634615384615384
1 0.5264423076923077 0.5168269230769231 0.03365384615384615 0.05048076923076923
4 0.5661057692307693 0.375 0.013221153846153846 0.04326923076923077
4 0.5709134615384616 0.3870192307692308 0.01201923076923077 0.037259615384615384
1 0.6057692307692307 0.5180288461538461 0.02403846153846154 0.037259615384615384
4 0.6586538461538461 0.4483173076923077 0.015625 0.037259615384615384
4 0.6586538461538461 0.46875 0.01201923076923077 0.03365384615384615
4 0.8786057692307693 0.3870192307692308 0.015625 0.046875
4 0.8774038461538461 0.40384615384615385 0.01201923076923077 0.04927884615384615
1 0.9314903846153846 0.5048076923076923 0.11538461538461539 0.09014423076923077
1 0.9411057692307693 0.49759615384615385 0.11177884615384616 0.06850961538461539