2 0.7115384615384616 0.4879807692307692 0.009615384615384616 0.04927884615384615
2 0.6983173076923077 0.4879807692307692 0.009615384615384616 0.04326923076923077
2 0.6911057692307693 0.4879807692307692 0.009615384615384616 0.040865384615384616
2 0.6826923076923077 0.4879807692307692 0.006009615384615385 0.040865384615384616
2 0.19951923076923078 0.5072115384615384 0.015625 0.0625
1 0.6322115384615384 0.5024038461538461 0.052884615384615384 0.06009615384615385
7 0.17427884615384615 0.4230769230769231 0.019230769230769232 0.055288461538461536
7 0.17668269230769232 0.4230769230769231 0.015625 0.04447115384615385
1 0.33052884615384615 0.5072115384615384 0.18990384615384615 0.12740384615384615
2 0.31009615384615385 0.53125 0.08774038461538461 0.2536057692307692
2 0.38822115384615385 0.53125 0.06009615384615385 0.2247596153846154
10 0.4074519230769231 0.45552884615384615 0.07211538461538461 0.12139423076923077
2 0.43509615384615385 0.5240384615384616 0.05889423076923077 0.25961538461538464
2 0.46634615384615385 0.4951923076923077 0.018028846153846152 0.078125
2 0.48197115384615385 0.49158653846153844 0.019230769230769232 0.078125
2 0.5048076923076923 0.49399038461538464 0.021634615384615384 0.06850961538461539
2 0.5180288461538461 0.49399038461538464 0.018028846153846152 0.06850961538461539
7 0.5180288461538461 0.3173076923076923 0.018028846153846152 0.055288461538461536
2 0.5288461538461539 0.5012019230769231 0.019230769230769232 0.078125
6 0.5841346153846154 0.32572115384615385 0.018028846153846152 0.056490384615384616
6 0.7055288461538461 0.40865384615384615 0.019230769230769232 0.0625
1 0.7884615384615384 0.5036057692307693 0.11298076923076923 0.06610576923076923
2 0.8173076923076923 0.5516826923076923 0.10096153846153846 0.24759615384615385