1 0.9014423076923077 0.5901442307692307 0.1935096153846154 0.4026442307692308
4 0.22115384615384615 0.39663461538461536 0.021634615384615384 0.052884615384615384
1 0.3269230769230769 0.5120192307692307 0.052884615384615384 0.07451923076923077
1 0.36177884615384615 0.5132211538461539 0.025240384615384616 0.04326923076923077
1 0.3858173076923077 0.5024038461538461 0.02403846153846154 0.05048076923076923
1 0.40384615384615385 0.5024038461538461 0.019230769230769232 0.052884615384615384
1 0.41947115384615385 0.5024038461538461 0.021634615384615384 0.05048076923076923
1 0.49759615384615385 0.49278846153846156 0.04927884615384615 0.09014423076923077
4 0.5276442307692307 0.2764423076923077 0.021634615384615384 0.04326923076923077
1 0.5600961538461539 0.49759615384615385 0.04447115384615385 0.0625
4 0.6550480769230769 0.3701923076923077 0.02403846153846154 0.06009615384615385
4 0.6538461538461539 0.38822115384615385 0.019230769230769232 0.028846153846153848