1 0.06129807692307692 0.5913461538461539 0.12259615384615384 0.16346153846153846
1 0.13942307692307693 0.5721153846153846 0.08173076923076923 0.11538461538461539
1 0.13701923076923078 0.578125 0.03485576923076923 0.09735576923076923
1 0.29927884615384615 0.6225961538461539 0.34375 0.48677884615384615
1 0.44471153846153844 0.5576923076923077 0.06971153846153846 0.18509615384615385
1 0.5276442307692307 0.5697115384615384 0.038461538461538464 0.11538461538461539
4 0.5180288461538461 0.45072115384615385 0.019230769230769232 0.04326923076923077
1 0.5661057692307693 0.5697115384615384 0.06490384615384616 0.17548076923076922
1 0.6694711538461539 0.5913461538461539 0.21875 0.25961538461538464
2 0.7524038461538461 0.4879807692307692 0.046875 0.140625
2 0.7439903846153846 0.48197115384615385 0.028846153846153848 0.109375