1 0.09134615384615384 0.5420673076923077 0.09735576923076923 0.09375
1 0.09134615384615384 0.5432692307692307 0.09375 0.07451923076923077
1 0.21754807692307693 0.5288461538461539 0.08173076923076923 0.08653846153846154
1 0.21514423076923078 0.5288461538461539 0.07451923076923077 0.08413461538461539
2 0.31490384615384615 0.5637019230769231 0.019230769230769232 0.08052884615384616
2 0.3173076923076923 0.5492788461538461 0.015625 0.04927884615384615
2 0.33052884615384615 0.5372596153846154 0.021634615384615384 0.09134615384615384
2 0.33052884615384615 0.5432692307692307 0.019230769230769232 0.10096153846153846
2 0.34975961538461536 0.5408653846153846 0.021634615384615384 0.08653846153846154
2 0.3894230769230769 0.5444711538461539 0.021634615384615384 0.08052884615384616
2 0.3954326923076923 0.5360576923076923 0.019230769230769232 0.078125
2 0.40865384615384615 0.5492788461538461 0.025240384615384616 0.08173076923076923