1 0.010817307692307692 0.5024038461538461 0.021634615384615384 0.0625
1 0.08653846153846154 0.4879807692307692 0.09134615384615384 0.08413461538461539
1 0.16826923076923078 0.4855769230769231 0.06009615384615385 0.05889423076923077
1 0.2800480769230769 0.4723557692307692 0.025240384615384616 0.03125
7 0.38221153846153844 0.28125 0.025240384615384616 0.08173076923076923
7 0.3870192307692308 0.27524038461538464 0.018028846153846152 0.0625
1 0.5132211538461539 0.5877403846153846 0.26802884615384615 0.3245192307692308
6 0.5096153846153846 0.265625 0.021634615384615384 0.0625
6 0.6418269230769231 0.2980769230769231 0.027644230769230768 0.07451923076923077
1 0.7331730769230769 0.4675480769230769 0.055288461538461536 0.038461538461538464
6 0.7475961538461539 0.37740384615384615 0.025240384615384616 0.06971153846153846
1 0.8677884615384616 0.5576923076923077 0.25721153846153844 0.38822115384615385
6 0.7524038461538461 0.37740384615384615 0.018028846153846152 0.05048076923076923