1 0.10096153846153846 0.4963942307692308 0.09735576923076923 0.0625
10 0.22115384615384615 0.4651442307692308 0.14903846153846154 0.11778846153846154
10 0.22235576923076922 0.4699519230769231 0.14302884615384615 0.12740384615384615
1 0.3016826923076923 0.4879807692307692 0.052884615384615384 0.056490384615384616
1 0.29927884615384615 0.49399038461538464 0.04326923076923077 0.05889423076923077
1 0.34615384615384615 0.49038461538461536 0.04447115384615385 0.056490384615384616
1 0.3473557692307692 0.49278846153846156 0.03485576923076923 0.05048076923076923
1 0.4074519230769231 0.49278846153846156 0.08052884615384616 0.07572115384615384
4 0.40865384615384615 0.328125 0.018028846153846152 0.037259615384615384
1 0.48677884615384615 0.48677884615384615 0.03365384615384615 0.038461538461538464
4 0.5276442307692307 0.34375 0.021634615384615384 0.046875
4 0.5264423076923077 0.33533653846153844 0.013221153846153846 0.046875
1 0.5588942307692307 0.48677884615384615 0.05889423076923077 0.055288461538461536
4 0.6105769230769231 0.41586538461538464 0.015625 0.028846153846153848
4 0.6117788461538461 0.41225961538461536 0.018028846153846152 0.046875
1 0.8076923076923077 0.5733173076923077 0.29447115384615385 0.28365384615384615
4 0.7439903846153846 0.35216346153846156 0.018028846153846152 0.055288461538461536
4 0.7439903846153846 0.3629807692307692 0.018028846153846152 0.027644230769230768