1 0.038461538461538464 0.6322115384615384 0.07572115384615384 0.31850961538461536
6 0.125 0.40865384615384615 0.019230769230769232 0.037259615384615384
6 0.16947115384615385 0.4170673076923077 0.019230769230769232 0.03365384615384615
1 0.21033653846153846 0.5 0.04447115384615385 0.040865384615384616
6 0.22115384615384615 0.453125 0.01201923076923077 0.03125
1 0.2439903846153846 0.4879807692307692 0.04927884615384615 0.056490384615384616
1 0.29086538461538464 0.49399038461538464 0.04927884615384615 0.052884615384615384
1 0.33052884615384615 0.49158653846153844 0.03365384615384615 0.05048076923076923
1 0.3557692307692308 0.49158653846153844 0.028846153846153848 0.04326923076923077
1 0.38100961538461536 0.4879807692307692 0.028846153846153848 0.056490384615384616
1 0.4230769230769231 0.4855769230769231 0.06009615384615385 0.078125
1 0.47596153846153844 0.4951923076923077 0.04927884615384615 0.06490384615384616
1 0.5084134615384616 0.49278846153846156 0.03365384615384615 0.06490384615384616
1 0.5384615384615384 0.4951923076923077 0.04927884615384615 0.06009615384615385
1 0.5420673076923077 0.4987980769230769 0.04447115384615385 0.0625
1 0.5829326923076923 0.5024038461538461 0.04927884615384615 0.07451923076923077
1 0.6454326923076923 0.4987980769230769 0.09375 0.09975961538461539