1 0.057692307692307696 0.5420673076923077 0.08173076923076923 0.203125
1 0.06009615384615385 0.5132211538461539 0.08413461538461539 0.09975961538461539
1 0.09615384615384616 0.5793269230769231 0.12740384615384615 0.171875
1 0.2848557692307692 0.5877403846153846 0.3245192307692308 0.41346153846153844
3 0.3161057692307692 0.3269230769230769 0.019230769230769232 0.05889423076923077
6 0.41346153846153844 0.32572115384615385 0.021634615384615384 0.05048076923076923
6 0.49158653846153844 0.3269230769230769 0.021634615384615384 0.0625
1 0.4963942307692308 0.5192307692307693 0.019230769230769232 0.038461538461538464
10 0.5865384615384616 0.49278846153846156 0.1778846153846154 0.13221153846153846
1 0.5913461538461539 0.49759615384615385 0.15985576923076922 0.1310096153846154
1 0.7992788461538461 0.6334134615384616 0.37740384615384615 0.36778846153846156
1 0.6358173076923077 0.5432692307692307 0.04447115384615385 0.11778846153846154
6 0.6790865384615384 0.4182692307692308 0.018028846153846152 0.05048076923076923
6 0.9302884615384616 0.25600961538461536 0.055288461538461536 0.1622596153846154
1 0.9507211538461539 0.5144230769230769 0.08052884615384616 0.06009615384615385
2 0.9507211538461539 0.515625 0.027644230769230768 0.05889423076923077