1 0.8737980769230769 0.5997596153846154 0.18990384615384615 0.1814903846153846
1 0.22956730769230768 0.5024038461538461 0.12139423076923077 0.11298076923076923
1 0.30528846153846156 0.49759615384615385 0.027644230769230768 0.11177884615384616
6 0.36778846153846156 0.45552884615384615 0.018028846153846152 0.03365384615384615
1 0.46153846153846156 0.48197115384615385 0.06009615384615385 0.078125
1 0.47836538461538464 0.5024038461538461 0.04927884615384615 0.055288461538461536
6 0.5072115384615384 0.40024038461538464 0.013221153846153846 0.03125
6 0.5492788461538461 0.40384615384615385 0.015625 0.03125
6 0.6201923076923077 0.43990384615384615 0.018028846153846152 0.03485576923076923
1 0.6382211538461539 0.5060096153846154 0.05048076923076923 0.07572115384615384
1 0.6394230769230769 0.5072115384615384 0.05048076923076923 0.06971153846153846
1 0.6971153846153846 0.5336538461538461 0.10576923076923077 0.09975961538461539
6 0.6754807692307693 0.42427884615384615 0.027644230769230768 0.06850961538461539