1 0.9302884615384616 0.5865384615384616 0.13822115384615385 0.41346153846153844
1 0.8137019230769231 0.5649038461538461 0.2127403846153846 0.2247596153846154
1 0.052884615384615384 0.5132211538461539 0.052884615384615384 0.04326923076923077
1 0.052884615384615384 0.5096153846153846 0.04927884615384615 0.037259615384615384
1 0.14783653846153846 0.49759615384615385 0.056490384615384616 0.04326923076923077
1 0.14543269230769232 0.5072115384615384 0.05048076923076923 0.040865384615384616
1 0.2620192307692308 0.5012019230769231 0.038461538461538464 0.04927884615384615
1 0.3112980769230769 0.49278846153846156 0.040865384615384616 0.038461538461538464
1 0.38461538461538464 0.4879807692307692 0.03125 0.037259615384615384
1 0.5673076923076923 0.4963942307692308 0.03365384615384615 0.10576923076923077
1 0.5913461538461539 0.5024038461538461 0.03485576923076923 0.09014423076923077
1 0.6310096153846154 0.5132211538461539 0.09615384615384616 0.09134615384615384
1 0.6346153846153846 0.5048076923076923 0.09014423076923077 0.09975961538461539