1 0.5012019230769231 0.5384615384615384 0.11177884615384616 0.14423076923076922
1 0.5697115384615384 0.5324519230769231 0.037259615384615384 0.07451923076923077
6 0.5805288461538461 0.43990384615384615 0.019230769230769232 0.038461538461538464
1 0.5925480769230769 0.5240384615384616 0.03365384615384615 0.052884615384615384
1 0.6225961538461539 0.5240384615384616 0.03125 0.05048076923076923
1 0.6826923076923077 0.5240384615384616 0.06009615384615385 0.078125
2 0.7211538461538461 0.5252403846153846 0.018028846153846152 0.05889423076923077
2 0.7355769230769231 0.5288461538461539 0.009615384615384616 0.040865384615384616
2 0.7512019230769231 0.5024038461538461 0.01201923076923077 0.025240384615384616
2 0.7524038461538461 0.5276442307692307 0.01201923076923077 0.038461538461538464
6 0.7740384615384616 0.43028846153846156 0.018028846153846152 0.055288461538461536
1 0.9026442307692307 0.6021634615384616 0.19110576923076922 0.25240384615384615