1 0.06610576923076923 0.5192307692307693 0.078125 0.11298076923076923
1 0.06971153846153846 0.5216346153846154 0.046875 0.09735576923076923
1 0.12379807692307693 0.5396634615384616 0.038461538461538464 0.06971153846153846
1 0.17668269230769232 0.5360576923076923 0.07572115384615384 0.052884615384615384
1 0.18028846153846154 0.5372596153846154 0.08052884615384616 0.06610576923076923
1 0.24278846153846154 0.5360576923076923 0.03365384615384615 0.06850961538461539
2 0.2620192307692308 0.5216346153846154 0.028846153846153848 0.11778846153846154
2 0.2620192307692308 0.5324519230769231 0.027644230769230768 0.11538461538461539
2 0.2932692307692308 0.5228365384615384 0.028846153846153848 0.1346153846153846
0 0.4050480769230769 0.5324519230769231 0.025240384615384616 0.06850961538461539
2 0.40384615384615385 0.5384615384615384 0.015625 0.06610576923076923
2 0.40865384615384615 0.5360576923076923 0.009615384615384616 0.052884615384615384
2 0.5264423076923077 0.5240384615384616 0.037259615384615384 0.14423076923076922
1 0.5240384615384616 0.5192307692307693 0.021634615384615384 0.1310096153846154
1 0.5865384615384616 0.5432692307692307 0.09134615384615384 0.07451923076923077
1 0.5961538461538461 0.5480769230769231 0.10697115384615384 0.078125
1 0.8209134615384616 0.5697115384615384 0.3557692307692308 0.28725961538461536