10 0.17668269230769232 0.33052884615384615 0.35336538461538464 0.6598557692307693
10 0.17908653846153846 0.34615384615384615 0.35697115384615385 0.6658653846153846
10 0.4110576923076923 0.4651442307692308 0.16826923076923078 0.3161057692307692
10 0.4182692307692308 0.4639423076923077 0.171875 0.31850961538461536
1 0.5288461538461539 0.5192307692307693 0.10697115384615384 0.10697115384615384
1 0.5360576923076923 0.5132211538461539 0.09735576923076923 0.078125
1 0.6129807692307693 0.5048076923076923 0.037259615384615384 0.06009615384615385
1 0.6334134615384616 0.49278846153846156 0.037259615384615384 0.07211538461538461
1 0.6899038461538461 0.49278846153846156 0.03125 0.04326923076923077
1 0.8401442307692307 0.49038461538461536 0.03125 0.06610576923076923
1 0.8545673076923077 0.5048076923076923 0.025240384615384616 0.07451923076923077
1 0.8798076923076923 0.49399038461538464 0.04447115384615385 0.14423076923076922
1 0.9399038461538461 0.5012019230769231 0.11177884615384616 0.15865384615384615
1 0.9278846153846154 0.5024038461538461 0.08653846153846154 0.1502403846153846
1 0.9807692307692307 0.5276442307692307 0.037259615384615384 0.21875
1 0.9819711538461539 0.5288461538461539 0.03365384615384615 0.29447115384615385