1 0.13221153846153846 0.5612980769230769 0.11538461538461539 0.14423076923076922
1 0.19471153846153846 0.5492788461538461 0.04326923076923077 0.08653846153846154
1 0.19591346153846154 0.546875 0.04326923076923077 0.08774038461538461
1 0.23557692307692307 0.5336538461538461 0.056490384615384616 0.07211538461538461
1 0.23677884615384615 0.5384615384615384 0.046875 0.05889423076923077
1 0.26802884615384615 0.5180288461538461 0.040865384615384616 0.055288461538461536
1 0.26802884615384615 0.5240384615384616 0.027644230769230768 0.056490384615384616
1 0.5985576923076923 0.4855769230769231 0.052884615384615384 0.04927884615384615
1 0.5973557692307693 0.4879807692307692 0.046875 0.037259615384615384
1 0.6694711538461539 0.46875 0.04927884615384615 0.04326923076923077
1 0.6670673076923077 0.4675480769230769 0.038461538461538464 0.03485576923076923
1 0.7475961538461539 0.453125 0.03365384615384615 0.02403846153846154
1 0.9555288461538461 0.4182692307692308 0.08653846153846154 0.04326923076923077
1 0.9591346153846154 0.41947115384615385 0.08052884615384616 0.037259615384615384