1 0.0829326923076923 0.5144230769230769 0.08173076923076923 0.04326923076923077
1 0.14783653846153846 0.5540865384615384 0.12259615384615384 0.12259615384615384
1 0.21634615384615385 0.5480769230769231 0.04447115384615385 0.08052884615384616
1 0.25600961538461536 0.53125 0.056490384615384616 0.07572115384615384
1 0.29086538461538464 0.5348557692307693 0.021634615384615384 0.0625
1 0.3858173076923077 0.5192307692307693 0.040865384615384616 0.056490384615384616
1 0.4266826923076923 0.5228365384615384 0.037259615384615384 0.055288461538461536
1 0.5180288461538461 0.5240384615384616 0.056490384615384616 0.08173076923076923
1 0.6502403846153846 0.48677884615384615 0.06971153846153846 0.07572115384615384
1 0.6490384615384616 0.49399038461538464 0.04927884615384615 0.055288461538461536
1 0.8149038461538461 0.4951923076923077 0.04326923076923077 0.08052884615384616
1 0.8197115384615384 0.49278846153846156 0.04326923076923077 0.08413461538461539
1 0.8581730769230769 0.49038461538461536 0.055288461538461536 0.06971153846153846
1 0.8870192307692307 0.4879807692307692 0.09975961538461539 0.08413461538461539