1 0.0733173076923077 0.5528846153846154 0.1466346153846154 0.17548076923076922
1 0.18509615384615385 0.5552884615384616 0.09615384615384616 0.10336538461538461
1 0.2704326923076923 0.5384615384615384 0.09014423076923077 0.08653846153846154
1 0.35096153846153844 0.5288461538461539 0.04326923076923077 0.06850961538461539
1 0.45552884615384615 0.5444711538461539 0.08774038461538461 0.12259615384615384
7 0.41947115384615385 0.4170673076923077 0.01201923076923077 0.03125
4 0.4735576923076923 0.41346153846153844 0.013221153846153846 0.03485576923076923
4 0.5588942307692307 0.47115384615384615 0.01201923076923077 0.03125
4 0.6129807692307693 0.4230769230769231 0.013221153846153846 0.04927884615384615
1 0.8413461538461539 0.5048076923076923 0.040865384615384616 0.05048076923076923
1 0.9158653846153846 0.5012019230769231 0.037259615384615384 0.06610576923076923