1 0.020432692307692308 0.49158653846153844 0.040865384615384616 0.0625
1 0.02283653846153846 0.49759615384615385 0.04447115384615385 0.0625
1 0.10216346153846154 0.48197115384615385 0.08413461538461539 0.078125
1 0.18509615384615385 0.47836538461538464 0.06610576923076923 0.06009615384615385
7 0.3918269230769231 0.28725961538461536 0.02403846153846154 0.08173076923076923
7 0.38822115384615385 0.2824519230769231 0.018028846153846152 0.0625
1 0.5084134615384616 0.5564903846153846 0.20552884615384615 0.2536057692307692
6 0.5072115384615384 0.27403846153846156 0.021634615384615384 0.0625
6 0.6358173076923077 0.3004807692307692 0.019230769230769232 0.0625
1 0.8485576923076923 0.5372596153846154 0.3004807692307692 0.31009615384615385
6 0.7415865384615384 0.38221153846153844 0.02403846153846154 0.06971153846153846
6 0.7391826923076923 0.3798076923076923 0.018028846153846152 0.05048076923076923