3 0.07091346153846154 0.08533653846153846 0.109375 0.15625
1 0.17668269230769232 0.49759615384615385 0.09975961538461539 0.06009615384615385
1 0.25841346153846156 0.5024038461538461 0.13701923076923078 0.12139423076923077
1 0.40865384615384615 0.49759615384615385 0.05889423076923077 0.06009615384615385
1 0.45552884615384615 0.49399038461538464 0.04927884615384615 0.055288461538461536
1 0.4519230769230769 0.49278846153846156 0.03485576923076923 0.04447115384615385
3 0.5697115384615384 0.028846153846153848 0.027644230769230768 0.056490384615384616
3 0.5661057692307693 0.3605769230769231 0.013221153846153846 0.052884615384615384
3 0.6526442307692307 0.3557692307692308 0.015625 0.040865384615384616
4 0.7259615384615384 0.41225961538461536 0.015625 0.046875
0 0.7944711538461539 0.48677884615384615 0.021634615384615384 0.06610576923076923
3 0.8004807692307693 0.0733173076923077 0.025240384615384616 0.09014423076923077
2 0.8052884615384616 0.4807692307692308 0.015625 0.052884615384615384
2 0.8810096153846154 0.48677884615384615 0.019230769230769232 0.09014423076923077
2 0.8822115384615384 0.49278846153846156 0.013221153846153846 0.07211538461538461
2 0.9326923076923077 0.49158653846153844 0.019230769230769232 0.07451923076923077
2 0.9350961538461539 0.49038461538461536 0.025240384615384616 0.06971153846153846