1 0.90625 0.6586538461538461 0.18509615384615385 0.33052884615384615
1 0.4074519230769231 0.5396634615384616 0.12860576923076922 0.17548076923076922
6 0.38822115384615385 0.4519230769230769 0.013221153846153846 0.021634615384615384
1 0.4735576923076923 0.5264423076923077 0.0625 0.09014423076923077
2 0.5108173076923077 0.5132211538461539 0.01201923076923077 0.04326923076923077
6 0.5240384615384616 0.453125 0.013221153846153846 0.037259615384615384
1 0.6069711538461539 0.5336538461538461 0.055288461538461536 0.12740384615384615
1 0.6790865384615384 0.5600961538461539 0.11177884615384616 0.15985576923076922
1 0.7848557692307693 0.5805288461538461 0.1935096153846154 0.20072115384615385
2 0.7367788461538461 0.4651442307692308 0.025240384615384616 0.04326923076923077
2 0.7752403846153846 0.47596153846153844 0.02403846153846154 0.04447115384615385
2 0.8882211538461539 0.49399038461538464 0.018028846153846152 0.05048076923076923