1 0.9230769230769231 0.5276442307692307 0.15264423076923078 0.08653846153846154
1 0.23798076923076922 0.5432692307692307 0.06009615384615385 0.07451923076923077
5 0.28365384615384615 0.31490384615384615 0.025240384615384616 0.06009615384615385
7 0.2824519230769231 0.3137019230769231 0.015625 0.05048076923076923
1 0.3605769230769231 0.5372596153846154 0.04927884615384615 0.06490384615384616
4 0.3894230769230769 0.3173076923076923 0.01201923076923077 0.05048076923076923
1 0.4266826923076923 0.53125 0.06971153846153846 0.09735576923076923
4 0.5552884615384616 0.42788461538461536 0.01201923076923077 0.040865384615384616
2 0.6358173076923077 0.5264423076923077 0.019230769230769232 0.08653846153846154
2 0.6634615384615384 0.5300480769230769 0.02403846153846154 0.09615384615384616
10 0.8725961538461539 0.46153846153846156 0.25240384615384615 0.20673076923076922