1 0.44711538461538464 0.4483173076923077 0.04927884615384615 0.028846153846153848
1 0.45072115384615385 0.47475961538461536 0.04927884615384615 0.052884615384615384
1 0.45552884615384615 0.47115384615384615 0.04927884615384615 0.04326923076923077
1 0.5709134615384616 0.48197115384615385 0.05048076923076923 0.05889423076923077
7 0.5649038461538461 0.24278846153846154 0.02403846153846154 0.0625
1 0.5769230769230769 0.4807692307692308 0.046875 0.04447115384615385
7 0.5649038461538461 0.22355769230769232 0.018028846153846152 0.052884615384615384
4 0.6754807692307693 0.2403846153846154 0.021634615384615384 0.06610576923076923
4 0.6742788461538461 0.25961538461538464 0.018028846153846152 0.04326923076923077
1 0.8557692307692307 0.47836538461538464 0.040865384615384616 0.05048076923076923
4 0.9603365384615384 0.38100961538461536 0.019230769230769232 0.03125
4 0.9651442307692307 0.37259615384615385 0.019230769230769232 0.06610576923076923