1 0.12379807692307693 0.49278846153846156 0.24759615384615385 0.6778846153846154
10 0.12740384615384615 0.484375 0.25 0.6189903846153846
1 0.33052884615384615 0.4987980769230769 0.052884615384615384 0.06850961538461539
1 0.49399038461538464 0.6225961538461539 0.33413461538461536 0.42788461538461536
7 0.35096153846153844 0.3016826923076923 0.019230769230769232 0.06971153846153846
3 0.4735576923076923 0.2403846153846154 0.02403846153846154 0.06610576923076923
0 0.6538461538461539 0.49278846153846156 0.037259615384615384 0.08774038461538461
3 0.6490384615384616 0.37259615384615385 0.019230769230769232 0.04927884615384615
1 0.7463942307692307 0.5 0.12139423076923077 0.08413461538461539
1 0.7427884615384616 0.5024038461538461 0.11538461538461539 0.078125
1 0.8569711538461539 0.5913461538461539 0.28125 0.34615384615384615
4 0.9867788461538461 0.23076923076923078 0.021634615384615384 0.10697115384615384