1 0.0985576923076923 0.4807692307692308 0.052884615384615384 0.05048076923076923
1 0.16346153846153846 0.47836538461538464 0.052884615384615384 0.056490384615384616
1 0.24519230769230768 0.47836538461538464 0.038461538461538464 0.05048076923076923
1 0.3076923076923077 0.47716346153846156 0.037259615384615384 0.04447115384615385
1 0.33653846153846156 0.4855769230769231 0.027644230769230768 0.046875
1 0.36658653846153844 0.4831730769230769 0.027644230769230768 0.05048076923076923
4 0.44471153846153844 0.4567307692307692 0.01201923076923077 0.025240384615384616
1 0.49158653846153844 0.5048076923076923 0.07211538461538461 0.09975961538461539
4 0.4987980769230769 0.42908653846153844 0.01201923076923077 0.028846153846153848
1 0.7175480769230769 0.4963942307692308 0.08052884615384616 0.09134615384615384
1 0.8040865384615384 0.4951923076923077 0.09014423076923077 0.09375