1 0.9543269230769231 0.796875 0.08774038461538461 0.359375
1 0.056490384615384616 0.5757211538461539 0.11177884615384616 0.17427884615384615
1 0.13822115384615385 0.5576923076923077 0.09615384615384616 0.12860576923076922
2 0.18269230769230768 0.5336538461538461 0.013221153846153846 0.03125
1 0.3762019230769231 0.5492788461538461 0.078125 0.09134615384615384
1 0.4963942307692308 0.5324519230769231 0.0625 0.07211538461538461
2 0.5769230769230769 0.5264423076923077 0.021634615384615384 0.03365384615384615
1 0.7355769230769231 0.5841346153846154 0.25 0.23197115384615385
2 0.6286057692307693 0.4831730769230769 0.015625 0.03125
2 0.7175480769230769 0.46875 0.015625 0.019230769230769232
2 0.7524038461538461 0.4579326923076923 0.021634615384615384 0.05048076923076923
2 0.796875 0.46033653846153844 0.03125 0.056490384615384616