1 0.11778846153846154 0.5817307692307693 0.17427884615384615 0.10697115384615384
1 0.9242788461538461 0.6105769230769231 0.14903846153846154 0.4963942307692308
1 0.23557692307692307 0.5709134615384616 0.1875 0.22235576923076922
1 0.33413461538461536 0.5444711538461539 0.04447115384615385 0.056490384615384616
1 0.3641826923076923 0.5420673076923077 0.03485576923076923 0.056490384615384616
1 0.5372596153846154 0.5649038461538461 0.203125 0.1502403846153846
2 0.6430288461538461 0.5552884615384616 0.03365384615384615 0.15384615384615385
1 0.6850961538461539 0.5673076923076923 0.11538461538461539 0.16346153846153846
1 0.7007211538461539 0.5588942307692307 0.14302884615384615 0.140625
1 0.7692307692307693 0.5793269230769231 0.14423076923076922 0.19951923076923078
1 0.7680288461538461 0.5757211538461539 0.11538461538461539 0.18509615384615385
1 0.8149038461538461 0.5961538461538461 0.10697115384615384 0.24639423076923078