1 0.0829326923076923 0.46153846153846156 0.1658653846153846 0.2776442307692308
1 0.19591346153846154 0.5072115384615384 0.10096153846153846 0.13822115384615385
1 0.24879807692307693 0.4855769230769231 0.021634615384615384 0.04447115384615385
1 0.3233173076923077 0.49158653846153844 0.12139423076923077 0.15264423076923078
6 0.28725961538461536 0.33413461538461536 0.019230769230769232 0.03125
6 0.33774038461538464 0.33533653846153844 0.015625 0.027644230769230768
6 0.41225961538461536 0.33052884615384615 0.015625 0.03125
1 0.49759615384615385 0.53125 0.15625 0.21153846153846154
6 0.4639423076923077 0.33052884615384615 0.019230769230769232 0.037259615384615384
6 0.5721153846153846 0.38221153846153844 0.018028846153846152 0.02403846153846154
1 0.6694711538461539 0.4675480769230769 0.14302884615384615 0.109375
1 0.7908653846153846 0.453125 0.10697115384615384 0.06490384615384616