1 0.13581730769230768 0.5504807692307693 0.08052884615384616 0.08774038461538461
1 0.9314903846153846 0.5276442307692307 0.10096153846153846 0.06610576923076923
1 0.02283653846153846 0.5432692307692307 0.040865384615384616 0.04927884615384615
1 0.026442307692307692 0.5432692307692307 0.038461538461538464 0.03365384615384615
1 0.09134615384615384 0.5252403846153846 0.04447115384615385 0.0625
1 0.09254807692307693 0.53125 0.03365384615384615 0.040865384615384616
1 0.13341346153846154 0.5240384615384616 0.03125 0.038461538461538464
1 0.31009615384615385 0.5252403846153846 0.037259615384615384 0.0625
10 0.35216346153846156 0.5096153846153846 0.06971153846153846 0.11778846153846154
1 0.7079326923076923 0.5264423076923077 0.10336538461538461 0.06971153846153846
1 0.7103365384615384 0.5240384615384616 0.10336538461538461 0.07211538461538461
1 0.7896634615384616 0.5228365384615384 0.07572115384615384 0.06850961538461539
1 0.7980769230769231 0.5252403846153846 0.07211538461538461 0.06610576923076923