1 0.06610576923076923 0.6237980769230769 0.13221153846153846 0.36778846153846156
1 0.11658653846153846 0.5384615384615384 0.04326923076923077 0.07211538461538461
2 0.14783653846153846 0.5600961538461539 0.04927884615384615 0.21875
1 0.17427884615384615 0.5408653846153846 0.052884615384615384 0.052884615384615384
1 0.33052884615384615 0.6574519230769231 0.33052884615384615 0.41586538461538464
7 0.27884615384615385 0.2800480769230769 0.025240384615384616 0.06610576923076923
6 0.38822115384615385 0.2860576923076923 0.025240384615384616 0.07572115384615384
2 0.4891826923076923 0.5240384615384616 0.021634615384615384 0.06850961538461539
2 0.5552884615384616 0.5252403846153846 0.021634615384615384 0.08052884615384616
2 0.5576923076923077 0.5264423076923077 0.021634615384615384 0.07451923076923077
6 0.5637019230769231 0.41346153846153844 0.027644230769230768 0.07572115384615384
2 0.5733173076923077 0.5192307692307693 0.019230769230769232 0.08653846153846154
2 0.5817307692307693 0.5192307692307693 0.018028846153846152 0.08052884615384616
2 0.5961538461538461 0.5192307692307693 0.025240384615384616 0.09134615384615384
0 0.6262019230769231 0.5276442307692307 0.03365384615384615 0.09134615384615384
0 0.6538461538461539 0.5264423076923077 0.03365384615384615 0.09014423076923077
2 0.6862980769230769 0.5252403846153846 0.021634615384615384 0.08653846153846154
2 0.7007211538461539 0.5264423076923077 0.025240384615384616 0.08774038461538461
2 0.7247596153846154 0.5216346153846154 0.021634615384615384 0.08774038461538461
2 0.7788461538461539 0.5204326923076923 0.03485576923076923 0.125
1 0.9507211538461539 0.5192307692307693 0.09375 0.08413461538461539