1 0.09014423076923077 0.5192307692307693 0.09735576923076923 0.09615384615384616
6 0.06009615384615385 0.4387019230769231 0.019230769230769232 0.04326923076923077
7 0.06009615384615385 0.4519230769230769 0.018028846153846152 0.04927884615384615
1 0.16706730769230768 0.5132211538461539 0.03485576923076923 0.040865384615384616
1 0.20072115384615385 0.5024038461538461 0.05048076923076923 0.055288461538461536
3 0.21394230769230768 0.36658653846153844 0.019230769230769232 0.055288461538461536
1 0.2668269230769231 0.5084134615384616 0.05048076923076923 0.09014423076923077
6 0.2800480769230769 0.36538461538461536 0.019230769230769232 0.046875
1 0.4338942307692308 0.5853365384615384 0.31490384615384615 0.49038461538461536
6 0.578125 0.36177884615384615 0.03365384615384615 0.06009615384615385
6 0.5769230769230769 0.3762019230769231 0.025240384615384616 0.08653846153846154
1 0.6382211538461539 0.5288461538461539 0.11778846153846154 0.10697115384615384
1 0.6430288461538461 0.46875 0.06850961538461539 0.046875
2 0.7740384615384616 0.5240384615384616 0.06971153846153846 0.18990384615384615
2 0.7836538461538461 0.5204326923076923 0.03485576923076923 0.14423076923076922
1 0.9038461538461539 0.6442307692307693 0.18990384615384615 0.31009615384615385