1 0.08052884615384616 0.5084134615384616 0.15985576923076922 0.15865384615384615
1 0.23076923076923078 0.4855769230769231 0.05889423076923077 0.05048076923076923
1 0.2776442307692308 0.48197115384615385 0.03485576923076923 0.038461538461538464
1 0.3004807692307692 0.47596153846153844 0.027644230769230768 0.055288461538461536
6 0.36778846153846156 0.29447115384615385 0.018028846153846152 0.0625
1 0.47836538461538464 0.5084134615384616 0.10697115384615384 0.1310096153846154
3 0.4639423076923077 0.3016826923076923 0.025240384615384616 0.0625
3 0.6117788461538461 0.39302884615384615 0.019230769230769232 0.04326923076923077
3 0.6165865384615384 0.390625 0.013221153846153846 0.038461538461538464
3 0.6826923076923077 0.31009615384615385 0.019230769230769232 0.06971153846153846
1 0.9471153846153846 0.4855769230769231 0.10336538461538461 0.09134615384615384