1 0.8882211538461539 0.6105769230769231 0.22115384615384615 0.37259615384615385
1 0.22596153846153846 0.53125 0.037259615384615384 0.04927884615384615
1 0.2512019230769231 0.5432692307692307 0.06971153846153846 0.06850961538461539
1 0.29447115384615385 0.5300480769230769 0.03365384615384615 0.037259615384615384
1 0.4182692307692308 0.5396634615384616 0.06850961538461539 0.09014423076923077
4 0.4026442307692308 0.4266826923076923 0.015625 0.03365384615384615
4 0.4014423076923077 0.42427884615384615 0.01201923076923077 0.028846153846153848
4 0.44711538461538464 0.421875 0.013221153846153846 0.03125
4 0.44711538461538464 0.42427884615384615 0.013221153846153846 0.028846153846153848
1 0.49278846153846156 0.5240384615384616 0.03485576923076923 0.04326923076923077
4 0.5096153846153846 0.4735576923076923 0.009615384615384616 0.03125
1 0.6189903846153846 0.5144230769230769 0.07451923076923077 0.05889423076923077
1 0.78125 0.5336538461538461 0.09975961538461539 0.09975961538461539