1 0.21153846153846154 0.5024038461538461 0.04326923076923077 0.05048076923076923
1 0.24759615384615385 0.5012019230769231 0.05048076923076923 0.04927884615384615
1 0.30408653846153844 0.5012019230769231 0.06971153846153846 0.09134615384615384
1 0.44350961538461536 0.4891826923076923 0.028846153846153848 0.05889423076923077
1 0.4831730769230769 0.49278846153846156 0.028846153846153848 0.038461538461538464
1 0.5120192307692307 0.49759615384615385 0.040865384615384616 0.052884615384615384
1 0.5769230769230769 0.49278846153846156 0.025240384615384616 0.08173076923076923
1 0.5913461538461539 0.49038461538461536 0.04927884615384615 0.09014423076923077
1 0.6165865384615384 0.5072115384615384 0.0625 0.08052884615384616
1 0.6706730769230769 0.49759615384615385 0.0625 0.040865384615384616
1 0.6742788461538461 0.4951923076923077 0.05048076923076923 0.056490384615384616
1 0.7884615384615384 0.48677884615384615 0.078125 0.046875
1 0.7908653846153846 0.4855769230769231 0.07211538461538461 0.04326923076923077
1 0.8737980769230769 0.48197115384615385 0.05889423076923077 0.04326923076923077