1 0.05048076923076923 0.5588942307692307 0.10096153846153846 0.12740384615384615
10 0.109375 0.5048076923076923 0.10576923076923077 0.10336538461538461
10 0.10697115384615384 0.5084134615384616 0.09014423076923077 0.09975961538461539
1 0.18629807692307693 0.5600961538461539 0.12860576923076922 0.14302884615384615
1 0.34134615384615385 0.5552884615384616 0.20072115384615385 0.26802884615384615
3 0.32572115384615385 0.3401442307692308 0.019230769230769232 0.04326923076923077
6 0.41466346153846156 0.3329326923076923 0.015625 0.040865384615384616
1 0.5120192307692307 0.5228365384615384 0.13822115384615385 0.11177884615384616
1 0.5096153846153846 0.5216346153846154 0.1310096153846154 0.08052884615384616
6 0.48677884615384615 0.33653846153846156 0.013221153846153846 0.040865384615384616
1 0.6694711538461539 0.5552884615384616 0.14423076923076922 0.15625
6 0.6610576923076923 0.41947115384615385 0.018028846153846152 0.046875
6 0.6586538461538461 0.4170673076923077 0.015625 0.03365384615384615
1 0.7800480769230769 0.5180288461538461 0.11899038461538461 0.0625
6 0.8305288461538461 0.29447115384615385 0.03485576923076923 0.10697115384615384
2 0.8870192307692307 0.5276442307692307 0.027644230769230768 0.09975961538461539
1 0.9399038461538461 0.5480769230769231 0.11298076923076923 0.296875