1 0.1141826923076923 0.5288461538461539 0.040865384615384616 0.04447115384615385
1 0.16105769230769232 0.5276442307692307 0.028846153846153848 0.038461538461538464
1 0.19591346153846154 0.5192307692307693 0.025240384615384616 0.05048076923076923
5 0.19110576923076922 0.4110576923076923 0.013221153846153846 0.040865384615384616
1 0.21995192307692307 0.5204326923076923 0.04447115384615385 0.0625
4 0.22956730769230768 0.39903846153846156 0.009615384615384616 0.03125
4 0.23557692307692307 0.3954326923076923 0.01201923076923077 0.03125
4 0.2692307692307692 0.4050480769230769 0.009615384615384616 0.028846153846153848
4 0.2692307692307692 0.4074519230769231 0.009615384615384616 0.03125
1 0.31009615384615385 0.5240384615384616 0.08653846153846154 0.11177884615384616
4 0.33413461538461536 0.4567307692307692 0.01201923076923077 0.028846153846153848
4 0.38461538461538464 0.42908653846153844 0.015625 0.040865384615384616
4 0.3858173076923077 0.4362980769230769 0.01201923076923077 0.03365384615384615
1 0.41947115384615385 0.5072115384615384 0.055288461538461536 0.04447115384615385