1 0.9507211538461539 0.7199519230769231 0.09375 0.33413461538461536
10 0.2283653846153846 0.46875 0.1814903846153846 0.2403846153846154
10 0.22716346153846154 0.47115384615384615 0.1778846153846154 0.2692307692307692
1 0.32572115384615385 0.5288461538461539 0.03485576923076923 0.052884615384615384
1 0.34615384615384615 0.5252403846153846 0.02403846153846154 0.04326923076923077
1 0.36899038461538464 0.5216346153846154 0.021634615384615384 0.03125
1 0.4963942307692308 0.5336538461538461 0.018028846153846152 0.040865384615384616
1 0.5060096153846154 0.5336538461538461 0.018028846153846152 0.046875
1 0.5300480769230769 0.5336538461538461 0.04927884615384615 0.10096153846153846
1 0.5649038461538461 0.5444711538461539 0.07211538461538461 0.09134615384615384
1 0.5673076923076923 0.5396634615384616 0.07211538461538461 0.08774038461538461
1 0.6598557692307693 0.5661057692307693 0.14302884615384615 0.13701923076923078
1 0.6682692307692307 0.5709134615384616 0.15264423076923078 0.14903846153846154