2 0.8653846153846154 0.5108173076923077 0.052884615384615384 0.27163461538461536
1 0.9675480769230769 0.47115384615384615 0.06009615384615385 0.09134615384615384
1 0.12740384615384615 0.5516826923076923 0.056490384615384616 0.06009615384615385
7 0.2548076923076923 0.30649038461538464 0.019230769230769232 0.05048076923076923
7 0.25721153846153844 0.31009615384615385 0.018028846153846152 0.04927884615384615
1 0.3425480769230769 0.5300480769230769 0.05889423076923077 0.06610576923076923
8 0.3557692307692308 0.29447115384615385 0.018028846153846152 0.04326923076923077
8 0.36177884615384615 0.29447115384615385 0.021634615384615384 0.05048076923076923
1 0.42427884615384615 0.5192307692307693 0.028846153846153848 0.040865384615384616
8 0.5180288461538461 0.41225961538461536 0.02403846153846154 0.037259615384615384
8 0.5204326923076923 0.4074519230769231 0.013221153846153846 0.04326923076923077
2 0.5288461538461539 0.5132211538461539 0.019230769230769232 0.055288461538461536
2 0.5588942307692307 0.5024038461538461 0.028846153846153848 0.05048076923076923
1 0.7596153846153846 0.4807692307692308 0.078125 0.06971153846153846
1 0.7632211538461539 0.4831730769230769 0.078125 0.06490384615384616
1 0.8641826923076923 0.47716346153846156 0.140625 0.09615384615384616