1 0.2668269230769231 0.5108173076923077 0.078125 0.09615384615384616
1 0.3737980769230769 0.5084134615384616 0.06610576923076923 0.08774038461538461
4 0.38221153846153844 0.45072115384615385 0.015625 0.027644230769230768
4 0.38461538461538464 0.4519230769230769 0.013221153846153846 0.03125
1 0.48677884615384615 0.5096153846153846 0.12740384615384615 0.18028846153846154
4 0.48677884615384615 0.40625 0.019230769230769232 0.03125
4 0.49399038461538464 0.39903846153846156 0.013221153846153846 0.03125
4 0.53125 0.44350961538461536 0.018028846153846152 0.027644230769230768
4 0.5336538461538461 0.453125 0.01201923076923077 0.03125
4 0.5396634615384616 0.44591346153846156 0.009615384615384616 0.025240384615384616
4 0.5456730769230769 0.43509615384615385 0.013221153846153846 0.028846153846153848
1 0.5865384615384616 0.5132211538461539 0.05889423076923077 0.09375
1 0.6550480769230769 0.5288461538461539 0.140625 0.14302884615384615