1 0.1466346153846154 0.5552884615384616 0.09615384615384616 0.12139423076923077
1 0.22235576923076922 0.5444711538461539 0.07572115384615384 0.08052884615384616
1 0.2608173076923077 0.5300480769230769 0.037259615384615384 0.0625
1 0.26322115384615385 0.5288461538461539 0.028846153846153848 0.08413461538461539
1 0.4074519230769231 0.5240384615384616 0.04326923076923077 0.09134615384615384
1 0.45072115384615385 0.546875 0.09375 0.109375
1 0.4519230769230769 0.5480769230769231 0.07572115384615384 0.09615384615384616
1 0.5444711538461539 0.5324519230769231 0.03365384615384615 0.07211538461538461
1 0.5829326923076923 0.546875 0.06490384615384616 0.06971153846153846
1 0.6430288461538461 0.5540865384615384 0.06610576923076923 0.11899038461538461
1 0.7403846153846154 0.5745192307692307 0.1502403846153846 0.14903846153846154