1 0.08413461538461539 0.5492788461538461 0.10336538461538461 0.08774038461538461
1 0.1310096153846154 0.5288461538461539 0.040865384615384616 0.09014423076923077
1 0.1622596153846154 0.5336538461538461 0.04326923076923077 0.056490384615384616
1 0.38221153846153844 0.6646634615384616 0.3713942307692308 0.5096153846153846
1 0.5372596153846154 0.5168269230769231 0.08052884615384616 0.06971153846153846
2 0.7608173076923077 0.4807692307692308 0.019230769230769232 0.04326923076923077
2 0.7776442307692307 0.5060096153846154 0.021634615384615384 0.038461538461538464
2 0.8137019230769231 0.48197115384615385 0.019230769230769232 0.078125
2 0.8377403846153846 0.5072115384615384 0.021634615384615384 0.13701923076923078
2 0.8617788461538461 0.4951923076923077 0.02403846153846154 0.12139423076923077
1 0.9819711538461539 0.5456730769230769 0.03485576923076923 0.10096153846153846