2 0.5048076923076923 0.53125 0.015625 0.05889423076923077
2 0.49759615384615385 0.5396634615384616 0.01201923076923077 0.037259615384615384
1 0.09134615384615384 0.5985576923076923 0.1814903846153846 0.2536057692307692
1 0.1971153846153846 0.5372596153846154 0.06490384615384616 0.06610576923076923
1 0.19471153846153846 0.5360576923076923 0.05048076923076923 0.052884615384615384
1 0.2692307692307692 0.5288461538461539 0.052884615384615384 0.06850961538461539
1 0.26802884615384615 0.5288461538461539 0.05048076923076923 0.055288461538461536
2 0.43028846153846156 0.5336538461538461 0.018028846153846152 0.06490384615384616
2 0.43028846153846156 0.53125 0.018028846153846152 0.05889423076923077
2 0.44471153846153844 0.5300480769230769 0.015625 0.06490384615384616
2 0.45072115384615385 0.5432692307692307 0.015625 0.04927884615384615
2 0.4831730769230769 0.5324519230769231 0.021634615384615384 0.05889423076923077
2 0.6694711538461539 0.5240384615384616 0.037259615384615384 0.09975961538461539
2 0.7007211538461539 0.5216346153846154 0.027644230769230768 0.12259615384615384
2 0.7043269230769231 0.5192307692307693 0.03125 0.10576923076923077