1 0.9254807692307693 0.5961538461538461 0.14423076923076922 0.24639423076923078
1 0.06490384615384616 0.546875 0.109375 0.08774038461538461
1 0.17908653846153846 0.5252403846153846 0.078125 0.08052884615384616
1 0.17908653846153846 0.5192307692307693 0.06850961538461539 0.078125
1 0.22235576923076922 0.5204326923076923 0.03125 0.0625
1 0.25721153846153844 0.515625 0.040865384615384616 0.055288461538461536
1 0.3293269230769231 0.49759615384615385 0.027644230769230768 0.03485576923076923
1 0.36538461538461536 0.4951923076923077 0.027644230769230768 0.027644230769230768
1 0.4050480769230769 0.49038461538461536 0.02403846153846154 0.037259615384615384
1 0.43509615384615385 0.49278846153846156 0.02403846153846154 0.03125
1 0.4651442307692308 0.5 0.019230769230769232 0.027644230769230768
1 0.484375 0.5 0.028846153846153848 0.03365384615384615