10 0.8689903846153846 0.5084134615384616 0.25721153846153844 0.46274038461538464
1 0.15504807692307693 0.5180288461538461 0.14423076923076922 0.1814903846153846
1 0.15384615384615385 0.5132211538461539 0.12860576923076922 0.14903846153846154
1 0.5024038461538461 0.4879807692307692 0.04927884615384615 0.09014423076923077
4 0.5204326923076923 0.375 0.018028846153846152 0.05048076923076923
4 0.5240384615384616 0.37740384615384615 0.018028846153846152 0.04326923076923077
1 0.5877403846153846 0.49399038461538464 0.037259615384615384 0.07572115384615384
1 0.6213942307692307 0.5132211538461539 0.07451923076923077 0.06971153846153846
1 0.6262019230769231 0.5120192307692307 0.056490384615384616 0.09014423076923077
1 0.7103365384615384 0.5384615384615384 0.08052884615384616 0.18389423076923078
1 0.7211538461538461 0.5384615384615384 0.07572115384615384 0.20552884615384615