1 0.015625 0.5300480769230769 0.028846153846153848 0.046875
6 0.06009615384615385 0.45072115384615385 0.021634615384615384 0.040865384615384616
7 0.0625 0.46634615384615385 0.018028846153846152 0.04927884615384615
1 0.12740384615384615 0.5228365384615384 0.03485576923076923 0.04447115384615385
1 0.16466346153846154 0.5228365384615384 0.03485576923076923 0.040865384615384616
1 0.19110576923076922 0.5144230769230769 0.021634615384615384 0.04326923076923077
1 0.22115384615384615 0.5132211538461539 0.04447115384615385 0.052884615384615384
7 0.21514423076923078 0.37259615384615385 0.019230769230769232 0.055288461538461536
1 0.43028846153846156 0.5805288461538461 0.36778846153846156 0.5060096153846154
1 0.2668269230769231 0.5084134615384616 0.037259615384615384 0.09014423076923077
4 0.2848557692307692 0.36538461538461536 0.019230769230769232 0.046875
3 0.5901442307692307 0.38341346153846156 0.03365384615384615 0.06009615384615385
1 0.6586538461538461 0.5336538461538461 0.11899038461538461 0.10336538461538461
2 0.6778846153846154 0.4807692307692308 0.03365384615384615 0.055288461538461536
1 0.9387019230769231 0.6682692307692307 0.12139423076923077 0.31009615384615385