1 0.0985576923076923 0.5132211538461539 0.025240384615384616 0.03125
1 0.17668269230769232 0.4963942307692308 0.09014423076923077 0.06850961538461539
1 0.3605769230769231 0.49759615384615385 0.07211538461538461 0.055288461538461536
1 0.3581730769230769 0.49278846153846156 0.06490384615384616 0.046875
1 0.421875 0.49278846153846156 0.03125 0.056490384615384616
1 0.44711538461538464 0.49278846153846156 0.03485576923076923 0.04927884615384615
1 0.5444711538461539 0.48677884615384615 0.055288461538461536 0.052884615384615384
3 0.5697115384615384 0.028846153846153848 0.027644230769230768 0.056490384615384616
3 0.5661057692307693 0.3605769230769231 0.013221153846153846 0.052884615384615384
6 0.6538461538461539 0.3557692307692308 0.015625 0.040865384615384616
6 0.7259615384615384 0.40384615384615385 0.015625 0.04326923076923077
6 0.7295673076923077 0.40865384615384615 0.013221153846153846 0.027644230769230768
6 0.7992788461538461 0.07091346153846154 0.025240384615384616 0.09014423076923077
2 0.8209134615384616 0.47596153846153844 0.03125 0.08774038461538461
2 0.8221153846153846 0.4807692307692308 0.025240384615384616 0.056490384615384616
0 0.9711538461538461 0.49278846153846156 0.027644230769230768 0.10096153846153846
2 0.9759615384615384 0.47716346153846156 0.03125 0.15625
2 0.9915865384615384 0.48197115384615385 0.01201923076923077 0.08413461538461539