1 0.8617788461538461 0.5192307692307693 0.27403846153846156 0.2620192307692308
1 0.23918269230769232 0.5252403846153846 0.04447115384615385 0.046875
8 0.24639423076923078 0.4951923076923077 0.01201923076923077 0.037259615384615384
7 0.33533653846153844 0.4567307692307692 0.021634615384615384 0.04927884615384615
9 0.33413461538461536 0.45552884615384615 0.013221153846153846 0.03125
4 0.40024038461538464 0.4074519230769231 0.021634615384615384 0.04927884615384615
4 0.4014423076923077 0.40625 0.009615384615384616 0.028846153846153848
4 0.48677884615384615 0.4579326923076923 0.018028846153846152 0.05048076923076923
4 0.4879807692307692 0.4495192307692308 0.009615384615384616 0.028846153846153848
5 0.5120192307692307 0.43028846153846156 0.019230769230769232 0.055288461538461536
4 0.5120192307692307 0.42908653846153844 0.01201923076923077 0.03125