10 0.06129807692307692 0.5228365384615384 0.12259615384615384 0.07211538461538461
2 0.06370192307692307 0.5564903846153846 0.027644230769230768 0.078125
2 0.06129807692307692 0.5516826923076923 0.021634615384615384 0.08413461538461539
1 0.3233173076923077 0.5444711538461539 0.13822115384615385 0.08052884615384616
6 0.35216346153846156 0.18269230769230768 0.03485576923076923 0.08653846153846154
6 0.6033653846153846 0.34975961538461536 0.028846153846153848 0.08774038461538461
6 0.6057692307692307 0.3485576923076923 0.018028846153846152 0.07451923076923077
2 0.6802884615384616 0.53125 0.03485576923076923 0.1346153846153846
2 0.7319711538461539 0.5336538461538461 0.019230769230769232 0.14903846153846154
2 0.7644230769230769 0.5384615384615384 0.037259615384615384 0.1502403846153846
2 0.8209134615384616 0.5396634615384616 0.03485576923076923 0.1778846153846154
2 0.8305288461538461 0.5336538461538461 0.04326923076923077 0.16826923076923078
2 0.9086538461538461 0.5276442307692307 0.0625 0.2127403846153846