3 0.1778846153846154 0.328125 0.019230769230769232 0.052884615384615384
1 0.23197115384615385 0.515625 0.02403846153846154 0.03125
1 0.25600961538461536 0.5096153846153846 0.06009615384615385 0.052884615384615384
1 0.3161057692307692 0.5228365384615384 0.06490384615384616 0.08653846153846154
1 0.31490384615384615 0.5192307692307693 0.05048076923076923 0.06850961538461539
1 0.29927884615384615 0.5120192307692307 0.019230769230769232 0.019230769230769232
3 0.3088942307692308 0.3942307692307692 0.009615384615384616 0.03485576923076923
1 0.3485576923076923 0.5120192307692307 0.02403846153846154 0.05048076923076923
1 0.4026442307692308 0.5384615384615384 0.11177884615384616 0.12740384615384615
3 0.35697115384615385 0.3581730769230769 0.018028846153846152 0.038461538461538464
4 0.3894230769230769 0.41947115384615385 0.007211538461538462 0.021634615384615384
4 0.41947115384615385 0.43990384615384615 0.013221153846153846 0.03365384615384615
1 0.46634615384615385 0.5024038461538461 0.03365384615384615 0.055288461538461536
1 0.4699519230769231 0.5096153846153846 0.03365384615384615 0.046875
4 0.49038461538461536 0.41466346153846156 0.019230769230769232 0.037259615384615384
1 0.5480769230769231 0.5240384615384616 0.056490384615384616 0.056490384615384616
1 0.5492788461538461 0.5216346153846154 0.056490384615384616 0.06610576923076923
1 0.5889423076923077 0.5132211538461539 0.028846153846153848 0.037259615384615384
10 0.6418269230769231 0.5036057692307693 0.06850961538461539 0.09615384615384616
10 0.6478365384615384 0.5048076923076923 0.07572115384615384 0.10336538461538461
4 0.6899038461538461 0.42427884615384615 0.01201923076923077 0.04326923076923077
1 0.8762019230769231 0.5480769230769231 0.16947115384615385 0.12259615384615384
1 0.8822115384615384 0.5480769230769231 0.16826923076923078 0.12259615384615384
1 0.9867788461538461 0.6274038461538461 0.019230769230769232 0.15985576923076922