2 0.5805288461538461 0.5 0.01201923076923077 0.046875
2 0.5973557692307693 0.5024038461538461 0.01201923076923077 0.04927884615384615
1 0.15144230769230768 0.5372596153846154 0.05889423076923077 0.0625
1 0.33413461538461536 0.6334134615384616 0.3088942307692308 0.3870192307692308
7 0.28365384615384615 0.27524038461538464 0.019230769230769232 0.06009615384615385
7 0.28365384615384615 0.27403846153846156 0.015625 0.055288461538461536
6 0.39302884615384615 0.2776442307692308 0.015625 0.04927884615384615
2 0.5649038461538461 0.5108173076923077 0.027644230769230768 0.07451923076923077
6 0.5649038461538461 0.39903846153846156 0.018028846153846152 0.04326923076923077
2 0.5661057692307693 0.515625 0.018028846153846152 0.07211538461538461
0 0.6670673076923077 0.5168269230769231 0.038461538461538464 0.10336538461538461
0 0.6682692307692307 0.5192307692307693 0.02403846153846154 0.08173076923076923
0 0.7788461538461539 0.5132211538461539 0.07451923076923077 0.09735576923076923
0 0.7800480769230769 0.515625 0.05048076923076923 0.08653846153846154
1 0.8954326923076923 0.5108173076923077 0.1778846153846154 0.08774038461538461
1 0.9771634615384616 0.5012019230769231 0.04326923076923077 0.07211538461538461