1 0.06610576923076923 0.5324519230769231 0.1310096153846154 0.08653846153846154
1 0.26802884615384615 0.5348557692307693 0.09014423076923077 0.12259615384615384
1 0.35096153846153844 0.5252403846153846 0.046875 0.07211538461538461
10 0.40865384615384615 0.5132211538461539 0.03125 0.0625
1 0.4110576923076923 0.5240384615384616 0.027644230769230768 0.04447115384615385
2 0.5805288461538461 0.5096153846153846 0.019230769230769232 0.056490384615384616
2 0.6189903846153846 0.5240384615384616 0.037259615384615384 0.10576923076923077
2 0.7007211538461539 0.5132211538461539 0.03365384615384615 0.11298076923076923
2 0.7019230769230769 0.5192307692307693 0.03485576923076923 0.125
2 0.7259615384615384 0.5084134615384616 0.028846153846153848 0.11899038461538461
2 0.7283653846153846 0.5 0.027644230769230768 0.10336538461538461