10 0.09615384615384616 0.5180288461538461 0.15865384615384615 0.08413461538461539
2 0.18509615384615385 0.5348557692307693 0.018028846153846152 0.06971153846153846
2 0.21754807692307693 0.5300480769230769 0.02403846153846154 0.055288461538461536
6 0.38341346153846156 0.265625 0.027644230769230768 0.07572115384615384
6 0.5733173076923077 0.390625 0.019230769230769232 0.05889423076923077
6 0.5745192307692307 0.3918269230769231 0.018028846153846152 0.06490384615384616
2 0.6009615384615384 0.5144230769230769 0.021634615384615384 0.08052884615384616
2 0.6418269230769231 0.5240384615384616 0.028846153846153848 0.08774038461538461
1 0.8161057692307693 0.6947115384615384 0.359375 0.5192307692307693
1 0.6694711538461539 0.5180288461538461 0.04927884615384615 0.06610576923076923
2 0.6923076923076923 0.5204326923076923 0.028846153846153848 0.11899038461538461
6 0.7163461538461539 0.27283653846153844 0.05048076923076923 0.13822115384615385
6 0.7115384615384616 0.27283653846153844 0.037259615384615384 0.109375