1 0.07572115384615384 0.515625 0.10576923076923077 0.06009615384615385
0 0.2824519230769231 0.4951923076923077 0.03485576923076923 0.046875
1 0.31490384615384615 0.5288461538461539 0.08413461538461539 0.06971153846153846
0 0.34134615384615385 0.48677884615384615 0.013221153846153846 0.03485576923076923
5 0.3737980769230769 0.3233173076923077 0.018028846153846152 0.04326923076923077
5 0.3737980769230769 0.328125 0.01201923076923077 0.046875
0 0.4074519230769231 0.5012019230769231 0.040865384615384616 0.05889423076923077
0 0.4026442307692308 0.4987980769230769 0.015625 0.04927884615384615
3 0.4579326923076923 0.40384615384615385 0.015625 0.052884615384615384
3 0.4579326923076923 0.40024038461538464 0.013221153846153846 0.038461538461538464
4 0.6009615384615384 0.3401442307692308 0.02403846153846154 0.08052884615384616
4 0.6009615384615384 0.34375 0.021634615384615384 0.09014423076923077