1 0.19471153846153846 0.6358173076923077 0.38822115384615385 0.29927884615384615
1 0.41947115384615385 0.5997596153846154 0.23798076923076922 0.24759615384615385
1 0.6021634615384616 0.5673076923076923 0.19471153846153846 0.15384615384615385
1 0.5769230769230769 0.6153846153846154 0.13221153846153846 0.18990384615384615
1 0.6682692307692307 0.5877403846153846 0.06850961538461539 0.17548076923076922
1 0.7175480769230769 0.5817307692307693 0.08052884615384616 0.1310096153846154
1 0.7439903846153846 0.5661057692307693 0.078125 0.10336538461538461
1 0.7584134615384616 0.5552884615384616 0.07572115384615384 0.09615384615384616
1 0.7668269230769231 0.5793269230769231 0.038461538461538464 0.08774038461538461
1 0.8137019230769231 0.5564903846153846 0.06610576923076923 0.09375
1 0.8557692307692307 0.5552884615384616 0.021634615384615384 0.055288461538461536
1 0.8774038461538461 0.5348557692307693 0.028846153846153848 0.07451923076923077