1 0.07451923076923077 0.5721153846153846 0.14903846153846154 0.13822115384615385
1 0.16706730769230768 0.5721153846153846 0.06009615384615385 0.08774038461538461
1 0.2247596153846154 0.5492788461538461 0.06850961538461539 0.09615384615384616
1 0.265625 0.5540865384615384 0.028846153846153848 0.08052884615384616
1 0.265625 0.5480769230769231 0.025240384615384616 0.0625
1 0.36899038461538464 0.5348557692307693 0.040865384615384616 0.056490384615384616
1 0.41947115384615385 0.5348557692307693 0.038461538461538464 0.0625
1 0.49399038461538464 0.5432692307692307 0.027644230769230768 0.06610576923076923
1 0.5264423076923077 0.5408653846153846 0.06850961538461539 0.078125
1 0.6730769230769231 0.5048076923076923 0.06971153846153846 0.07572115384615384
1 0.6802884615384616 0.5024038461538461 0.06610576923076923 0.052884615384615384
1 0.8834134615384616 0.5096153846153846 0.07451923076923077 0.10697115384615384
1 0.8858173076923077 0.5096153846153846 0.06850961538461539 0.09375