2 0.11177884615384616 0.6069711538461539 0.05889423076923077 0.35336538461538464
2 0.040865384615384616 0.609375 0.08052884615384616 0.40865384615384615
2 0.12860576923076922 0.6045673076923077 0.04927884615384615 0.36899038461538464
1 0.1502403846153846 0.5432692307692307 0.12860576923076922 0.12259615384615384
1 0.19831730769230768 0.5576923076923077 0.10096153846153846 0.1310096153846154
1 0.2764423076923077 0.5336538461538461 0.10336538461538461 0.09975961538461539
1 0.25600961538461536 0.5444711538461539 0.037259615384615384 0.09735576923076923
1 0.2920673076923077 0.5444711538461539 0.040865384615384616 0.08413461538461539
10 0.5444711538461539 0.4735576923076923 0.23076923076923078 0.14302884615384615
10 0.5432692307692307 0.47115384615384615 0.21634615384615385 0.11298076923076923
1 0.49399038461538464 0.5480769230769231 0.09615384615384616 0.12259615384615384
1 0.8305288461538461 0.42427884615384615 0.33413461538461536 0.8461538461538461
10 0.8353365384615384 0.42908653846153844 0.328125 0.8557692307692307