1 0.38461538461538464 0.5180288461538461 0.013221153846153846 0.018028846153846152
10 0.06850961538461539 0.5228365384615384 0.13701923076923078 0.09134615384615384
6 0.3605769230769231 0.2091346153846154 0.027644230769230768 0.08653846153846154
1 0.42427884615384615 0.5192307692307693 0.046875 0.05048076923076923
1 0.42427884615384615 0.5180288461538461 0.027644230769230768 0.038461538461538464
6 0.5973557692307693 0.36658653846153844 0.027644230769230768 0.08173076923076923
2 0.7283653846153846 0.5216346153846154 0.03365384615384615 0.11899038461538461
2 0.7247596153846154 0.5240384615384616 0.025240384615384616 0.11899038461538461
2 0.7548076923076923 0.5240384615384616 0.03485576923076923 0.11538461538461539
2 0.7536057692307693 0.5240384615384616 0.028846153846153848 0.12139423076923077
2 0.8353365384615384 0.5360576923076923 0.06610576923076923 0.21153846153846154
2 0.9423076923076923 0.5576923076923077 0.06610576923076923 0.27163461538461536
4 0.9711538461538461 0.08052884615384616 0.056490384615384616 0.15865384615384615