2 0.6862980769230769 0.49399038461538464 0.018028846153846152 0.04326923076923077
2 0.6382211538461539 0.5072115384615384 0.021634615384615384 0.08052884615384616
2 0.015625 0.5492788461538461 0.025240384615384616 0.10576923076923077
1 0.27403846153846156 0.6730769230769231 0.38461538461538464 0.41947115384615385
2 0.14423076923076922 0.5252403846153846 0.02403846153846154 0.06971153846153846
4 0.24759615384615385 0.421875 0.018028846153846152 0.05048076923076923
1 0.45552884615384615 0.5384615384615384 0.10697115384615384 0.1814903846153846
1 0.5252403846153846 0.515625 0.06490384615384616 0.08653846153846154
1 0.5252403846153846 0.5180288461538461 0.05889423076923077 0.0625
4 0.5168269230769231 0.4026442307692308 0.019230769230769232 0.05889423076923077
2 0.5625 0.5276442307692307 0.028846153846153848 0.125
2 0.5769230769230769 0.5180288461538461 0.013221153846153846 0.11899038461538461
2 0.5805288461538461 0.5024038461538461 0.021634615384615384 0.06971153846153846
2 0.5961538461538461 0.5180288461538461 0.028846153846153848 0.11298076923076923
2 0.6213942307692307 0.5024038461538461 0.019230769230769232 0.08413461538461539
2 0.7115384615384616 0.49158653846153844 0.018028846153846152 0.055288461538461536
2 0.7211538461538461 0.48677884615384615 0.021634615384615384 0.06009615384615385
2 0.7427884615384616 0.5024038461538461 0.038461538461538464 0.07451923076923077
1 0.8858173076923077 0.6021634615384616 0.22596153846153846 0.5252403846153846
2 0.8185096153846154 0.47596153846153844 0.04326923076923077 0.12740384615384615
2 0.8197115384615384 0.453125 0.03365384615384615 0.06610576923076923