4 0.27283653846153844 0.4254807692307692 0.019230769230769232 0.03485576923076923
1 0.4951923076923077 0.4831730769230769 0.027644230769230768 0.027644230769230768
1 0.5240384615384616 0.49759615384615385 0.04927884615384615 0.09014423076923077
4 0.5348557692307693 0.3401442307692308 0.018028846153846152 0.05048076923076923
4 0.5384615384615384 0.33774038461538464 0.018028846153846152 0.040865384615384616
4 0.6274038461538461 0.42427884615384615 0.019230769230769232 0.037259615384615384
3 0.6310096153846154 0.4230769230769231 0.018028846153846152 0.06009615384615385
1 0.6850961538461539 0.4951923076923077 0.09735576923076923 0.203125
1 0.7127403846153846 0.49759615384615385 0.12860576923076922 0.17548076923076922
1 0.828125 0.5673076923076923 0.21153846153846154 0.2091346153846154
1 0.8245192307692307 0.5576923076923077 0.20072115384615385 0.16826923076923078