1 0.12740384615384615 0.5204326923076923 0.037259615384615384 0.038461538461538464
1 0.15865384615384615 0.515625 0.028846153846153848 0.04927884615384615
1 0.16346153846153846 0.5144230769230769 0.037259615384615384 0.038461538461538464
1 0.18509615384615385 0.5084134615384616 0.038461538461538464 0.046875
1 0.18990384615384615 0.5108173076923077 0.03485576923076923 0.038461538461538464
1 0.2439903846153846 0.5012019230769231 0.06971153846153846 0.09134615384615384
1 0.42908653846153844 0.49158653846153844 0.028846153846153848 0.05889423076923077
1 0.4699519230769231 0.49759615384615385 0.028846153846153848 0.038461538461538464
1 0.5048076923076923 0.49278846153846156 0.040865384615384616 0.052884615384615384
1 0.5396634615384616 0.49399038461538464 0.03125 0.040865384615384616
1 0.5961538461538461 0.5060096153846154 0.04447115384615385 0.10697115384615384
1 0.6262019230769231 0.48677884615384615 0.08653846153846154 0.13701923076923078
1 0.6682692307692307 0.5096153846153846 0.11778846153846154 0.14302884615384615
1 0.8605769230769231 0.4855769230769231 0.109375 0.06850961538461539
1 0.8641826923076923 0.47836538461538464 0.10697115384615384 0.08052884615384616
1 0.9471153846153846 0.48677884615384615 0.07572115384615384 0.05889423076923077