1 0.038461538461538464 0.5961538461538461 0.07572115384615384 0.171875
1 0.15384615384615385 0.5637019230769231 0.16346153846153846 0.17548076923076922
1 0.14903846153846154 0.5456730769230769 0.125 0.11899038461538461
1 0.27283653846153844 0.5492788461538461 0.07211538461538461 0.10697115384615384
1 0.32091346153846156 0.5649038461538461 0.028846153846153848 0.08653846153846154
1 0.35096153846153844 0.5144230769230769 0.056490384615384616 0.11538461538461539
1 0.38341346153846156 0.5432692307692307 0.055288461538461536 0.09615384615384616
1 0.39302884615384615 0.5456730769230769 0.04927884615384615 0.09134615384615384
1 0.4254807692307692 0.5336538461538461 0.03485576923076923 0.09975961538461539
1 0.5144230769230769 0.5649038461538461 0.14903846153846154 0.15384615384615385
1 0.7367788461538461 0.35096153846153844 0.3161057692307692 0.7007211538461539
10 0.7403846153846154 0.3713942307692308 0.31971153846153844 0.7427884615384616