1 0.22716346153846154 0.515625 0.040865384615384616 0.06490384615384616
1 0.28725961538461536 0.5276442307692307 0.08052884615384616 0.09735576923076923
7 0.26322115384615385 0.4074519230769231 0.02403846153846154 0.04927884615384615
7 0.2620192307692308 0.41346153846153844 0.018028846153846152 0.04927884615384615
4 0.27163461538461536 0.36177884615384615 0.019230769230769232 0.06009615384615385
4 0.27283653846153844 0.36658653846153844 0.019230769230769232 0.038461538461538464
1 0.35697115384615385 0.5144230769230769 0.04326923076923077 0.05048076923076923
1 0.4170673076923077 0.5120192307692307 0.03485576923076923 0.05048076923076923
4 0.41947115384615385 0.3317307692307692 0.018028846153846152 0.05048076923076923
4 0.4206730769230769 0.32091346153846156 0.019230769230769232 0.055288461538461536
4 0.5324519230769231 0.40625 0.018028846153846152 0.04326923076923077
4 0.53125 0.41947115384615385 0.013221153846153846 0.04326923076923077
4 0.6490384615384616 0.2644230769230769 0.03485576923076923 0.08413461538461539
4 0.6454326923076923 0.29447115384615385 0.025240384615384616 0.055288461538461536
1 0.7115384615384616 0.5132211538461539 0.07451923076923077 0.08173076923076923