1 0.06370192307692307 0.5516826923076923 0.078125 0.046875
6 0.3942307692307692 0.5048076923076923 0.01201923076923077 0.037259615384615384
1 0.42908653846153844 0.5288461538461539 0.07451923076923077 0.10096153846153846
1 0.4699519230769231 0.5264423076923077 0.021634615384615384 0.06490384615384616
1 0.48197115384615385 0.5204326923076923 0.021634615384615384 0.038461538461538464
1 0.4987980769230769 0.5252403846153846 0.04326923076923077 0.052884615384615384
1 0.5360576923076923 0.5180288461538461 0.037259615384615384 0.040865384615384616
1 0.5324519230769231 0.5204326923076923 0.025240384615384616 0.03485576923076923
4 0.5384615384615384 0.4230769230769231 0.013221153846153846 0.03125
4 0.5396634615384616 0.43028846153846156 0.01201923076923077 0.03485576923076923
1 0.5997596153846154 0.5180288461538461 0.06610576923076923 0.08774038461538461
4 0.6802884615384616 0.45072115384615385 0.013221153846153846 0.028846153846153848
4 0.6826923076923077 0.4579326923076923 0.01201923076923077 0.03365384615384615
1 0.765625 0.5012019230769231 0.07211538461538461 0.06610576923076923
1 0.7632211538461539 0.5024038461538461 0.06009615384615385 0.04326923076923077