1 0.8870192307692307 0.7211538461538461 0.22235576923076922 0.5528846153846154
2 0.06370192307692307 0.5264423076923077 0.019230769230769232 0.07451923076923077
1 0.1502403846153846 0.5528846153846154 0.06971153846153846 0.06850961538461539
1 0.20432692307692307 0.5408653846153846 0.04447115384615385 0.06610576923076923
1 0.3942307692307692 0.5480769230769231 0.09615384615384616 0.109375
1 0.44471153846153844 0.5228365384615384 0.037259615384615384 0.04927884615384615
1 0.6105769230769231 0.5492788461538461 0.109375 0.10096153846153846
2 0.6598557692307693 0.4987980769230769 0.02403846153846154 0.078125
2 0.7211538461538461 0.5288461538461539 0.04927884615384615 0.06850961538461539
2 0.8088942307692307 0.49158653846153844 0.04326923076923077 0.11899038461538461
2 0.8100961538461539 0.48677884615384615 0.027644230769230768 0.109375
2 0.8305288461538461 0.4651442307692308 0.018028846153846152 0.09014423076923077
2 0.8533653846153846 0.4891826923076923 0.03365384615384615 0.125