3 0.07091346153846154 0.08533653846153846 0.109375 0.15625
1 0.11177884615384616 0.5228365384615384 0.1310096153846154 0.125
1 0.11899038461538461 0.5144230769230769 0.109375 0.11538461538461539
1 0.17668269230769232 0.49759615384615385 0.09975961538461539 0.06009615384615385
1 0.28846153846153844 0.5024038461538461 0.06850961538461539 0.0625
1 0.2932692307692308 0.5048076923076923 0.06850961538461539 0.07451923076923077
1 0.35336538461538464 0.5144230769230769 0.08653846153846154 0.06971153846153846
1 0.35216346153846156 0.5180288461538461 0.07211538461538461 0.078125
1 0.38461538461538464 0.4891826923076923 0.046875 0.0625
1 0.42908653846153844 0.4879807692307692 0.0625 0.06971153846153846
1 0.47115384615384615 0.49399038461538464 0.03365384615384615 0.038461538461538464
3 0.5697115384615384 0.028846153846153848 0.027644230769230768 0.056490384615384616
3 0.5649038461538461 0.3605769230769231 0.013221153846153846 0.052884615384615384
3 0.6526442307692307 0.3557692307692308 0.015625 0.040865384615384616
4 0.7259615384615384 0.4098557692307692 0.015625 0.04326923076923077
3 0.8004807692307693 0.0733173076923077 0.025240384615384616 0.09014423076923077
2 0.8737980769230769 0.4735576923076923 0.025240384615384616 0.06971153846153846
2 0.8810096153846154 0.48197115384615385 0.021634615384615384 0.055288461538461536
0 0.9290865384615384 0.49759615384615385 0.02403846153846154 0.09975961538461539