1 0.10697115384615384 0.5192307692307693 0.06490384615384616 0.04447115384615385
10 0.22596153846153846 0.46153846153846156 0.18509615384615385 0.28125
1 0.23076923076923078 0.4675480769230769 0.16947115384615385 0.25721153846153844
1 0.39783653846153844 0.4951923076923077 0.056490384615384616 0.06971153846153846
10 0.44350961538461536 0.4735576923076923 0.03485576923076923 0.06009615384615385
1 0.44711538461538464 0.47716346153846156 0.040865384615384616 0.05889423076923077
1 0.46274038461538464 0.4831730769230769 0.027644230769230768 0.04326923076923077
1 0.49158653846153844 0.48677884615384615 0.03485576923076923 0.056490384615384616
2 0.6838942307692307 0.4855769230769231 0.028846153846153848 0.08774038461538461
1 0.7632211538461539 0.44591346153846156 0.04447115384615385 0.04326923076923077
1 0.8197115384615384 0.44591346153846156 0.06490384615384616 0.05048076923076923