1 0.026442307692307692 0.49158653846153844 0.052884615384615384 0.0625
1 0.03365384615384615 0.49278846153846156 0.06610576923076923 0.0625
1 0.11298076923076923 0.4807692307692308 0.07211538461538461 0.06971153846153846
1 0.19230769230769232 0.47475961538461536 0.055288461538461536 0.05889423076923077
7 0.3942307692307692 0.28725961538461536 0.02403846153846154 0.08173076923076923
7 0.3942307692307692 0.28365384615384615 0.019230769230769232 0.05048076923076923
1 0.5048076923076923 0.5456730769230769 0.18509615384615385 0.21153846153846154
6 0.5072115384615384 0.27884615384615385 0.018028846153846152 0.05048076923076923
6 0.6298076923076923 0.31009615384615385 0.019230769230769232 0.0625
1 0.8425480769230769 0.5204326923076923 0.31009615384615385 0.29086538461538464
6 0.7331730769230769 0.38341346153846156 0.02403846153846154 0.06971153846153846
6 0.7319711538461539 0.3798076923076923 0.018028846153846152 0.05048076923076923