1 0.01201923076923077 0.5889423076923077 0.02403846153846154 0.1310096153846154
10 0.07572115384615384 0.5024038461538461 0.10697115384615384 0.08653846153846154
1 0.09375 0.5757211538461539 0.13822115384615385 0.1778846153846154
1 0.2848557692307692 0.5925480769230769 0.32211538461538464 0.4254807692307692
3 0.31850961538461536 0.3269230769230769 0.018028846153846152 0.04927884615384615
6 0.41466346153846156 0.32091346153846156 0.013221153846153846 0.038461538461538464
6 0.49278846153846156 0.3269230769230769 0.013221153846153846 0.046875
1 0.7475961538461539 0.5793269230769231 0.21634615384615385 0.21153846153846154
6 0.6814903846153846 0.4182692307692308 0.02403846153846154 0.0625
6 0.6802884615384616 0.41466346153846156 0.013221153846153846 0.04326923076923077
1 0.953125 0.5228365384615384 0.09014423076923077 0.06850961538461539
6 0.9290865384615384 0.24278846153846154 0.038461538461538464 0.12259615384615384
2 0.9735576923076923 0.5384615384615384 0.03485576923076923 0.11899038461538461