1 0.09375 0.6105769230769231 0.1875 0.27884615384615385
1 0.09014423076923077 0.6021634615384616 0.18028846153846154 0.24278846153846154
1 0.19951923076923078 0.5480769230769231 0.15625 0.18990384615384615
1 0.22115384615384615 0.5444711538461539 0.11899038461538461 0.2620192307692308
1 0.28846153846153844 0.5480769230769231 0.04326923076923077 0.11899038461538461
1 0.40384615384615385 0.5336538461538461 0.078125 0.11899038461538461
1 0.4639423076923077 0.5348557692307693 0.028846153846153848 0.07451923076923077
1 0.46634615384615385 0.5360576923076923 0.03485576923076923 0.06490384615384616
1 0.4879807692307692 0.5408653846153846 0.021634615384615384 0.09615384615384616
1 0.5096153846153846 0.5432692307692307 0.028846153846153848 0.10336538461538461
1 0.5685096153846154 0.5444711538461539 0.11778846153846154 0.15384615384615385
1 0.5697115384615384 0.5408653846153846 0.11778846153846154 0.15865384615384615
1 0.7079326923076923 0.5072115384615384 0.09975961538461539 0.109375
1 0.8521634615384616 0.6646634615384616 0.29086538461538464 0.4375