1 0.07211538461538461 0.5576923076923077 0.055288461538461536 0.08173076923076923
1 0.13221153846153846 0.5552884615384616 0.08173076923076923 0.08774038461538461
1 0.20552884615384615 0.5552884615384616 0.06971153846153846 0.06971153846153846
10 0.23677884615384615 0.5 0.05889423076923077 0.10336538461538461
1 0.28725961538461536 0.5492788461538461 0.09014423076923077 0.12740384615384615
3 0.2608173076923077 0.26322115384615385 0.025240384615384616 0.06610576923076923
1 0.39783653846153844 0.5697115384615384 0.13221153846153846 0.15985576923076922
3 0.38461538461538464 0.2776442307692308 0.025240384615384616 0.07572115384615384
2 0.48197115384615385 0.5336538461538461 0.025240384615384616 0.07211538461538461
3 0.5745192307692307 0.4170673076923077 0.027644230769230768 0.08052884615384616
2 0.6225961538461539 0.5396634615384616 0.021634615384615384 0.09735576923076923
2 0.6454326923076923 0.5432692307692307 0.021634615384615384 0.10697115384615384
2 0.6742788461538461 0.5396634615384616 0.03125 0.10697115384615384
0 0.7163461538461539 0.5432692307692307 0.04326923076923077 0.1310096153846154
2 0.7379807692307693 0.546875 0.03365384615384615 0.11298076923076923
2 0.7632211538461539 0.5432692307692307 0.03365384615384615 0.11899038461538461
0 0.8112980769230769 0.5432692307692307 0.06009615384615385 0.16826923076923078
2 0.8846153846153846 0.53125 0.028846153846153848 0.09975961538461539