2 0.9819711538461539 0.5504807692307693 0.03125 0.2692307692307692
2 0.9459134615384616 0.5637019230769231 0.06490384615384616 0.27163461538461536
2 0.9170673076923077 0.5288461538461539 0.05048076923076923 0.23798076923076922
7 0.08052884615384616 0.25 0.021634615384615384 0.06490384615384616
10 0.24879807692307693 0.4855769230769231 0.07451923076923077 0.12860576923076922
4 0.3016826923076923 0.27524038461538464 0.018028846153846152 0.056490384615384616
4 0.4735576923076923 0.3858173076923077 0.019230769230769232 0.06610576923076923
1 0.5961538461538461 0.625 0.2536057692307692 0.28365384615384615
2 0.48677884615384615 0.5072115384615384 0.019230769230769232 0.09014423076923077
2 0.49038461538461536 0.5060096153846154 0.018028846153846152 0.06850961538461539
1 0.7956730769230769 0.5144230769230769 0.1346153846153846 0.07211538461538461