4 0.18990384615384615 0.43509615384615385 0.019230769230769232 0.038461538461538464
1 0.22235576923076922 0.49158653846153844 0.08173076923076923 0.06850961538461539
10 0.2980769230769231 0.4699519230769231 0.14903846153846154 0.11778846153846154
10 0.29927884615384615 0.47115384615384615 0.109375 0.11778846153846154
1 0.3629807692307692 0.49278846153846156 0.03485576923076923 0.05048076923076923
1 0.4326923076923077 0.49278846153846156 0.04927884615384615 0.056490384615384616
4 0.42427884615384615 0.3401442307692308 0.018028846153846152 0.037259615384615384
1 0.4879807692307692 0.4855769230769231 0.03365384615384615 0.038461538461538464
4 0.5252403846153846 0.3557692307692308 0.021634615384615384 0.046875
4 0.5252403846153846 0.3473557692307692 0.013221153846153846 0.038461538461538464
1 0.5576923076923077 0.48197115384615385 0.056490384615384616 0.052884615384615384
4 0.5985576923076923 0.41225961538461536 0.018028846153846152 0.046875
4 0.5985576923076923 0.4230769230769231 0.015625 0.028846153846153848
1 0.7848557692307693 0.5757211538461539 0.2692307692307692 0.2848557692307692
4 0.6947115384615384 0.3737980769230769 0.013221153846153846 0.04447115384615385
4 0.6983173076923077 0.38461538461538464 0.018028846153846152 0.027644230769230768