2 0.9423076923076923 0.5805288461538461 0.052884615384615384 0.26322115384615385
1 0.09735576923076923 0.5528846153846154 0.055288461538461536 0.08173076923076923
1 0.14903846153846154 0.5456730769230769 0.07451923076923077 0.08653846153846154
1 0.24158653846153846 0.5540865384615384 0.11899038461538461 0.15625
3 0.27163461538461536 0.27884615384615385 0.025240384615384616 0.06610576923076923
1 0.3870192307692308 0.5865384615384616 0.171875 0.21153846153846154
3 0.38822115384615385 0.2860576923076923 0.025240384615384616 0.07572115384615384
2 0.4807692307692308 0.5348557692307693 0.025240384615384616 0.06610576923076923
3 0.5673076923076923 0.4170673076923077 0.027644230769230768 0.08052884615384616
2 0.6069711538461539 0.5396634615384616 0.019230769230769232 0.09014423076923077
2 0.6213942307692307 0.5336538461538461 0.019230769230769232 0.09615384615384616
2 0.6430288461538461 0.5348557692307693 0.03365384615384615 0.09975961538461539
0 0.6694711538461539 0.5324519230769231 0.03365384615384615 0.109375
0 0.7139423076923077 0.5300480769230769 0.037259615384615384 0.1346153846153846
2 0.7596153846153846 0.5336538461538461 0.03125 0.09975961538461539
2 0.8317307692307693 0.5240384615384616 0.028846153846153848 0.09975961538461539