1 0.04927884615384615 0.6033653846153846 0.09735576923076923 0.1622596153846154
1 0.23076923076923078 0.5492788461538461 0.08653846153846154 0.11778846153846154
10 0.23557692307692307 0.5444711538461539 0.078125 0.09735576923076923
1 0.3173076923076923 0.5444711538461539 0.052884615384615384 0.055288461538461536
1 0.3173076923076923 0.5444711538461539 0.04326923076923077 0.052884615384615384
1 0.34975961538461536 0.5420673076923077 0.027644230769230768 0.037259615384615384
1 0.42908653846153844 0.5252403846153846 0.025240384615384616 0.02403846153846154
1 0.45552884615384615 0.5192307692307693 0.038461538461538464 0.03125
0 0.46153846153846156 0.5372596153846154 0.01201923076923077 0.038461538461538464
1 0.5288461538461539 0.5564903846153846 0.03485576923076923 0.09975961538461539
1 0.5745192307692307 0.5697115384615384 0.08413461538461539 0.12139423076923077
1 0.6862980769230769 0.5889423076923077 0.22115384615384615 0.2247596153846154