1 0.02283653846153846 0.53125 0.04447115384615385 0.11899038461538461
1 0.04447115384615385 0.5180288461538461 0.018028846153846152 0.06971153846153846
1 0.10096153846153846 0.53125 0.06850961538461539 0.0625
1 0.09495192307692307 0.5288461538461539 0.056490384615384616 0.04447115384615385
1 0.15985576923076922 0.5288461538461539 0.05048076923076923 0.046875
1 0.16466346153846154 0.53125 0.056490384615384616 0.06009615384615385
2 0.20552884615384615 0.5252403846153846 0.013221153846153846 0.078125
2 0.21875 0.5216346153846154 0.018028846153846152 0.08413461538461539
2 0.32211538461538464 0.5288461538461539 0.015625 0.052884615384615384
0 0.32572115384615385 0.5276442307692307 0.019230769230769232 0.055288461538461536
2 0.328125 0.5288461538461539 0.009615384615384616 0.052884615384615384
1 0.39302884615384615 0.5336538461538461 0.09134615384615384 0.0625
1 0.3894230769230769 0.5372596153846154 0.07451923076923077 0.056490384615384616
1 0.5492788461538461 0.5372596153846154 0.25 0.14302884615384615
2 0.44711538461538464 0.4987980769230769 0.02403846153846154 0.0625
1 0.4483173076923077 0.49759615384615385 0.025240384615384616 0.052884615384615384