0 0.6622596153846154 0.5288461538461539 0.027644230769230768 0.09134615384615384
1 0.16947115384615385 0.5444711538461539 0.140625 0.11778846153846154
1 0.33052884615384615 0.6502403846153846 0.3245192307692308 0.4098557692307692
7 0.2800480769230769 0.27524038461538464 0.019230769230769232 0.055288461538461536
6 0.3918269230769231 0.28725961538461536 0.015625 0.06009615384615385
2 0.5300480769230769 0.515625 0.01201923076923077 0.055288461538461536
2 0.5444711538461539 0.5168269230769231 0.015625 0.0625
2 0.5540865384615384 0.515625 0.01201923076923077 0.055288461538461536
2 0.5625 0.5228365384615384 0.025240384615384616 0.08774038461538461
6 0.5637019230769231 0.4074519230769231 0.018028846153846152 0.055288461538461536
1 0.7908653846153846 0.53125 0.17427884615384615 0.09735576923076923
1 0.9555288461538461 0.5204326923076923 0.08774038461538461 0.08774038461538461