1 0.8870192307692307 0.6225961538461539 0.2247596153846154 0.3161057692307692
1 0.021634615384615384 0.48677884615384615 0.03485576923076923 0.05048076923076923
7 0.057692307692307696 0.36658653846153844 0.019230769230769232 0.04326923076923077
6 0.06009615384615385 0.36658653846153844 0.019230769230769232 0.037259615384615384
6 0.11177884615384616 0.375 0.019230769230769232 0.03365384615384615
6 0.1141826923076923 0.37259615384615385 0.015625 0.03365384615384615
1 0.14903846153846154 0.4855769230769231 0.03125 0.052884615384615384
1 0.15865384615384615 0.4807692307692308 0.04447115384615385 0.05048076923076923
1 0.1778846153846154 0.484375 0.05048076923076923 0.04447115384615385
1 0.18028846153846154 0.4807692307692308 0.04447115384615385 0.05048076923076923
6 0.18269230769230768 0.42908653846153844 0.013221153846153846 0.03125
6 0.18509615384615385 0.4266826923076923 0.013221153846153846 0.028846153846153848
1 0.22115384615384615 0.4831730769230769 0.027644230769230768 0.0625
1 0.2548076923076923 0.4831730769230769 0.06009615384615385 0.06009615384615385
1 0.2536057692307692 0.47836538461538464 0.056490384615384616 0.056490384615384616
1 0.33052884615384615 0.484375 0.08653846153846154 0.11177884615384616
1 0.39302884615384615 0.49399038461538464 0.04326923076923077 0.0625
1 0.4338942307692308 0.5036057692307693 0.04326923076923077 0.06850961538461539
1 0.4795673076923077 0.49759615384615385 0.0625 0.10697115384615384
1 0.48197115384615385 0.49278846153846156 0.056490384615384616 0.11899038461538461
1 0.5420673076923077 0.5168269230769231 0.07572115384615384 0.14302884615384615
1 0.5492788461538461 0.5168269230769231 0.09134615384615384 0.13701923076923078
1 0.671875 0.5408653846153846 0.18389423076923078 0.1622596153846154
1 0.6706730769230769 0.546875 0.17548076923076922 0.1935096153846154