1 0.08413461538461539 0.5324519230769231 0.11177884615384616 0.10096153846153846
1 0.18509615384615385 0.5432692307692307 0.07451923076923077 0.06850961538461539
1 0.19110576923076922 0.5120192307692307 0.06971153846153846 0.06490384615384616
10 0.2848557692307692 0.48197115384615385 0.11778846153846154 0.16826923076923078
1 0.35697115384615385 0.5288461538461539 0.037259615384615384 0.037259615384615384
1 0.3858173076923077 0.5180288461538461 0.037259615384615384 0.040865384615384616
7 0.4206730769230769 0.32091346153846156 0.018028846153846152 0.06610576923076923
6 0.5 0.3173076923076923 0.02403846153846154 0.06610576923076923
1 0.5504807692307693 0.5132211538461539 0.02403846153846154 0.03485576923076923
6 0.6442307692307693 0.41466346153846156 0.027644230769230768 0.06971153846153846
0 0.9675480769230769 0.5144230769230769 0.06009615384615385 0.10576923076923077