1 0.8846153846153846 0.6069711538461539 0.22596153846153846 0.328125
1 0.06490384615384616 0.5877403846153846 0.12860576923076922 0.2247596153846154
1 0.21995192307692307 0.5480769230769231 0.13822115384615385 0.08052884615384616
1 0.29927884615384615 0.5432692307692307 0.04927884615384615 0.056490384615384616
1 0.31490384615384615 0.5372596153846154 0.05889423076923077 0.06610576923076923
1 0.3858173076923077 0.5300480769230769 0.07572115384615384 0.09014423076923077
1 0.49759615384615385 0.5384615384615384 0.11177884615384616 0.09975961538461539
1 0.5649038461538461 0.5336538461538461 0.03485576923076923 0.05889423076923077
1 0.6141826923076923 0.5396634615384616 0.06850961538461539 0.10697115384615384
1 0.6610576923076923 0.546875 0.08173076923076923 0.21634615384615385
1 0.7896634615384616 0.5576923076923077 0.25961538461538464 0.2620192307692308