10 0.06129807692307692 0.47716346153846156 0.12259615384615384 0.15865384615384615
1 0.11538461538461539 0.5564903846153846 0.09375 0.09375
1 0.1814903846153846 0.48677884615384615 0.13822115384615385 0.1346153846153846
10 0.17668269230769232 0.5012019230769231 0.078125 0.1346153846153846
1 0.2800480769230769 0.6213942307692307 0.2692307692307692 0.3161057692307692
1 0.38341346153846156 0.49759615384615385 0.15865384615384615 0.2620192307692308
10 0.39903846153846156 0.5204326923076923 0.12259615384615384 0.21875
1 0.5048076923076923 0.5288461538461539 0.05048076923076923 0.06610576923076923
1 0.5168269230769231 0.5432692307692307 0.06610576923076923 0.078125
1 0.5805288461538461 0.5240384615384616 0.09615384615384616 0.12860576923076922
1 0.6526442307692307 0.5528846153846154 0.16947115384615385 0.1658653846153846
1 0.7487980769230769 0.47475961538461536 0.09014423076923077 0.1502403846153846