1 0.1201923076923077 0.5 0.11899038461538461 0.109375
1 0.1971153846153846 0.49278846153846156 0.04447115384615385 0.06490384615384616
1 0.36899038461538464 0.5168269230769231 0.08413461538461539 0.08413461538461539
1 0.46274038461538464 0.49399038461538464 0.03485576923076923 0.04447115384615385
3 0.5697115384615384 0.028846153846153848 0.025240384615384616 0.056490384615384616
3 0.5649038461538461 0.3605769230769231 0.01201923076923077 0.05048076923076923
6 0.6526442307692307 0.3557692307692308 0.015625 0.038461538461538464
6 0.7259615384615384 0.40865384615384615 0.013221153846153846 0.04326923076923077
6 0.8016826923076923 0.07091346153846154 0.02403846153846154 0.09014423076923077
2 0.8665865384615384 0.48197115384615385 0.02403846153846154 0.055288461538461536
0 0.9651442307692307 0.49278846153846156 0.03125 0.10096153846153846
2 0.9915865384615384 0.48197115384615385 0.01201923076923077 0.08413461538461539