1 0.9326923076923077 0.7367788461538461 0.13221153846153846 0.5240384615384616
1 0.27163461538461536 0.5552884615384616 0.08774038461538461 0.09615384615384616
1 0.3088942307692308 0.5396634615384616 0.025240384615384616 0.0625
1 0.3269230769230769 0.5384615384615384 0.02403846153846154 0.0625
1 0.35697115384615385 0.5240384615384616 0.05048076923076923 0.078125
1 0.3545673076923077 0.5180288461538461 0.038461538461538464 0.0625
1 0.5180288461538461 0.5372596153846154 0.04447115384615385 0.06971153846153846
1 0.5492788461538461 0.5480769230769231 0.028846153846153848 0.10697115384615384
1 0.6129807692307693 0.5600961538461539 0.1466346153846154 0.1622596153846154
1 0.6141826923076923 0.5625 0.14423076923076922 0.14302884615384615
1 0.8112980769230769 0.6009615384615384 0.36899038461538464 0.4375
1 0.8197115384615384 0.6165865384615384 0.35697115384615385 0.4495192307692308