1 0.8305288461538461 0.7283653846153846 0.33653846153846156 0.5408653846153846
1 0.19230769230769232 0.5492788461538461 0.1622596153846154 0.1875
1 0.18509615384615385 0.5480769230769231 0.1310096153846154 0.16346153846153846
1 0.31490384615384615 0.5408653846153846 0.04447115384615385 0.055288461538461536
1 0.3173076923076923 0.5384615384615384 0.03365384615384615 0.038461538461538464
1 0.45913461538461536 0.5336538461538461 0.04927884615384615 0.06971153846153846
1 0.4567307692307692 0.5336538461538461 0.037259615384615384 0.04326923076923077
1 0.4951923076923077 0.5492788461538461 0.03125 0.10096153846153846
1 0.5240384615384616 0.5540865384615384 0.08052884615384616 0.1310096153846154
1 0.6045673076923077 0.5769230769230769 0.1778846153846154 0.171875
1 0.6069711538461539 0.5733173076923077 0.1778846153846154 0.1971153846153846