1 0.08653846153846154 0.39903846153846156 0.171875 0.15625
1 0.10817307692307693 0.5769230769230769 0.21634615384615385 0.3125
1 0.21033653846153846 0.5024038461538461 0.037259615384615384 0.06610576923076923
1 0.24278846153846154 0.5 0.03365384615384615 0.05048076923076923
10 0.29447115384615385 0.453125 0.09615384615384616 0.1346153846153846
1 0.3786057692307692 0.4831730769230769 0.06009615384615385 0.078125
6 0.359375 0.41225961538461536 0.015625 0.027644230769230768
6 0.36177884615384615 0.40625 0.019230769230769232 0.03365384615384615
6 0.3858173076923077 0.40384615384615385 0.015625 0.027644230769230768
6 0.38822115384615385 0.40625 0.013221153846153846 0.028846153846153848
1 0.4266826923076923 0.4879807692307692 0.03485576923076923 0.055288461538461536
6 0.4266826923076923 0.40625 0.015625 0.03125
6 0.42788461538461536 0.4110576923076923 0.015625 0.028846153846153848
6 0.45552884615384615 0.4098557692307692 0.015625 0.037259615384615384
6 0.45913461538461536 0.40865384615384615 0.013221153846153846 0.03125
1 0.48197115384615385 0.48677884615384615 0.04927884615384615 0.055288461538461536
1 0.5264423076923077 0.4735576923076923 0.06490384615384616 0.04326923076923077
1 0.5300480769230769 0.4807692307692308 0.0625 0.04326923076923077
6 0.5144230769230769 0.4362980769230769 0.013221153846153846 0.027644230769230768
1 0.9603365384615384 0.44471153846153844 0.078125 0.07211538461538461