1 0.04326923076923077 0.6382211538461539 0.08653846153846154 0.30649038461538464
2 0.0985576923076923 0.5372596153846154 0.04326923076923077 0.06850961538461539
4 0.29447115384615385 0.4519230769230769 0.015625 0.03365384615384615
2 0.33052884615384615 0.49158653846153844 0.025240384615384616 0.08052884615384616
1 0.40024038461538464 0.49759615384615385 0.04326923076923077 0.05889423076923077
1 0.45552884615384615 0.4855769230769231 0.03365384615384615 0.04326923076923077
1 0.515625 0.5144230769230769 0.09735576923076923 0.13822115384615385
4 0.4891826923076923 0.3942307692307692 0.013221153846153846 0.040865384615384616
4 0.5396634615384616 0.43990384615384615 0.018028846153846152 0.03485576923076923
4 0.5396634615384616 0.4362980769230769 0.015625 0.03125
1 0.6105769230769231 0.4879807692307692 0.05889423076923077 0.055288461538461536