1 0.08173076923076923 0.5697115384615384 0.15985576923076922 0.24278846153846154
1 0.2439903846153846 0.5252403846153846 0.03365384615384615 0.046875
4 0.23798076923076922 0.3894230769230769 0.019230769230769232 0.056490384615384616
1 0.31490384615384615 0.5492788461538461 0.125 0.14423076923076922
1 0.3245192307692308 0.5588942307692307 0.1346153846153846 0.15985576923076922
10 0.3629807692307692 0.47596153846153844 0.15264423076923078 0.12259615384615384
1 0.45552884615384615 0.5084134615384616 0.0625 0.056490384615384616
4 0.47596153846153844 0.37259615384615385 0.027644230769230768 0.056490384615384616
1 0.5048076923076923 0.5144230769230769 0.028846153846153848 0.06490384615384616
1 0.6069711538461539 0.5012019230769231 0.09014423076923077 0.0625
1 0.7247596153846154 0.4891826923076923 0.11298076923076923 0.08173076923076923