1 0.0889423076923077 0.6334134615384616 0.1778846153846154 0.34615384615384615
1 0.2920673076923077 0.5024038461538461 0.08774038461538461 0.08413461538461539
6 0.36177884615384615 0.4519230769230769 0.018028846153846152 0.03365384615384615
1 0.45552884615384615 0.49759615384615385 0.05048076923076923 0.0625
1 0.45913461538461536 0.49158653846153844 0.037259615384615384 0.055288461538461536
6 0.484375 0.40625 0.01201923076923077 0.03125
6 0.5240384615384616 0.4110576923076923 0.015625 0.03125
1 0.6117788461538461 0.515625 0.06490384615384616 0.07211538461538461
6 0.5913461538461539 0.44711538461538464 0.018028846153846152 0.03485576923076923
1 0.6382211538461539 0.5348557692307693 0.03125 0.10336538461538461
1 0.7512019230769231 0.5108173076923077 0.19951923076923078 0.20072115384615385