1 0.03365384615384615 0.5444711538461539 0.06610576923076923 0.1622596153846154
1 0.054086538461538464 0.5384615384615384 0.027644230769230768 0.05048076923076923
1 0.1045673076923077 0.5252403846153846 0.03485576923076923 0.04326923076923077
1 0.21514423076923078 0.5144230769230769 0.025240384615384616 0.03125
1 0.28966346153846156 0.5276442307692307 0.09375 0.11177884615384616
4 0.38221153846153844 0.3233173076923077 0.025240384615384616 0.08413461538461539
2 0.44711538461538464 0.5240384615384616 0.03485576923076923 0.125
2 0.6274038461538461 0.5300480769230769 0.03485576923076923 0.140625
2 0.6694711538461539 0.5132211538461539 0.03485576923076923 0.13701923076923078
1 0.9074519230769231 0.5456730769230769 0.1814903846153846 0.14903846153846154
1 0.9074519230769231 0.5504807692307693 0.1814903846153846 0.12860576923076922
2 0.9519230769230769 0.45552884615384615 0.025240384615384616 0.06610576923076923
2 0.9555288461538461 0.45552884615384615 0.025240384615384616 0.05048076923076923