1 0.13221153846153846 0.5588942307692307 0.05048076923076923 0.0625
1 0.13221153846153846 0.5540865384615384 0.04447115384615385 0.04326923076923077
1 0.23677884615384615 0.5372596153846154 0.03485576923076923 0.04927884615384615
6 0.2956730769230769 0.40024038461538464 0.013221153846153846 0.04326923076923077
7 0.29927884615384615 0.40024038461538464 0.018028846153846152 0.055288461538461536
1 0.3557692307692308 0.5372596153846154 0.03485576923076923 0.04447115384615385
4 0.3605769230769231 0.40384615384615385 0.019230769230769232 0.05048076923076923
4 0.36177884615384615 0.41225961538461536 0.013221153846153846 0.037259615384615384
1 0.4014423076923077 0.5288461538461539 0.037259615384615384 0.040865384615384616
4 0.41346153846153844 0.4110576923076923 0.018028846153846152 0.04927884615384615
4 0.41466346153846156 0.41947115384615385 0.019230769230769232 0.038461538461538464
1 0.47716346153846156 0.5348557692307693 0.03485576923076923 0.06009615384615385
1 0.5348557692307693 0.5492788461538461 0.09975961538461539 0.10336538461538461
1 0.5216346153846154 0.47115384615384615 0.021634615384615384 0.046875
4 0.5216346153846154 0.47596153846153844 0.013221153846153846 0.037259615384615384
1 0.6466346153846154 0.5420673076923077 0.07572115384615384 0.07572115384615384
4 0.6286057692307693 0.4387019230769231 0.018028846153846152 0.046875
1 0.8413461538461539 0.5697115384615384 0.19471153846153846 0.13701923076923078