1 0.02283653846153846 0.5168269230769231 0.04326923076923077 0.07572115384615384
1 0.11899038461538461 0.5072115384615384 0.06009615384615385 0.06971153846153846
7 0.09975961538461539 0.33774038461538464 0.019230769230769232 0.05048076923076923
7 0.10096153846153846 0.34615384615384615 0.015625 0.038461538461538464
1 0.11778846153846154 0.5132211538461539 0.046875 0.04927884615384615
1 0.1658653846153846 0.5084134615384616 0.037259615384615384 0.0625
4 0.18509615384615385 0.35096153846153844 0.015625 0.04326923076923077
4 0.18509615384615385 0.3581730769230769 0.013221153846153846 0.037259615384615384
1 0.20552884615384615 0.5 0.055288461538461536 0.07451923076923077
1 0.2403846153846154 0.5096153846153846 0.027644230769230768 0.04326923076923077
4 0.3004807692307692 0.4375 0.013221153846153846 0.03125
4 0.30408653846153844 0.43990384615384615 0.013221153846153846 0.038461538461538464
1 0.6346153846153846 0.4831730769230769 0.08413461538461539 0.0625
1 0.6466346153846154 0.4723557692307692 0.06610576923076923 0.055288461538461536
4 0.6442307692307693 0.34975961538461536 0.019230769230769232 0.037259615384615384
4 0.6490384615384616 0.32572115384615385 0.018028846153846152 0.07451923076923077
1 0.7055288461538461 0.47475961538461536 0.056490384615384616 0.07572115384615384