1 0.25600961538461536 0.4879807692307692 0.09014423076923077 0.13701923076923078
10 0.25721153846153844 0.4795673076923077 0.09014423076923077 0.13221153846153846
1 0.3269230769230769 0.5084134615384616 0.109375 0.1502403846153846
7 0.3557692307692308 0.40384615384615385 0.015625 0.03485576923076923
1 0.3894230769230769 0.5108173076923077 0.03125 0.07572115384615384
4 0.40865384615384615 0.40024038461538464 0.015625 0.03485576923076923
1 0.4723557692307692 0.5228365384615384 0.09375 0.12259615384615384
4 0.4411057692307692 0.40024038461538464 0.015625 0.037259615384615384
0 0.5336538461538461 0.4963942307692308 0.025240384615384616 0.08774038461538461
4 0.5384615384615384 0.45552884615384615 0.013221153846153846 0.03125
4 0.5492788461538461 0.43990384615384615 0.018028846153846152 0.04326923076923077
1 0.7584134615384616 0.5108173076923077 0.055288461538461536 0.06610576923076923
1 0.7644230769230769 0.49759615384615385 0.046875 0.05889423076923077