2 0.014423076923076924 0.5444711538461539 0.028846153846153848 0.11298076923076923
2 0.014423076923076924 0.5492788461538461 0.028846153846153848 0.11778846153846154
1 0.22596153846153846 0.6947115384615384 0.4338942307692308 0.46274038461538464
2 0.12740384615384615 0.41586538461538464 0.015625 0.03125
3 0.14783653846153846 0.39903846153846156 0.018028846153846152 0.055288461538461536
1 0.4110576923076923 0.5204326923076923 0.015625 0.019230769230769232
1 0.4483173076923077 0.5288461538461539 0.027644230769230768 0.03365384615384615
3 0.5276442307692307 0.37259615384615385 0.019230769230769232 0.06850961538461539
2 0.5685096153846154 0.515625 0.019230769230769232 0.04326923076923077
2 0.6526442307692307 0.5276442307692307 0.018028846153846152 0.07572115384615384
2 0.6730769230769231 0.5336538461538461 0.027644230769230768 0.09615384615384616
2 0.8257211538461539 0.5300480769230769 0.052884615384615384 0.23677884615384615
2 0.8882211538461539 0.5264423076923077 0.04927884615384615 0.2403846153846154
2 0.9591346153846154 0.5444711538461539 0.040865384615384616 0.21514423076923078