1 0.12139423076923077 0.5492788461538461 0.11899038461538461 0.13701923076923078
1 0.12860576923076922 0.5480769230769231 0.11899038461538461 0.11538461538461539
1 0.19831730769230768 0.5372596153846154 0.05889423076923077 0.08653846153846154
1 0.20552884615384615 0.5372596153846154 0.05048076923076923 0.09735576923076923
1 0.2403846153846154 0.5288461538461539 0.028846153846153848 0.06610576923076923
1 0.2620192307692308 0.5192307692307693 0.038461538461538464 0.07451923076923077
1 0.4639423076923077 0.5228365384615384 0.03485576923076923 0.055288461538461536
1 0.5072115384615384 0.53125 0.06971153846153846 0.07451923076923077
1 0.5012019230769231 0.5264423076923077 0.055288461538461536 0.06009615384615385
1 0.5901442307692307 0.5420673076923077 0.06971153846153846 0.12259615384615384
1 0.703125 0.5384615384615384 0.18028846153846154 0.1875