1 0.23557692307692307 0.5757211538461539 0.1502403846153846 0.1658653846153846
1 0.41346153846153844 0.5492788461538461 0.078125 0.10096153846153846
4 0.39783653846153844 0.4230769230769231 0.009615384615384616 0.028846153846153848
4 0.40384615384615385 0.41947115384615385 0.009615384615384616 0.03125
4 0.44350961538461536 0.43028846153846156 0.009615384615384616 0.02403846153846154
4 0.44591346153846156 0.42908653846153844 0.009615384615384616 0.027644230769230768
4 0.49038461538461536 0.4807692307692308 0.01201923076923077 0.028846153846153848
4 0.5012019230769231 0.4675480769230769 0.009615384615384616 0.03485576923076923
4 0.5024038461538461 0.46634615384615385 0.009615384615384616 0.03365384615384615
2 0.515625 0.5348557692307693 0.01201923076923077 0.0625
2 0.5168269230769231 0.5360576923076923 0.009615384615384616 0.06490384615384616
2 0.5240384615384616 0.5324519230769231 0.01201923076923077 0.06490384615384616
2 0.5288461538461539 0.5324519230769231 0.009615384615384616 0.06490384615384616
2 0.5384615384615384 0.53125 0.01201923076923077 0.05889423076923077
2 0.5432692307692307 0.53125 0.01201923076923077 0.06610576923076923
2 0.5504807692307693 0.5276442307692307 0.013221153846153846 0.0625
2 0.5552884615384616 0.5288461538461539 0.01201923076923077 0.06610576923076923