1 0.057692307692307696 0.6442307692307693 0.11538461538461539 0.19471153846153846
2 0.18509615384615385 0.5552884615384616 0.02403846153846154 0.07451923076923077
2 0.21033653846153846 0.5540865384615384 0.019230769230769232 0.07211538461538461
1 0.3317307692307692 0.5504807692307693 0.056490384615384616 0.07451923076923077
1 0.3629807692307692 0.5432692307692307 0.027644230769230768 0.05048076923076923
1 0.43990384615384615 0.5300480769230769 0.03365384615384615 0.037259615384615384
1 0.5096153846153846 0.5384615384615384 0.038461538461538464 0.09375
1 0.515625 0.5396634615384616 0.038461538461538464 0.07572115384615384
1 0.5372596153846154 0.5480769230769231 0.040865384615384616 0.1310096153846154
1 0.5540865384615384 0.5612980769230769 0.056490384615384616 0.1971153846153846
1 0.6490384615384616 0.5733173076923077 0.1935096153846154 0.3161057692307692
1 0.8353365384615384 0.6899038461538461 0.328125 0.6129807692307693