1 0.06009615384615385 0.5072115384615384 0.06971153846153846 0.109375
1 0.17548076923076922 0.47836538461538464 0.18509615384615385 0.25
10 0.17908653846153846 0.48197115384615385 0.15264423076923078 0.2439903846153846
3 0.12740384615384615 0.16346153846153846 0.019230769230769232 0.06610576923076923
7 0.13341346153846154 0.17668269230769232 0.025240384615384616 0.08413461538461539
4 0.3004807692307692 0.17668269230769232 0.03365384615384615 0.08413461538461539
4 0.30528846153846156 0.1971153846153846 0.021634615384615384 0.055288461538461536
1 0.32211538461538464 0.5024038461538461 0.027644230769230768 0.05048076923076923
1 0.32572115384615385 0.5072115384615384 0.027644230769230768 0.028846153846153848
1 0.3762019230769231 0.5084134615384616 0.09735576923076923 0.1310096153846154
4 0.42427884615384615 0.21153846153846154 0.03365384615384615 0.07572115384615384
4 0.43149038461538464 0.18028846153846154 0.025240384615384616 0.07572115384615384
1 0.5120192307692307 0.53125 0.06850961538461539 0.09615384615384616
1 0.5372596153846154 0.49158653846153844 0.038461538461538464 0.0625
4 0.6935096153846154 0.33653846153846156 0.028846153846153848 0.078125
4 0.6947115384615384 0.35697115384615385 0.027644230769230768 0.0625
1 0.8774038461538461 0.5048076923076923 0.06610576923076923 0.05048076923076923
1 0.8774038461538461 0.5024038461538461 0.06490384615384616 0.078125