1 0.038461538461538464 0.5745192307692307 0.07572115384615384 0.1622596153846154
10 0.15144230769230768 0.53125 0.028846153846153848 0.038461538461538464
1 0.1971153846153846 0.546875 0.028846153846153848 0.040865384615384616
1 0.37259615384615385 0.5372596153846154 0.05048076923076923 0.06610576923076923
1 0.43990384615384615 0.5288461538461539 0.05048076923076923 0.0625
1 0.5048076923076923 0.5480769230769231 0.06009615384615385 0.12259615384615384
1 0.5168269230769231 0.5480769230769231 0.052884615384615384 0.08653846153846154
1 0.5889423076923077 0.5588942307692307 0.13701923076923078 0.13701923076923078
1 0.7427884615384616 0.515625 0.10336538461538461 0.078125
1 0.7512019230769231 0.515625 0.07211538461538461 0.055288461538461536
1 0.8882211538461539 0.5721153846153846 0.21875 0.15865384615384615