2 0.5276442307692307 0.5084134615384616 0.021634615384615384 0.08774038461538461
2 0.07932692307692307 0.5372596153846154 0.027644230769230768 0.10336538461538461
2 0.08173076923076923 0.5336538461538461 0.018028846153846152 0.08052884615384616
1 0.12259615384615384 0.5540865384615384 0.08052884615384616 0.10336538461538461
1 0.22716346153846154 0.5492788461538461 0.08052884615384616 0.11899038461538461
2 0.24158653846153846 0.5432692307692307 0.027644230769230768 0.12740384615384615
2 0.2439903846153846 0.5432692307692307 0.027644230769230768 0.14423076923076922
2 0.24519230769230768 0.5432692307692307 0.028846153846153848 0.1310096153846154
2 0.2439903846153846 0.5408653846153846 0.018028846153846152 0.13221153846153846
2 0.24639423076923078 0.5396634615384616 0.021634615384615384 0.12259615384615384
2 0.26322115384615385 0.5324519230769231 0.019230769230769232 0.15264423076923078
2 0.29927884615384615 0.5396634615384616 0.03485576923076923 0.1346153846153846
2 0.34615384615384615 0.5300480769230769 0.037259615384615384 0.1466346153846154
1 0.40024038461538464 0.5144230769230769 0.015625 0.04447115384615385
1 0.43509615384615385 0.5204326923076923 0.055288461538461536 0.06610576923076923
2 0.47716346153846156 0.5192307692307693 0.027644230769230768 0.1346153846153846
3 0.5817307692307693 0.3076923076923077 0.028846153846153848 0.09134615384615384
1 0.8365384615384616 0.5384615384615384 0.32211538461538464 0.23076923076923078
2 0.8954326923076923 0.4254807692307692 0.015625 0.03485576923076923
2 0.9086538461538461 0.41466346153846156 0.01201923076923077 0.03365384615384615
2 0.9122596153846154 0.421875 0.013221153846153846 0.040865384615384616
2 0.9242788461538461 0.42427884615384615 0.018028846153846152 0.037259615384615384
2 0.9663461538461539 0.42427884615384615 0.015625 0.04447115384615385
2 0.9879807692307693 0.42427884615384615 0.018028846153846152 0.04927884615384615
2 0.9891826923076923 0.42427884615384615 0.018028846153846152 0.03365384615384615