1 0.06009615384615385 0.5396634615384616 0.11778846153846154 0.1935096153846154
1 0.15865384615384615 0.4879807692307692 0.09615384615384616 0.0625
1 0.15865384615384615 0.4879807692307692 0.08173076923076923 0.06971153846153846
1 0.22115384615384615 0.5168269230769231 0.10576923076923077 0.109375
1 0.22596153846153846 0.5108173076923077 0.08653846153846154 0.09615384615384616
1 0.2860576923076923 0.5144230769230769 0.055288461538461536 0.08653846153846154
1 0.28966346153846156 0.5132211538461539 0.046875 0.08653846153846154
1 0.33052884615384615 0.5024038461538461 0.06490384615384616 0.08052884615384616
1 0.3317307692307692 0.5024038461538461 0.056490384615384616 0.07572115384615384
1 0.5024038461538461 0.49399038461538464 0.055288461538461536 0.08653846153846154
1 0.8149038461538461 0.49759615384615385 0.12740384615384615 0.07572115384615384
1 0.8257211538461539 0.4855769230769231 0.09134615384615384 0.05048076923076923
1 0.9362980769230769 0.49759615384615385 0.11778846153846154 0.08774038461538461