1 0.11057692307692307 0.5084134615384616 0.05889423076923077 0.03125
1 0.11658653846153846 0.5024038461538461 0.05048076923076923 0.02403846153846154
1 0.24519230769230768 0.5 0.05048076923076923 0.04326923076923077
1 0.3557692307692308 0.49038461538461536 0.08052884615384616 0.08052884615384616
4 0.43509615384615385 0.38341346153846156 0.015625 0.03125
4 0.4387019230769231 0.38461538461538464 0.015625 0.037259615384615384
4 0.4735576923076923 0.38461538461538464 0.015625 0.03125
4 0.47836538461538464 0.3870192307692308 0.018028846153846152 0.027644230769230768
1 0.515625 0.4855769230769231 0.040865384615384616 0.040865384615384616
4 0.5721153846153846 0.44350961538461536 0.013221153846153846 0.027644230769230768
4 0.578125 0.43509615384615385 0.018028846153846152 0.037259615384615384
1 0.6274038461538461 0.49759615384615385 0.09615384615384616 0.09375
4 0.5997596153846154 0.42908653846153844 0.015625 0.03365384615384615
4 0.6009615384615384 0.42788461538461536 0.015625 0.038461538461538464
0 0.6862980769230769 0.5144230769230769 0.04326923076923077 0.16947115384615385
0 0.6899038461538461 0.5168269230769231 0.04326923076923077 0.16346153846153846