1 0.17427884615384615 0.5444711538461539 0.056490384615384616 0.056490384615384616
1 0.2403846153846154 0.5384615384615384 0.03485576923076923 0.04326923076923077
1 0.2776442307692308 0.5336538461538461 0.028846153846153848 0.037259615384615384
1 0.3004807692307692 0.5288461538461539 0.02403846153846154 0.03365384615384615
4 0.3737980769230769 0.359375 0.013221153846153846 0.040865384615384616
4 0.3737980769230769 0.35697115384615385 0.013221153846153846 0.040865384615384616
1 0.40865384615384615 0.5408653846153846 0.06610576923076923 0.08774038461538461
4 0.45072115384615385 0.34975961538461536 0.01201923076923077 0.04927884615384615
4 0.4543269230769231 0.34975961538461536 0.013221153846153846 0.04326923076923077
1 0.5144230769230769 0.5288461538461539 0.028846153846153848 0.0625
1 0.5432692307692307 0.5324519230769231 0.05889423076923077 0.06850961538461539
4 0.5637019230769231 0.4411057692307692 0.015625 0.04326923076923077
4 0.5649038461538461 0.43990384615384615 0.018028846153846152 0.04447115384615385
1 0.6538461538461539 0.5180288461538461 0.028846153846153848 0.06610576923076923
1 0.8689903846153846 0.5072115384615384 0.17548076923076922 0.10576923076923077