1 0.013221153846153846 0.5504807692307693 0.02403846153846154 0.078125
1 0.06490384615384616 0.5384615384615384 0.11538461538461539 0.12740384615384615
2 0.04447115384615385 0.5480769230769231 0.04447115384615385 0.1310096153846154
2 0.055288461538461536 0.5540865384615384 0.038461538461538464 0.1310096153846154
1 0.13942307692307693 0.5240384615384616 0.03125 0.038461538461538464
2 0.15865384615384615 0.5252403846153846 0.018028846153846152 0.052884615384615384
2 0.23918269230769232 0.5504807692307693 0.04326923076923077 0.12860576923076922
1 0.3161057692307692 0.5252403846153846 0.09375 0.11177884615384616
6 0.41947115384615385 0.33774038461538464 0.02403846153846154 0.08413461538461539
2 0.6286057692307693 0.5288461538461539 0.038461538461538464 0.1466346153846154
2 0.6875 0.5108173076923077 0.03485576923076923 0.1310096153846154
2 0.7560096153846154 0.5132211538461539 0.03485576923076923 0.1502403846153846