1 0.13341346153846154 0.5540865384615384 0.15264423076923078 0.11778846153846154
1 0.3329326923076923 0.5336538461538461 0.12259615384615384 0.09375
7 0.4230769230769231 0.31971153846153844 0.019230769230769232 0.0625
6 0.49759615384615385 0.3173076923076923 0.02403846153846154 0.06490384615384616
1 0.5252403846153846 0.5264423076923077 0.04447115384615385 0.0625
10 0.5336538461538461 0.4807692307692308 0.04326923076923077 0.08413461538461539
10 0.5348557692307693 0.48197115384615385 0.04326923076923077 0.08653846153846154
6 0.6442307692307693 0.41346153846153844 0.025240384615384616 0.06971153846153846
0 0.8149038461538461 0.5144230769230769 0.055288461538461536 0.08173076923076923
0 0.8137019230769231 0.5132211538461539 0.04326923076923077 0.08653846153846154
1 0.9423076923076923 0.7127403846153846 0.109375 0.5072115384615384
1 0.9447115384615384 0.5168269230769231 0.08173076923076923 0.08413461538461539