4 0.9711538461538461 0.24759615384615385 0.04326923076923077 0.1346153846153846
1 0.06129807692307692 0.6069711538461539 0.12139423076923077 0.35096153846153844
1 0.1971153846153846 0.5612980769230769 0.04326923076923077 0.046875
1 0.27163461538461536 0.5637019230769231 0.055288461538461536 0.06009615384615385
1 0.3137019230769231 0.5600961538461539 0.04927884615384615 0.08653846153846154
3 0.3137019230769231 0.3425480769230769 0.013221153846153846 0.04927884615384615
1 0.38221153846153844 0.5709134615384616 0.12259615384615384 0.1814903846153846
3 0.41346153846153844 0.34375 0.018028846153846152 0.055288461538461536
1 0.45072115384615385 0.5552884615384616 0.037259615384615384 0.10697115384615384
3 0.49759615384615385 0.3401442307692308 0.018028846153846152 0.046875
1 0.546875 0.5180288461538461 0.05048076923076923 0.07572115384615384
1 0.6237980769230769 0.5649038461538461 0.06971153846153846 0.12139423076923077
1 0.7632211538461539 0.6274038461538461 0.31971153846153844 0.31850961538461536
3 0.6850961538461539 0.4362980769230769 0.021634615384615384 0.056490384615384616
1 0.9326923076923077 0.53125 0.1310096153846154 0.07572115384615384