1 0.02283653846153846 0.5444711538461539 0.038461538461538464 0.04447115384615385
1 0.14302884615384615 0.5444711538461539 0.14302884615384615 0.1875
4 0.16826923076923078 0.45072115384615385 0.019230769230769232 0.03365384615384615
4 0.17067307692307693 0.4483173076923077 0.013221153846153846 0.037259615384615384
3 0.23677884615384615 0.4879807692307692 0.015625 0.040865384615384616
4 0.23798076923076922 0.4891826923076923 0.013221153846153846 0.03125
1 0.2644230769230769 0.5396634615384616 0.03365384615384615 0.046875
10 0.31850961538461536 0.4855769230769231 0.08052884615384616 0.14903846153846154
1 0.35096153846153844 0.5516826923076923 0.08413461538461539 0.08413461538461539
1 0.45552884615384615 0.5444711538461539 0.12740384615384615 0.1466346153846154
2 0.6742788461538461 0.5132211538461539 0.03365384615384615 0.125
2 0.6754807692307693 0.5072115384615384 0.025240384615384616 0.11899038461538461