1 0.9338942307692307 0.5420673076923077 0.12860576923076922 0.11177884615384616
1 0.2644230769230769 0.6117788461538461 0.34975961538461536 0.5036057692307693
4 0.43509615384615385 0.4639423076923077 0.013221153846153846 0.03485576923076923
1 0.45552884615384615 0.5649038461538461 0.040865384615384616 0.16346153846153846
1 0.5120192307692307 0.5084134615384616 0.03365384615384615 0.05048076923076923
4 0.5769230769230769 0.375 0.021634615384615384 0.05048076923076923
4 0.5757211538461539 0.37259615384615385 0.013221153846153846 0.05048076923076923
1 0.6069711538461539 0.5132211538461539 0.02403846153846154 0.037259615384615384
4 0.671875 0.43990384615384615 0.015625 0.037259615384615384
4 0.6706730769230769 0.4519230769230769 0.01201923076923077 0.037259615384615384
4 0.9423076923076923 0.36538461538461536 0.015625 0.046875
4 0.9411057692307693 0.37740384615384615 0.01201923076923077 0.05048076923076923