1 0.09254807692307693 0.6334134615384616 0.18509615384615385 0.27163461538461536
1 0.28365384615384615 0.5552884615384616 0.11298076923076923 0.12259615384615384
4 0.3701923076923077 0.3137019230769231 0.021634615384615384 0.06971153846153846
4 0.36899038461538464 0.31009615384615385 0.019230769230769232 0.052884615384615384
1 0.42427884615384615 0.5516826923076923 0.09014423076923077 0.13701923076923078
1 0.47115384615384615 0.5384615384615384 0.025240384615384616 0.07572115384615384
1 0.47475961538461536 0.5480769230769231 0.03365384615384615 0.08173076923076923
4 0.5745192307692307 0.42908653846153844 0.021634615384615384 0.0625
2 0.6346153846153846 0.5372596153846154 0.03365384615384615 0.1310096153846154
1 0.9471153846153846 0.5024038461538461 0.10336538461538461 0.11538461538461539
1 0.9543269230769231 0.5072115384615384 0.08413461538461539 0.1310096153846154