1 0.06490384615384616 0.5216346153846154 0.05048076923076923 0.08052884615384616
1 0.11778846153846154 0.5024038461538461 0.09615384615384616 0.09134615384615384
3 0.14302884615384615 0.23197115384615385 0.021634615384615384 0.06490384615384616
1 0.38822115384615385 0.6694711538461539 0.47836538461538464 0.5288461538461539
1 0.18870192307692307 0.5084134615384616 0.06971153846153846 0.06610576923076923
1 0.23076923076923078 0.49038461538461536 0.06610576923076923 0.07572115384615384
6 0.31009615384615385 0.22235576923076922 0.021634615384615384 0.07211538461538461
3 0.45072115384615385 0.23557692307692307 0.02403846153846154 0.08173076923076923
6 0.6694711538461539 0.3629807692307692 0.025240384615384616 0.06009615384615385
3 0.6694711538461539 0.35096153846153844 0.013221153846153846 0.038461538461538464
3 0.9555288461538461 0.078125 0.07451923076923077 0.1502403846153846
6 0.9519230769230769 0.06610576923076923 0.04326923076923077 0.13221153846153846