1 0.04326923076923077 0.5625 0.06490384615384616 0.06850961538461539
1 0.055288461538461536 0.5600961538461539 0.056490384615384616 0.06009615384615385
1 0.1466346153846154 0.5552884615384616 0.027644230769230768 0.04326923076923077
1 0.18870192307692307 0.5516826923076923 0.027644230769230768 0.03125
1 0.22115384615384615 0.5552884615384616 0.027644230769230768 0.04326923076923077
1 0.25240384615384615 0.5504807692307693 0.06009615384615385 0.09615384615384616
1 0.34615384615384615 0.6105769230769231 0.1658653846153846 0.25600961538461536
7 0.34134615384615385 0.31850961538461536 0.027644230769230768 0.078125
4 0.4639423076923077 0.3269230769230769 0.027644230769230768 0.08413461538461539
1 0.5649038461538461 0.5600961538461539 0.109375 0.18028846153846154
4 0.5612980769230769 0.359375 0.03125 0.07572115384615384
4 0.5600961538461539 0.3581730769230769 0.021634615384615384 0.056490384615384616
1 0.7055288461538461 0.6057692307692307 0.27163461538461536 0.27403846153846156
4 0.6826923076923077 0.45072115384615385 0.018028846153846152 0.05048076923076923
1 0.8377403846153846 0.5637019230769231 0.046875 0.08413461538461539
1 0.8617788461538461 0.53125 0.08173076923076923 0.05048076923076923
1 0.9519230769230769 0.5528846153846154 0.09134615384615384 0.11538461538461539