1 0.7055288461538461 0.47596153846153844 0.07211538461538461 0.04927884615384615
1 0.09375 0.5348557692307693 0.07572115384615384 0.08413461538461539
1 0.16346153846153846 0.5372596153846154 0.06009615384615385 0.06850961538461539
1 0.21394230769230768 0.5192307692307693 0.046875 0.06009615384615385
1 0.2608173076923077 0.5084134615384616 0.040865384615384616 0.07572115384615384
3 0.25600961538461536 0.3329326923076923 0.018028846153846152 0.056490384615384616
1 0.34975961538461536 0.5516826923076923 0.203125 0.25961538461538464
4 0.31490384615384615 0.3112980769230769 0.013221153846153846 0.037259615384615384
4 0.375 0.3269230769230769 0.015625 0.040865384615384616
1 0.4639423076923077 0.5264423076923077 0.08173076923076923 0.12259615384615384
4 0.47836538461538464 0.4074519230769231 0.013221153846153846 0.03485576923076923
1 0.5649038461538461 0.49038461538461536 0.07211538461538461 0.06009615384615385
1 0.6298076923076923 0.4831730769230769 0.09134615384615384 0.06971153846153846
4 0.6105769230769231 0.27524038461538464 0.037259615384615384 0.11177884615384616