1 0.8557692307692307 0.49038461538461536 0.06610576923076923 0.046875
1 0.921875 0.49759615384615385 0.11899038461538461 0.056490384615384616
3 0.06009615384615385 0.07211538461538461 0.10096153846153846 0.14423076923076922
1 0.24879807692307693 0.49759615384615385 0.12139423076923077 0.06850961538461539
1 0.45072115384615385 0.5 0.021634615384615384 0.046875
1 0.47475961538461536 0.5012019230769231 0.03485576923076923 0.04927884615384615
1 0.5192307692307693 0.48677884615384615 0.025240384615384616 0.03365384615384615
6 0.5649038461538461 0.3641826923076923 0.018028846153846152 0.04927884615384615
3 0.5709134615384616 0.026442307692307692 0.027644230769230768 0.052884615384615384
1 0.5817307692307693 0.48677884615384615 0.03365384615384615 0.046875
1 0.6802884615384616 0.48197115384615385 0.125 0.09134615384615384
6 0.6538461538461539 0.35697115384615385 0.018028846153846152 0.055288461538461536
6 0.7283653846153846 0.41346153846153844 0.018028846153846152 0.052884615384615384
6 0.8004807692307693 0.078125 0.028846153846153848 0.10697115384615384