1 0.1045673076923077 0.5805288461538461 0.09975961538461539 0.11177884615384616
1 0.16947115384615385 0.5649038461538461 0.056490384615384616 0.08413461538461539
1 0.20793269230769232 0.5564903846153846 0.027644230769230768 0.078125
1 0.29447115384615385 0.5432692307692307 0.03125 0.040865384615384616
1 0.36177884615384615 0.5456730769230769 0.10576923076923077 0.1658653846153846
1 0.4326923076923077 0.53125 0.028846153846153848 0.052884615384615384
1 0.5288461538461539 0.5540865384615384 0.09134615384615384 0.11177884615384616
1 0.8257211538461539 0.6983173076923077 0.34375 0.46634615384615385
1 0.8269230769230769 0.7007211538461539 0.3401442307692308 0.46153846153846156
2 0.6766826923076923 0.53125 0.03125 0.11778846153846154
2 0.6790865384615384 0.53125 0.03365384615384615 0.12860576923076922
2 0.7367788461538461 0.5036057692307693 0.03125 0.109375
2 0.7355769230769231 0.5036057692307693 0.021634615384615384 0.10096153846153846