1 0.26322115384615385 0.46274038461538464 0.03485576923076923 0.038461538461538464
1 0.2620192307692308 0.4675480769230769 0.027644230769230768 0.040865384615384616
1 0.28365384615384615 0.46875 0.019230769230769232 0.03365384615384615
1 0.31971153846153844 0.46875 0.02403846153846154 0.03365384615384615
1 0.32211538461538464 0.4723557692307692 0.027644230769230768 0.038461538461538464
1 0.3581730769230769 0.46875 0.028846153846153848 0.037259615384615384
1 0.359375 0.4735576923076923 0.027644230769230768 0.04326923076923077
1 0.3798076923076923 0.4675480769230769 0.019230769230769232 0.028846153846153848
1 0.5288461538461539 0.48677884615384615 0.028846153846153848 0.03365384615384615
1 0.5769230769230769 0.48677884615384615 0.03365384615384615 0.052884615384615384
6 0.6526442307692307 0.41346153846153844 0.013221153846153846 0.02403846153846154
0 0.6634615384615384 0.48677884615384615 0.019230769230769232 0.05048076923076923
1 0.6838942307692307 0.46274038461538464 0.028846153846153848 0.027644230769230768