1 0.47596153846153844 0.4987980769230769 0.03485576923076923 0.04927884615384615
2 0.9903846153846154 0.49759615384615385 0.015625 0.08173076923076923
3 0.06129807692307692 0.07091346153846154 0.09375 0.140625
1 0.09615384615384616 0.5228365384615384 0.07211538461538461 0.10096153846153846
1 0.10096153846153846 0.5192307692307693 0.052884615384615384 0.09975961538461539
1 0.24158653846153846 0.5024038461538461 0.15264423076923078 0.07211538461538461
1 0.45072115384615385 0.4951923076923077 0.021634615384615384 0.046875
3 0.5709134615384616 0.026442307692307692 0.028846153846153848 0.052884615384615384
6 0.5649038461538461 0.3641826923076923 0.015625 0.04927884615384615
1 0.6189903846153846 0.4879807692307692 0.046875 0.06009615384615385
1 0.7367788461538461 0.4987980769230769 0.22235576923076922 0.09134615384615384
10 0.7451923076923077 0.49158653846153844 0.22115384615384615 0.09134615384615384
6 0.6538461538461539 0.35697115384615385 0.018028846153846152 0.055288461538461536
6 0.7283653846153846 0.4170673076923077 0.015625 0.05048076923076923
6 0.8004807692307693 0.07572115384615384 0.028846153846153848 0.10096153846153846
1 0.8617788461538461 0.5012019230769231 0.038461538461538464 0.04326923076923077
1 0.9206730769230769 0.48677884615384615 0.10336538461538461 0.056490384615384616