1 0.05048076923076923 0.5697115384615384 0.10096153846153846 0.1346153846153846
1 0.1346153846153846 0.5600961538461539 0.10336538461538461 0.11177884615384616
1 0.12860576923076922 0.5649038461538461 0.08413461538461539 0.09975961538461539
1 0.26802884615384615 0.5372596153846154 0.052884615384615384 0.06490384615384616
1 0.2692307692307692 0.5336538461538461 0.04447115384615385 0.046875
1 0.3016826923076923 0.5384615384615384 0.03125 0.04447115384615385
1 0.375 0.5300480769230769 0.05048076923076923 0.06490384615384616
1 0.3762019230769231 0.53125 0.037259615384615384 0.052884615384615384
1 0.43509615384615385 0.5276442307692307 0.04927884615384615 0.07211538461538461
1 0.6021634615384616 0.5288461538461539 0.08774038461538461 0.09134615384615384
1 0.6033653846153846 0.5288461538461539 0.06850961538461539 0.078125