10 0.05889423076923077 0.4891826923076923 0.11778846153846154 0.18509615384615385
1 0.1141826923076923 0.5769230769230769 0.17548076923076922 0.1935096153846154
1 0.17548076923076922 0.4735576923076923 0.12259615384615384 0.12259615384615384
10 0.18509615384615385 0.4879807692307692 0.1310096153846154 0.13701923076923078
1 0.28846153846153844 0.6237980769230769 0.29086538461538464 0.34975961538461536
10 0.4050480769230769 0.5288461538461539 0.12860576923076922 0.19110576923076922
1 0.4338942307692308 0.5192307692307693 0.078125 0.25961538461538464
1 0.5084134615384616 0.5372596153846154 0.056490384615384616 0.08653846153846154
1 0.53125 0.5336538461538461 0.028846153846153848 0.11177884615384616
1 0.5865384615384616 0.5252403846153846 0.10697115384615384 0.15264423076923078
1 0.6538461538461539 0.5588942307692307 0.17548076923076922 0.18389423076923078
10 0.7487980769230769 0.47716346153846156 0.109375 0.19471153846153846