10 0.054086538461538464 0.4639423076923077 0.10576923076923077 0.20673076923076922
1 0.2764423076923077 0.5216346153846154 0.14903846153846154 0.15985576923076922
7 0.24879807692307693 0.26322115384615385 0.021634615384615384 0.078125
1 0.34975961538461536 0.4807692307692308 0.056490384615384616 0.06850961538461539
8 0.36778846153846156 0.2668269230769231 0.021634615384615384 0.06490384615384616
1 0.390625 0.47115384615384615 0.027644230769230768 0.055288461538461536
1 0.42788461538461536 0.49158653846153844 0.06490384615384616 0.06009615384615385
8 0.44350961538461536 0.28846153846153844 0.028846153846153848 0.05889423076923077
1 0.48197115384615385 0.4807692307692308 0.03365384615384615 0.04326923076923077
10 0.5264423076923077 0.46875 0.04326923076923077 0.078125
8 0.6141826923076923 0.38221153846153844 0.019230769230769232 0.055288461538461536
8 0.6129807692307693 0.38341346153846156 0.018028846153846152 0.055288461538461536
1 0.65625 0.5048076923076923 0.08774038461538461 0.08052884615384616
1 0.7764423076923077 0.5276442307692307 0.2127403846153846 0.23197115384615385
8 0.7512019230769231 0.30649038461538464 0.025240384615384616 0.09014423076923077
8 0.7524038461538461 0.2980769230769231 0.025240384615384616 0.08052884615384616