1 0.12860576923076922 0.5516826923076923 0.25721153846153844 0.34375
1 0.25841346153846156 0.49759615384615385 0.056490384615384616 0.038461538461538464
1 0.3004807692307692 0.5012019230769231 0.03365384615384615 0.040865384615384616
1 0.30528846153846156 0.5048076923076923 0.03125 0.037259615384615384
1 0.33774038461538464 0.49399038461538464 0.03365384615384615 0.038461538461538464
1 0.36538461538461536 0.5 0.028846153846153848 0.04326923076923077
1 0.41225961538461536 0.4963942307692308 0.06490384615384616 0.078125
1 0.46033653846153844 0.49158653846153844 0.037259615384615384 0.046875
1 0.5084134615384616 0.49158653846153844 0.021634615384615384 0.021634615384615384
1 0.5805288461538461 0.4951923076923077 0.05048076923076923 0.056490384615384616
1 0.7211538461538461 0.5456730769230769 0.16947115384615385 0.16826923076923078