2 0.9723557692307693 0.5877403846153846 0.05048076923076923 0.22235576923076922
2 0.9074519230769231 0.5841346153846154 0.055288461538461536 0.22596153846153846
1 0.140625 0.5817307692307693 0.06009615384615385 0.09134615384615384
1 0.13942307692307693 0.5829326923076923 0.046875 0.08413461538461539
1 0.19471153846153846 0.5673076923076923 0.05889423076923077 0.07572115384615384
1 0.24278846153846154 0.5552884615384616 0.037259615384615384 0.06610576923076923
1 0.2692307692307692 0.5528846153846154 0.03365384615384615 0.0625
1 0.296875 0.5564903846153846 0.027644230769230768 0.04326923076923077
10 0.31490384615384615 0.5288461538461539 0.06009615384615385 0.078125
1 0.36778846153846156 0.5552884615384616 0.04927884615384615 0.06610576923076923
1 0.43028846153846156 0.5649038461538461 0.07211538461538461 0.09975961538461539
4 0.6838942307692307 0.34375 0.02403846153846154 0.08653846153846154