1 0.036057692307692304 0.5384615384615384 0.07211538461538461 0.07211538461538461
10 0.04447115384615385 0.5372596153846154 0.08774038461538461 0.08653846153846154
10 0.10697115384615384 0.53125 0.06610576923076923 0.08653846153846154
1 0.19831730769230768 0.5432692307692307 0.056490384615384616 0.056490384615384616
1 0.2608173076923077 0.5564903846153846 0.06850961538461539 0.1310096153846154
1 0.3581730769230769 0.5625 0.17548076923076922 0.24278846153846154
3 0.3161057692307692 0.34134615384615385 0.021634615384615384 0.05048076923076923
3 0.41346153846153844 0.3269230769230769 0.027644230769230768 0.05889423076923077
3 0.41586538461538464 0.3389423076923077 0.018028846153846152 0.055288461538461536
1 0.4495192307692308 0.5372596153846154 0.052884615384615384 0.18028846153846154
1 0.4483173076923077 0.5396634615384616 0.038461538461538464 0.12139423076923077
1 0.48197115384615385 0.5120192307692307 0.009615384615384616 0.03125
3 0.49278846153846156 0.3317307692307692 0.027644230769230768 0.07451923076923077
3 0.49278846153846156 0.3317307692307692 0.018028846153846152 0.046875
1 0.5336538461538461 0.5132211538461539 0.07572115384615384 0.09735576923076923
1 0.6286057692307693 0.5540865384615384 0.06971153846153846 0.12259615384615384
1 0.6274038461538461 0.5444711538461539 0.046875 0.11778846153846154
1 0.7872596153846154 0.6177884615384616 0.35096153846153844 0.3473557692307692
3 0.6802884615384616 0.43509615384615385 0.019230769230769232 0.056490384615384616
1 0.9387019230769231 0.5192307692307693 0.09014423076923077 0.07572115384615384
1 0.9423076923076923 0.5192307692307693 0.08052884615384616 0.06009615384615385
3 0.9399038461538461 0.25961538461538464 0.046875 0.140625