1 0.0673076923076923 0.6177884615384616 0.1346153846153846 0.35697115384615385
2 0.10096153846153846 0.5036057692307693 0.03485576923076923 0.09134615384615384
1 0.13221153846153846 0.5408653846153846 0.046875 0.07451923076923077
1 0.17427884615384615 0.5396634615384616 0.052884615384615384 0.052884615384615384
1 0.32572115384615385 0.6538461538461539 0.3245192307692308 0.40865384615384615
7 0.27884615384615385 0.2800480769230769 0.025240384615384616 0.06610576923076923
6 0.3894230769230769 0.2860576923076923 0.02403846153846154 0.07451923076923077
2 0.49038461538461536 0.5252403846153846 0.021634615384615384 0.06850961538461539
2 0.5480769230769231 0.5240384615384616 0.013221153846153846 0.06971153846153846
2 0.5540865384615384 0.5216346153846154 0.021634615384615384 0.07451923076923077
6 0.5637019230769231 0.41346153846153844 0.027644230769230768 0.07451923076923077
2 0.5673076923076923 0.515625 0.013221153846153846 0.078125
2 0.5805288461538461 0.5192307692307693 0.018028846153846152 0.08052884615384616
2 0.5925480769230769 0.5192307692307693 0.02403846153846154 0.09134615384615384
0 0.6274038461538461 0.5276442307692307 0.03365384615384615 0.09134615384615384
0 0.6538461538461539 0.5264423076923077 0.03365384615384615 0.09014423076923077
2 0.6862980769230769 0.5252403846153846 0.021634615384615384 0.08653846153846154
2 0.7019230769230769 0.5264423076923077 0.02403846153846154 0.08653846153846154
2 0.7247596153846154 0.5216346153846154 0.021634615384615384 0.08653846153846154
2 0.7908653846153846 0.5192307692307693 0.037259615384615384 0.13221153846153846
1 0.9519230769230769 0.5204326923076923 0.09134615384615384 0.08653846153846154
2 0.9555288461538461 0.49158653846153844 0.015625 0.055288461538461536