1 0.03365384615384615 0.5444711538461539 0.05889423076923077 0.07211538461538461
1 0.08774038461538461 0.5408653846153846 0.037259615384615384 0.052884615384615384
1 0.12860576923076922 0.5372596153846154 0.040865384615384616 0.055288461538461536
1 0.3629807692307692 0.5384615384615384 0.10576923076923077 0.1502403846153846
7 0.36899038461538464 0.4495192307692308 0.019230769230769232 0.028846153846153848
7 0.36899038461538464 0.4543269230769231 0.013221153846153846 0.03125
1 0.41947115384615385 0.5324519230769231 0.037259615384615384 0.08653846153846154
6 0.4411057692307692 0.4182692307692308 0.015625 0.040865384615384616
6 0.43990384615384615 0.41346153846153844 0.01201923076923077 0.03125
6 0.4699519230769231 0.45552884615384615 0.019230769230769232 0.03125
6 0.47115384615384615 0.46274038461538464 0.01201923076923077 0.03125
6 0.5240384615384616 0.4362980769230769 0.018028846153846152 0.056490384615384616
6 0.5252403846153846 0.4266826923076923 0.01201923076923077 0.037259615384615384
1 0.7211538461538461 0.5817307692307693 0.22235576923076922 0.23197115384615385