1 0.030048076923076924 0.6658653846153846 0.06009615384615385 0.23197115384615385
4 0.04567307692307692 0.46875 0.019230769230769232 0.040865384615384616
4 0.04927884615384615 0.4699519230769231 0.019230769230769232 0.056490384615384616
1 0.22115384615384615 0.5649038461538461 0.1346153846153846 0.171875
1 0.4026442307692308 0.5661057692307693 0.15865384615384615 0.203125
4 0.37259615384615385 0.34615384615384615 0.019230769230769232 0.07211538461538461
4 0.3713942307692308 0.34615384615384615 0.018028846153846152 0.05048076923076923
4 0.5516826923076923 0.44471153846153844 0.021634615384615384 0.06490384615384616
2 0.6129807692307693 0.5420673076923077 0.03365384615384615 0.1310096153846154
1 0.9663461538461539 0.5060096153846154 0.06490384615384616 0.11899038461538461
1 0.9675480769230769 0.5096153846153846 0.0625 0.1310096153846154