3 0.15865384615384615 0.31971153846153844 0.019230769230769232 0.052884615384615384
1 0.2127403846153846 0.5204326923076923 0.10096153846153846 0.05889423076923077
1 0.3004807692307692 0.5252403846153846 0.0625 0.08653846153846154
1 0.30408653846153844 0.5252403846153846 0.06610576923076923 0.09134615384615384
1 0.28725961538461536 0.5132211538461539 0.018028846153846152 0.021634615384615384
3 0.3004807692307692 0.3894230769230769 0.018028846153846152 0.038461538461538464
1 0.34134615384615385 0.5132211538461539 0.02403846153846154 0.05048076923076923
1 0.39783653846153844 0.5408653846153846 0.11899038461538461 0.1310096153846154
3 0.3557692307692308 0.35096153846153844 0.018028846153846152 0.038461538461538464
4 0.38822115384615385 0.4170673076923077 0.009615384615384616 0.02403846153846154
4 0.4182692307692308 0.43990384615384615 0.013221153846153846 0.03365384615384615
1 0.46634615384615385 0.5024038461538461 0.028846153846153848 0.052884615384615384
1 0.4675480769230769 0.5120192307692307 0.03365384615384615 0.037259615384615384
4 0.49399038461538464 0.40865384615384615 0.019230769230769232 0.037259615384615384
1 0.5432692307692307 0.5216346153846154 0.056490384615384616 0.06610576923076923
1 0.5384615384615384 0.5228365384615384 0.04447115384615385 0.055288461538461536
1 0.5949519230769231 0.5192307692307693 0.03485576923076923 0.03485576923076923
10 0.6454326923076923 0.5084134615384616 0.06610576923076923 0.10576923076923077
10 0.6502403846153846 0.5096153846153846 0.07572115384615384 0.10336538461538461
4 0.7115384615384616 0.42427884615384615 0.01201923076923077 0.04326923076923077
1 0.8485576923076923 0.5480769230769231 0.11778846153846154 0.12139423076923077
1 0.9038461538461539 0.5805288461538461 0.18509615384615385 0.22115384615384615