2 0.9627403846153846 0.5432692307692307 0.040865384615384616 0.140625
1 0.09975961538461539 0.5961538461538461 0.19951923076923078 0.40865384615384615
1 0.23076923076923078 0.5540865384615384 0.07451923076923077 0.078125
3 0.2776442307692308 0.28125 0.03125 0.07451923076923077
1 0.30408653846153844 0.546875 0.018028846153846152 0.02403846153846154
1 0.32572115384615385 0.5408653846153846 0.019230769230769232 0.021634615384615384
1 0.3858173076923077 0.5408653846153846 0.037259615384615384 0.078125
1 0.38461538461538464 0.5384615384615384 0.03365384615384615 0.06490384615384616
1 0.43509615384615385 0.5456730769230769 0.09735576923076923 0.1346153846153846
3 0.40384615384615385 0.27884615384615385 0.028846153846153848 0.07451923076923077
3 0.5060096153846154 0.28365384615384615 0.03365384615384615 0.07451923076923077
1 0.5360576923076923 0.5216346153846154 0.056490384615384616 0.09735576923076923
1 0.5360576923076923 0.515625 0.037259615384615384 0.055288461538461536
1 0.6418269230769231 0.5492788461538461 0.08774038461538461 0.10336538461538461
1 0.8221153846153846 0.6298076923076923 0.35096153846153844 0.33052884615384615
4 0.7475961538461539 0.4014423076923077 0.028846153846153848 0.06971153846153846
3 0.7524038461538461 0.4050480769230769 0.021634615384615384 0.056490384615384616