1 0.03245192307692308 0.5552884615384616 0.0625 0.08413461538461539
10 0.14302884615384615 0.5180288461538461 0.18028846153846154 0.15384615384615385
1 0.1971153846153846 0.5444711538461539 0.10096153846153846 0.10576923076923077
1 0.25600961538461536 0.5360576923076923 0.05048076923076923 0.07211538461538461
1 0.28725961538461536 0.5384615384615384 0.046875 0.078125
1 0.28846153846153844 0.53125 0.03485576923076923 0.06009615384615385
10 0.33052884615384615 0.5132211538461539 0.05048076923076923 0.08413461538461539
3 0.37740384615384615 0.39783653846153844 0.015625 0.04326923076923077
1 0.4807692307692308 0.53125 0.04927884615384615 0.056490384615384616
1 0.5216346153846154 0.5192307692307693 0.025240384615384616 0.055288461538461536
1 0.5480769230769231 0.5252403846153846 0.046875 0.0625
1 0.6129807692307693 0.5372596153846154 0.08173076923076923 0.08413461538461539
3 0.5901442307692307 0.2536057692307692 0.025240384615384616 0.06850961538461539
1 0.8028846153846154 0.5528846153846154 0.19951923076923078 0.18028846153846154
4 0.7608173076923077 0.3942307692307692 0.01201923076923077 0.038461538461538464