1 0.8894230769230769 0.5841346153846154 0.21875 0.2283653846153846
1 0.27403846153846156 0.5096153846153846 0.055288461538461536 0.052884615384615384
1 0.27283653846153844 0.5084134615384616 0.04927884615384615 0.046875
1 0.3016826923076923 0.4951923076923077 0.046875 0.06009615384615385
1 0.30528846153846156 0.49759615384615385 0.019230769230769232 0.05048076923076923
1 0.3233173076923077 0.5072115384615384 0.021634615384615384 0.04326923076923077
1 0.34375 0.49759615384615385 0.025240384615384616 0.038461538461538464
1 0.3641826923076923 0.49278846153846156 0.021634615384615384 0.046875
1 0.4891826923076923 0.4951923076923077 0.04447115384615385 0.07451923076923077
1 0.6117788461538461 0.5024038461538461 0.07572115384615384 0.10336538461538461
1 0.6658653846153846 0.5240384615384616 0.06009615384615385 0.11538461538461539
1 0.7319711538461539 0.5504807692307693 0.09975961538461539 0.15384615384615385