10 0.06129807692307692 0.5108173076923077 0.12259615384615384 0.04927884615384615
2 0.03485576923076923 0.5649038461538461 0.027644230769230768 0.09014423076923077
2 0.03485576923076923 0.5649038461538461 0.021634615384615384 0.09735576923076923
1 0.15384615384615385 0.5745192307692307 0.140625 0.12860576923076922
6 0.35336538461538464 0.18509615384615385 0.03485576923076923 0.08653846153846154
1 0.5324519230769231 0.5372596153846154 0.11778846153846154 0.07451923076923077
6 0.6021634615384616 0.35096153846153844 0.028846153846153848 0.08774038461538461
6 0.6057692307692307 0.3485576923076923 0.018028846153846152 0.07451923076923077
1 0.6586538461538461 0.5192307692307693 0.06610576923076923 0.07451923076923077
2 0.6899038461538461 0.5336538461538461 0.037259615384615384 0.14423076923076922
2 0.7608173076923077 0.5360576923076923 0.028846153846153848 0.14423076923076922
2 0.7920673076923077 0.5348557692307693 0.03125 0.1466346153846154
2 0.8317307692307693 0.53125 0.037259615384615384 0.16346153846153846
2 0.8317307692307693 0.53125 0.03365384615384615 0.15865384615384615
2 0.8870192307692307 0.5144230769230769 0.046875 0.18990384615384615