1 0.016826923076923076 0.5300480769230769 0.028846153846153848 0.046875
6 0.0625 0.44471153846153844 0.021634615384615384 0.04326923076923077
7 0.06490384615384616 0.46153846153846156 0.018028846153846152 0.04927884615384615
1 0.12740384615384615 0.5204326923076923 0.03485576923076923 0.04447115384615385
1 0.17307692307692307 0.5180288461538461 0.03485576923076923 0.04326923076923077
1 0.22115384615384615 0.5096153846153846 0.046875 0.055288461538461536
7 0.21394230769230768 0.36899038461538464 0.019230769230769232 0.055288461538461536
1 0.42908653846153844 0.5805288461538461 0.38461538461538464 0.5384615384615384
1 0.265625 0.5084134615384616 0.046875 0.09014423076923077
3 0.5853365384615384 0.36538461538461536 0.03365384615384615 0.06009615384615385
1 0.6634615384615384 0.5336538461538461 0.11177884615384616 0.10336538461538461
2 0.7403846153846154 0.5240384615384616 0.06850961538461539 0.19110576923076922
2 0.7451923076923077 0.5252403846153846 0.03485576923076923 0.14423076923076922
1 0.9362980769230769 0.6682692307692307 0.125 0.31009615384615385