1 0.5985576923076923 0.4855769230769231 0.03485576923076923 0.040865384615384616
1 0.11177884615384616 0.5024038461538461 0.13701923076923078 0.12139423076923077
1 0.11538461538461539 0.5024038461538461 0.109375 0.12860576923076922
1 0.19831730769230768 0.4951923076923077 0.078125 0.08052884615384616
1 0.20432692307692307 0.5072115384615384 0.07572115384615384 0.10336538461538461
1 0.3076923076923077 0.49759615384615385 0.028846153846153848 0.038461538461538464
1 0.33653846153846156 0.49038461538461536 0.037259615384615384 0.05048076923076923
1 0.33774038461538464 0.49278846153846156 0.03365384615384615 0.04447115384615385
3 0.35216346153846156 0.3545673076923077 0.015625 0.04326923076923077
4 0.4110576923076923 0.35697115384615385 0.018028846153846152 0.04326923076923077
4 0.41466346153846156 0.3581730769230769 0.019230769230769232 0.027644230769230768
4 0.46153846153846156 0.3605769230769231 0.015625 0.04326923076923077
4 0.46634615384615385 0.3737980769230769 0.019230769230769232 0.038461538461538464
4 0.5649038461538461 0.4338942307692308 0.015625 0.03125
4 0.5685096153846154 0.4254807692307692 0.019230769230769232 0.04447115384615385
1 0.7199519230769231 0.5480769230769231 0.18509615384615385 0.20072115384615385
1 0.7163461538461539 0.5432692307692307 0.16826923076923078 0.18028846153846154
4 0.7007211538461539 0.38822115384615385 0.019230769230769232 0.04326923076923077
4 0.7067307692307693 0.3786057692307692 0.027644230769230768 0.06850961538461539