1 0.3329326923076923 0.5192307692307693 0.07211538461538461 0.08052884615384616
1 0.375 0.5048076923076923 0.04326923076923077 0.06971153846153846
1 0.3786057692307692 0.5048076923076923 0.027644230769230768 0.056490384615384616
1 0.4098557692307692 0.5024038461538461 0.037259615384615384 0.05048076923076923
1 0.4098557692307692 0.4987980769230769 0.03485576923076923 0.05048076923076923
1 0.4807692307692308 0.49278846153846156 0.03365384615384615 0.052884615384615384
1 0.5108173076923077 0.4891826923076923 0.03125 0.04447115384615385
1 0.5925480769230769 0.5036057692307693 0.03125 0.07211538461538461
1 0.6322115384615384 0.5108173076923077 0.06850961538461539 0.08774038461538461
2 0.7055288461538461 0.5132211538461539 0.03485576923076923 0.10576923076923077
1 0.7920673076923077 0.5709134615384616 0.1875 0.20072115384615385