1 0.9807692307692307 0.7463942307692307 0.03485576923076923 0.2776442307692308
1 0.9086538461538461 0.5240384615384616 0.1778846153846154 0.15985576923076922
1 0.09014423076923077 0.5180288461538461 0.13701923076923078 0.12259615384615384
1 0.09495192307692307 0.5132211538461539 0.11177884615384616 0.10697115384615384
1 0.16826923076923078 0.5036057692307693 0.05889423076923077 0.07211538461538461
1 0.17307692307692307 0.5036057692307693 0.05048076923076923 0.07211538461538461
1 0.25841346153846156 0.5072115384615384 0.056490384615384616 0.0625
1 0.26322115384615385 0.5084134615384616 0.040865384615384616 0.05048076923076923
1 0.37259615384615385 0.5036057692307693 0.07451923076923077 0.11538461538461539
1 0.43990384615384615 0.5 0.040865384615384616 0.06490384615384616
1 0.49278846153846156 0.49399038461538464 0.021634615384615384 0.038461538461538464
1 0.5228365384615384 0.5 0.028846153846153848 0.040865384615384616
1 0.6382211538461539 0.5324519230769231 0.09975961538461539 0.125
1 0.6418269230769231 0.53125 0.08413461538461539 0.10697115384615384
2 0.6850961538461539 0.5036057692307693 0.025240384615384616 0.09615384615384616
1 0.7319711538461539 0.4831730769230769 0.09375 0.08413461538461539