10 0.038461538461538464 0.578125 0.07572115384615384 0.12139423076923077
1 0.03485576923076923 0.5721153846153846 0.06610576923076923 0.109375
10 0.11298076923076923 0.5600961538461539 0.08653846153846154 0.03485576923076923
1 0.1814903846153846 0.625 0.1466346153846154 0.14423076923076922
1 0.26802884615384615 0.6081730769230769 0.078125 0.10697115384615384
1 0.30288461538461536 0.5865384615384616 0.03365384615384615 0.04326923076923077
1 0.32572115384615385 0.5841346153846154 0.028846153846153848 0.03485576923076923
1 0.4050480769230769 0.5685096153846154 0.021634615384615384 0.027644230769230768
1 0.48677884615384615 0.5997596153846154 0.021634615384615384 0.08173076923076923
1 0.5120192307692307 0.5997596153846154 0.040865384615384616 0.09014423076923077
1 0.5180288461538461 0.6033653846153846 0.052884615384615384 0.09735576923076923
1 0.5588942307692307 0.6153846153846154 0.09615384615384616 0.10697115384615384
3 0.7139423076923077 0.32091346153846156 0.037259615384615384 0.12740384615384615