1 0.02403846153846154 0.5180288461538461 0.04447115384615385 0.10697115384615384
1 0.08533653846153846 0.5036057692307693 0.08413461538461539 0.10096153846153846
1 0.0829326923076923 0.5024038461538461 0.07211538461538461 0.078125
1 0.28966346153846156 0.49158653846153844 0.052884615384615384 0.0625
1 0.41586538461538464 0.48677884615384615 0.055288461538461536 0.07451923076923077
4 0.45913461538461536 0.43990384615384615 0.01201923076923077 0.028846153846153848
1 0.5060096153846154 0.484375 0.040865384615384616 0.055288461538461536
1 0.5372596153846154 0.49759615384615385 0.027644230769230768 0.06009615384615385
1 0.5757211538461539 0.5012019230769231 0.06490384615384616 0.06850961538461539
1 0.5805288461538461 0.5048076923076923 0.052884615384615384 0.06610576923076923
1 0.6274038461538461 0.5084134615384616 0.056490384615384616 0.17548076923076922
1 0.7740384615384616 0.5673076923076923 0.26802884615384615 0.28125