1 0.08774038461538461 0.5757211538461539 0.17548076923076922 0.31490384615384615
1 0.25721153846153844 0.47596153846153844 0.03365384615384615 0.038461538461538464
6 0.3016826923076923 0.42788461538461536 0.018028846153846152 0.025240384615384616
1 0.31490384615384615 0.46875 0.04447115384615385 0.07211538461538461
1 0.3173076923076923 0.46875 0.040865384615384616 0.056490384615384616
6 0.39302884615384615 0.4110576923076923 0.015625 0.03125
4 0.4519230769230769 0.3581730769230769 0.015625 0.03365384615384615
4 0.4567307692307692 0.3557692307692308 0.015625 0.038461538461538464
1 0.5552884615384616 0.46875 0.04447115384615385 0.04326923076923077
1 0.5600961538461539 0.46875 0.046875 0.04326923076923077
4 0.5612980769230769 0.4170673076923077 0.01201923076923077 0.037259615384615384
4 0.5733173076923077 0.40865384615384615 0.01201923076923077 0.027644230769230768
10 0.6346153846153846 0.4338942307692308 0.09375 0.08413461538461539
1 0.6382211538461539 0.43990384615384615 0.09014423076923077 0.08173076923076923
1 0.7091346153846154 0.49759615384615385 0.15384615384615385 0.17427884615384615