1 0.04927884615384615 0.5048076923076923 0.06490384615384616 0.06971153846153846
1 0.14783653846153846 0.5144230769230769 0.08413461538461539 0.08173076923076923
1 0.15144230769230768 0.515625 0.09014423076923077 0.08173076923076923
4 0.21033653846153846 0.21754807692307693 0.027644230769230768 0.07572115384615384
1 0.23918269230769232 0.5024038461538461 0.07211538461538461 0.055288461538461536
4 0.21394230769230768 0.22235576923076922 0.015625 0.06610576923076923
1 0.23677884615384615 0.5036057692307693 0.06009615384615385 0.06610576923076923
1 0.3137019230769231 0.49759615384615385 0.03125 0.037259615384615384
4 0.41346153846153844 0.25240384615384615 0.021634615384615384 0.07211538461538461
4 0.6129807692307693 0.375 0.015625 0.055288461538461536
2 0.6911057692307693 0.49278846153846156 0.015625 0.078125
2 0.6935096153846154 0.4879807692307692 0.013221153846153846 0.078125
2 0.7067307692307693 0.49158653846153844 0.013221153846153846 0.08653846153846154