1 0.02283653846153846 0.5552884615384616 0.04447115384615385 0.08653846153846154
3 0.2608173076923077 0.3798076923076923 0.019230769230769232 0.052884615384615384
1 0.30528846153846156 0.5180288461538461 0.02403846153846154 0.03125
1 0.3401442307692308 0.5192307692307693 0.019230769230769232 0.018028846153846152
1 0.36778846153846156 0.5192307692307693 0.037259615384615384 0.04326923076923077
3 0.3557692307692308 0.42908653846153844 0.009615384615384616 0.03485576923076923
3 0.39302884615384615 0.40384615384615385 0.018028846153846152 0.038461538461538464
4 0.4074519230769231 0.4423076923076923 0.007211538461538462 0.021634615384615384
1 0.4230769230769231 0.5216346153846154 0.03485576923076923 0.05048076923076923
4 0.4326923076923077 0.4567307692307692 0.013221153846153846 0.03365384615384615
1 0.48197115384615385 0.5384615384615384 0.10336538461538461 0.10697115384615384
4 0.49038461538461536 0.43509615384615385 0.019230769230769232 0.037259615384615384
1 0.5817307692307693 0.5144230769230769 0.021634615384615384 0.038461538461538464
1 0.6213942307692307 0.5336538461538461 0.07451923076923077 0.07572115384615384
1 0.6237980769230769 0.5372596153846154 0.06850961538461539 0.06850961538461539
10 0.6478365384615384 0.5060096153846154 0.06971153846153846 0.09735576923076923
10 0.6526442307692307 0.5012019230769231 0.07572115384615384 0.08774038461538461
1 0.8713942307692307 0.5600961538461539 0.16947115384615385 0.12259615384615384
1 0.8689903846153846 0.5516826923076923 0.14903846153846154 0.11778846153846154