6 0.08173076923076923 0.078125 0.16346153846153846 0.15625
6 0.06490384615384616 0.0673076923076923 0.07572115384615384 0.125
1 0.08774038461538461 0.5324519230769231 0.037259615384615384 0.05048076923076923
1 0.09375 0.4987980769230769 0.040865384615384616 0.03125
1 0.17067307692307693 0.5024038461538461 0.10096153846153846 0.0625
1 0.21634615384615385 0.5144230769230769 0.0625 0.078125
1 0.265625 0.5252403846153846 0.10336538461538461 0.078125
1 0.33533653846153844 0.5132211538461539 0.07572115384615384 0.08173076923076923
1 0.42427884615384615 0.4951923076923077 0.03365384615384615 0.05048076923076923
1 0.4254807692307692 0.49759615384615385 0.028846153846153848 0.027644230769230768
1 0.47475961538461536 0.4951923076923077 0.027644230769230768 0.037259615384615384
3 0.5685096153846154 0.3605769230769231 0.02403846153846154 0.0625
3 0.5733173076923077 0.030048076923076924 0.027644230769230768 0.056490384615384616
6 0.5661057692307693 0.3641826923076923 0.013221153846153846 0.040865384615384616
6 0.6502403846153846 0.3581730769230769 0.02403846153846154 0.05048076923076923
6 0.6526442307692307 0.35697115384615385 0.009615384615384616 0.038461538461538464
6 0.7307692307692307 0.4098557692307692 0.021634615384615384 0.046875
3 0.8004807692307693 0.07692307692307693 0.05048076923076923 0.11778846153846154
6 0.8016826923076923 0.07692307692307693 0.027644230769230768 0.09014423076923077
1 0.8161057692307693 0.4963942307692308 0.028846153846153848 0.040865384615384616
1 0.8617788461538461 0.49158653846153844 0.08653846153846154 0.055288461538461536
2 0.9615384615384616 0.49278846153846156 0.02403846153846154 0.09975961538461539