1 0.16105769230769232 0.4675480769230769 0.32211538461538464 0.421875
10 0.15384615384615385 0.4891826923076923 0.30528846153846156 0.44471153846153844
7 0.3629807692307692 0.3004807692307692 0.019230769230769232 0.07211538461538461
7 0.36177884615384615 0.28846153846153844 0.015625 0.038461538461538464
1 0.4963942307692308 0.5540865384615384 0.23798076923076922 0.296875
6 0.47716346153846156 0.24278846153846154 0.013221153846153846 0.05048076923076923
6 0.6370192307692307 0.35336538461538464 0.018028846153846152 0.037259615384615384
0 0.6430288461538461 0.48677884615384615 0.025240384615384616 0.09615384615384616
1 0.8233173076923077 0.5600961538461539 0.3161057692307692 0.25961538461538464
1 0.9399038461538461 0.47716346153846156 0.11899038461538461 0.07451923076923077
6 0.9170673076923077 0.2644230769230769 0.027644230769230768 0.08052884615384616
6 0.9170673076923077 0.24278846153846154 0.021634615384615384 0.040865384615384616