1 0.0829326923076923 0.6021634615384616 0.1658653846153846 0.33052884615384615
1 0.33653846153846156 0.6502403846153846 0.31850961538461536 0.3870192307692308
3 0.2764423076923077 0.2800480769230769 0.025240384615384616 0.06610576923076923
3 0.38822115384615385 0.2860576923076923 0.025240384615384616 0.07572115384615384
2 0.4855769230769231 0.5264423076923077 0.025240384615384616 0.06610576923076923
2 0.5649038461538461 0.5612980769230769 0.07451923076923077 0.2127403846153846
3 0.5637019230769231 0.41586538461538464 0.027644230769230768 0.078125
2 0.5805288461538461 0.5204326923076923 0.018028846153846152 0.08173076923076923
2 0.5985576923076923 0.5252403846153846 0.019230769230769232 0.08653846153846154
0 0.6454326923076923 0.5288461538461539 0.03365384615384615 0.10336538461538461
2 0.6850961538461539 0.5288461538461539 0.02403846153846154 0.08774038461538461
2 0.7043269230769231 0.5300480769230769 0.027644230769230768 0.08774038461538461
2 0.7271634615384616 0.5264423076923077 0.02403846153846154 0.09014423076923077
2 0.7836538461538461 0.5180288461538461 0.025240384615384616 0.10697115384615384
1 0.9519230769230769 0.5264423076923077 0.09134615384615384 0.08413461538461539