1 0.17067307692307693 0.6237980769230769 0.34134615384615385 0.34134615384615385
2 0.3545673076923077 0.5240384615384616 0.027644230769230768 0.14423076923076922
2 0.3545673076923077 0.5300480769230769 0.021634615384615384 0.12740384615384615
2 0.37740384615384615 0.5288461538461539 0.019230769230769232 0.15264423076923078
1 0.43509615384615385 0.5204326923076923 0.055288461538461536 0.06610576923076923
2 0.5348557692307693 0.5108173076923077 0.02403846153846154 0.09615384615384616
2 0.5336538461538461 0.5060096153846154 0.019230769230769232 0.078125
2 0.5649038461538461 0.5036057692307693 0.02403846153846154 0.10576923076923077
3 0.5817307692307693 0.3076923076923077 0.028846153846153848 0.09134615384615384
2 0.6153846153846154 0.5084134615384616 0.028846153846153848 0.125
1 0.8810096153846154 0.7920673076923077 0.234375 0.41346153846153844
2 0.8461538461538461 0.49278846153846156 0.027644230769230768 0.1310096153846154
2 0.8725961538461539 0.4831730769230769 0.025240384615384616 0.140625
2 0.8774038461538461 0.4735576923076923 0.025240384615384616 0.13701923076923078
2 0.9050480769230769 0.48677884615384615 0.027644230769230768 0.13701923076923078
2 0.90625 0.484375 0.025240384615384616 0.14903846153846154
2 0.9362980769230769 0.48197115384615385 0.03365384615384615 0.16826923076923078
2 0.9519230769230769 0.4735576923076923 0.018028846153846152 0.140625