1 0.17307692307692307 0.5408653846153846 0.07451923076923077 0.08173076923076923
1 0.17307692307692307 0.5408653846153846 0.06850961538461539 0.06850961538461539
1 0.24278846153846154 0.53125 0.052884615384615384 0.052884615384615384
1 0.2920673076923077 0.5264423076923077 0.052884615384615384 0.06610576923076923
1 0.2920673076923077 0.5276442307692307 0.05048076923076923 0.05889423076923077
1 0.32572115384615385 0.5180288461538461 0.028846153846153848 0.040865384615384616
1 0.3269230769230769 0.5264423076923077 0.028846153846153848 0.03365384615384615
6 0.38221153846153844 0.43149038461538464 0.009615384615384616 0.028846153846153848
6 0.41947115384615385 0.43990384615384615 0.009615384615384616 0.03485576923076923
1 0.4326923076923077 0.515625 0.03365384615384615 0.03485576923076923
6 0.484375 0.46033653846153844 0.019230769230769232 0.037259615384615384
1 0.8076923076923077 0.4987980769230769 0.09134615384615384 0.04447115384615385