6 0.17427884615384615 0.4579326923076923 0.019230769230769232 0.038461538461538464
1 0.2439903846153846 0.5300480769230769 0.09375 0.11778846153846154
6 0.30408653846153844 0.41466346153846156 0.019230769230769232 0.04326923076923077
1 0.38221153846153844 0.5336538461538461 0.08173076923076923 0.09735576923076923
6 0.3545673076923077 0.40625 0.019230769230769232 0.04326923076923077
6 0.35336538461538464 0.40625 0.013221153846153846 0.038461538461538464
1 0.47716346153846156 0.5180288461538461 0.052884615384615384 0.052884615384615384
6 0.5264423076923077 0.4387019230769231 0.019230769230769232 0.046875
6 0.5288461538461539 0.4423076923076923 0.019230769230769232 0.03485576923076923
1 0.5865384615384616 0.49759615384615385 0.09735576923076923 0.05048076923076923
1 0.5889423076923077 0.5036057692307693 0.08413461538461539 0.038461538461538464