4 0.9723557692307693 0.07692307692307693 0.052884615384615384 0.15264423076923078
1 0.38341346153846156 0.53125 0.015625 0.019230769230769232
10 0.0673076923076923 0.5372596153846154 0.1346153846153846 0.09134615384615384
3 0.359375 0.21153846153846154 0.02403846153846154 0.08413461538461539
1 0.421875 0.53125 0.04447115384615385 0.038461538461538464
1 0.46875 0.53125 0.04447115384615385 0.038461538461538464
4 0.5985576923076923 0.36899038461538464 0.025240384615384616 0.078125
2 0.7211538461538461 0.5372596153846154 0.025240384615384616 0.10336538461538461
2 0.7283653846153846 0.5300480769230769 0.025240384615384616 0.11899038461538461
2 0.7403846153846154 0.5288461538461539 0.028846153846153848 0.10096153846153846
2 0.7524038461538461 0.5288461538461539 0.028846153846153848 0.12139423076923077