3 0.3016826923076923 0.46033653846153844 0.013221153846153846 0.03365384615384615
1 0.3786057692307692 0.4951923076923077 0.028846153846153848 0.046875
1 0.3798076923076923 0.4951923076923077 0.025240384615384616 0.03365384615384615
10 0.40865384615384615 0.4807692307692308 0.05889423076923077 0.07451923076923077
10 0.40865384615384615 0.48197115384615385 0.04447115384615385 0.08173076923076923
1 0.44711538461538464 0.5024038461538461 0.04927884615384615 0.056490384615384616
4 0.4483173076923077 0.39903846153846156 0.018028846153846152 0.037259615384615384
1 0.49278846153846156 0.49158653846153844 0.03365384615384615 0.038461538461538464
4 0.515625 0.4050480769230769 0.02403846153846154 0.037259615384615384
4 0.5168269230769231 0.40384615384615385 0.01201923076923077 0.03125
1 0.5612980769230769 0.5024038461538461 0.04447115384615385 0.046875
4 0.5637019230769231 0.4423076923076923 0.018028846153846152 0.03485576923076923
4 0.5649038461538461 0.4543269230769231 0.015625 0.028846153846153848
4 0.5961538461538461 0.4411057692307692 0.018028846153846152 0.027644230769230768
4 0.5973557692307693 0.4362980769230769 0.009615384615384616 0.037259615384615384
1 0.7211538461538461 0.5420673076923077 0.17427884615384615 0.20673076923076922