1 0.01201923076923077 0.5817307692307693 0.02403846153846154 0.12259615384615384
1 0.12740384615384615 0.5540865384615384 0.15865384615384615 0.09014423076923077
1 0.23918269230769232 0.5384615384615384 0.046875 0.06009615384615385
1 0.31009615384615385 0.5360576923076923 0.06009615384615385 0.07451923076923077
1 0.3088942307692308 0.5324519230769231 0.052884615384615384 0.07451923076923077
1 0.4014423076923077 0.5973557692307693 0.1935096153846154 0.28125
2 0.3245192307692308 0.5396634615384616 0.040865384615384616 0.1466346153846154
1 0.5649038461538461 0.5552884615384616 0.06971153846153846 0.12259615384615384
1 0.6069711538461539 0.5697115384615384 0.078125 0.14903846153846154
1 0.7451923076923077 0.5685096153846154 0.23677884615384615 0.2536057692307692
1 0.8786057692307693 0.6069711538461539 0.23677884615384615 0.3004807692307692