1 0.06971153846153846 0.5673076923076923 0.06971153846153846 0.06610576923076923
1 0.9038461538461539 0.5072115384615384 0.18990384615384615 0.18990384615384615
1 0.24759615384615385 0.53125 0.03485576923076923 0.038461538461538464
1 0.25240384615384615 0.5324519230769231 0.028846153846153848 0.038461538461538464
4 0.27283653846153844 0.21153846153846154 0.025240384615384616 0.07572115384615384
4 0.27403846153846156 0.21153846153846154 0.021634615384615384 0.08052884615384616
1 0.2824519230769231 0.5276442307692307 0.027644230769230768 0.03485576923076923
1 0.2848557692307692 0.5276442307692307 0.021634615384615384 0.03125
1 0.3485576923076923 0.5240384615384616 0.018028846153846152 0.02403846153846154
1 0.36899038461538464 0.515625 0.03365384615384615 0.05048076923076923
1 0.39302884615384615 0.5084134615384616 0.025240384615384616 0.03365384615384615
1 0.41466346153846156 0.5336538461538461 0.052884615384615384 0.06850961538461539
4 0.5576923076923077 0.36177884615384615 0.021634615384615384 0.0625
4 0.5588942307692307 0.359375 0.018028846153846152 0.05048076923076923
1 0.7932692307692307 0.46274038461538464 0.08774038461538461 0.038461538461538464
1 0.8737980769230769 0.4567307692307692 0.08173076923076923 0.06490384615384616
1 0.8798076923076923 0.453125 0.08173076923076923 0.037259615384615384