2 0.057692307692307696 0.6105769230769231 0.11298076923076923 0.35697115384615385
2 0.10216346153846154 0.5372596153846154 0.037259615384615384 0.11538461538461539
2 0.109375 0.5384615384615384 0.02403846153846154 0.12139423076923077
2 0.14302884615384615 0.5949519230769231 0.078125 0.35697115384615385
2 0.14182692307692307 0.5817307692307693 0.06850961538461539 0.32572115384615385
1 0.18870192307692307 0.5336538461538461 0.05889423076923077 0.07451923076923077
1 0.18990384615384615 0.5324519230769231 0.052884615384615384 0.055288461538461536
2 0.25600961538461536 0.5865384615384616 0.04447115384615385 0.46153846153846156
1 0.2848557692307692 0.5096153846153846 0.03365384615384615 0.056490384615384616
2 0.33774038461538464 0.6069711538461539 0.08653846153846154 0.5060096153846154
1 0.47596153846153844 0.5144230769230769 0.19951923076923078 0.12139423076923077
2 0.45072115384615385 0.5877403846153846 0.12740384615384615 0.453125
2 0.42427884615384615 0.5805288461538461 0.07451923076923077 0.43149038461538464
6 0.5408653846153846 0.3473557692307692 0.027644230769230768 0.08173076923076923
2 0.6129807692307693 0.5889423076923077 0.078125 0.44471153846153844
2 0.7427884615384616 0.5709134615384616 0.08173076923076923 0.4879807692307692