3 0.06490384615384616 0.2608173076923077 0.019230769230769232 0.06850961538461539
1 0.15504807692307693 0.5324519230769231 0.08413461538461539 0.056490384615384616
1 0.3269230769230769 0.6165865384615384 0.26322115384615385 0.33052884615384615
3 0.2548076923076923 0.35697115384615385 0.019230769230769232 0.055288461538461536
3 0.32572115384615385 0.2980769230769231 0.02403846153846154 0.06009615384615385
4 0.37740384615384615 0.41346153846153844 0.009615384615384616 0.03485576923076923
4 0.4074519230769231 0.43990384615384615 0.013221153846153846 0.03365384615384615
1 0.4423076923076923 0.5072115384615384 0.025240384615384616 0.040865384615384616
1 0.4855769230769231 0.5180288461538461 0.027644230769230768 0.037259615384615384
4 0.5024038461538461 0.40024038461538464 0.019230769230769232 0.038461538461538464
1 0.5444711538461539 0.5240384615384616 0.05048076923076923 0.06850961538461539
1 0.6418269230769231 0.5817307692307693 0.20673076923076922 0.2247596153846154
1 0.8112980769230769 0.5336538461538461 0.06610576923076923 0.04447115384615385
4 0.7980769230769231 0.40865384615384615 0.018028846153846152 0.05048076923076923
3 0.8245192307692307 0.35697115384615385 0.018028846153846152 0.04326923076923077
10 0.8870192307692307 0.5192307692307693 0.10096153846153846 0.09014423076923077
3 0.8629807692307693 0.3389423076923077 0.021634615384615384 0.0625