1 0.21754807692307693 0.7007211538461539 0.43149038461538464 0.47596153846153844
2 0.12740384615384615 0.41586538461538464 0.013221153846153846 0.03125
3 0.14903846153846154 0.39903846153846156 0.018028846153846152 0.052884615384615384
1 0.38221153846153844 0.5324519230769231 0.028846153846153848 0.04447115384615385
1 0.41346153846153844 0.5204326923076923 0.015625 0.018028846153846152
1 0.4483173076923077 0.5300480769230769 0.027644230769230768 0.03365384615384615
3 0.5276442307692307 0.37259615384615385 0.019230769230769232 0.06850961538461539
2 0.5588942307692307 0.5168269230769231 0.019230769230769232 0.046875
2 0.6454326923076923 0.5276442307692307 0.018028846153846152 0.07451923076923077
2 0.6658653846153846 0.5228365384615384 0.021634615384615384 0.07451923076923077
2 0.6730769230769231 0.5336538461538461 0.025240384615384616 0.09615384615384616
2 0.8329326923076923 0.5288461538461539 0.04927884615384615 0.23798076923076922
2 0.8930288461538461 0.5264423076923077 0.04927884615384615 0.2403846153846154
2 0.9771634615384616 0.5600961538461539 0.040865384615384616 0.2283653846153846