0 0.08052884615384616 0.5480769230769231 0.06610576923076923 0.08052884615384616
1 0.12259615384615384 0.5384615384615384 0.07211538461538461 0.07572115384615384
2 0.13221153846153846 0.5552884615384616 0.08173076923076923 0.2127403846153846
2 0.09975961538461539 0.53125 0.018028846153846152 0.04927884615384615
1 0.33052884615384615 0.6526442307692307 0.3317307692307692 0.4182692307692308
1 0.19591346153846154 0.5396634615384616 0.04447115384615385 0.056490384615384616
7 0.2800480769230769 0.2764423076923077 0.019230769230769232 0.0625
6 0.3894230769230769 0.2860576923076923 0.019230769230769232 0.07211538461538461
0 0.4891826923076923 0.5288461538461539 0.03365384615384615 0.07451923076923077
2 0.5372596153846154 0.5204326923076923 0.018028846153846152 0.05889423076923077
2 0.5516826923076923 0.5168269230769231 0.018028846153846152 0.0625
6 0.5637019230769231 0.40865384615384615 0.021634615384615384 0.0625
0 0.6598557692307693 0.5288461538461539 0.025240384615384616 0.09014423076923077
1 0.7716346153846154 0.5336538461538461 0.15865384615384615 0.09375
0 0.8401442307692307 0.5228365384615384 0.04447115384615385 0.08774038461538461
1 0.9819711538461539 0.5192307692307693 0.03365384615384615 0.08413461538461539