1 0.04567307692307692 0.7127403846153846 0.09134615384615384 0.2620192307692308
1 0.14543269230769232 0.6105769230769231 0.06009615384615385 0.07211538461538461
1 0.19831730769230768 0.6069711538461539 0.052884615384615384 0.06610576923076923
1 0.24879807692307693 0.6069711538461539 0.06610576923076923 0.06610576923076923
1 0.2536057692307692 0.6117788461538461 0.056490384615384616 0.07211538461538461
1 0.2980769230769231 0.6033653846153846 0.05048076923076923 0.06009615384615385
1 0.35216346153846156 0.6634615384615384 0.14302884615384615 0.19471153846153846
1 0.3016826923076923 0.609375 0.03365384615384615 0.06610576923076923
1 0.41225961538461536 0.609375 0.06610576923076923 0.0625
1 0.4230769230769231 0.6057692307692307 0.04927884615384615 0.05889423076923077
1 0.4639423076923077 0.5793269230769231 0.027644230769230768 0.038461538461538464
1 0.6286057692307693 0.5769230769230769 0.07211538461538461 0.052884615384615384
1 0.6382211538461539 0.5829326923076923 0.0625 0.05048076923076923