10 0.06129807692307692 0.4795673076923077 0.12259615384615384 0.16346153846153846
1 0.11538461538461539 0.5588942307692307 0.09615384615384616 0.09975961538461539
1 0.1814903846153846 0.48677884615384615 0.13822115384615385 0.1346153846153846
10 0.17668269230769232 0.5012019230769231 0.078125 0.1346153846153846
1 0.2824519230769231 0.6225961538461539 0.27163461538461536 0.3245192307692308
1 0.38341346153846156 0.49759615384615385 0.15865384615384615 0.2620192307692308
10 0.39903846153846156 0.5276442307692307 0.12139423076923077 0.23197115384615385
1 0.5048076923076923 0.5288461538461539 0.05048076923076923 0.06490384615384616
1 0.5168269230769231 0.5432692307692307 0.06610576923076923 0.078125
1 0.5805288461538461 0.5276442307692307 0.09735576923076923 0.13822115384615385
1 0.6526442307692307 0.5552884615384616 0.16947115384615385 0.16947115384615385
1 0.7512019230769231 0.47716346153846156 0.09615384615384616 0.1622596153846154