1 0.04927884615384615 0.5552884615384616 0.06009615384615385 0.05048076923076923
1 0.057692307692307696 0.5 0.06850961538461539 0.09975961538461539
1 0.19110576923076922 0.5288461538461539 0.2692307692307692 0.28725961538461536
7 0.21394230769230768 0.34375 0.02403846153846154 0.06490384615384616
3 0.21754807692307693 0.35336538461538464 0.019230769230769232 0.05048076923076923
3 0.27524038461538464 0.33774038461538464 0.019230769230769232 0.06610576923076923
1 0.33653846153846156 0.5372596153846154 0.0625 0.10697115384615384
4 0.36778846153846156 0.33653846153846156 0.019230769230769232 0.056490384615384616
1 0.38461538461538464 0.5252403846153846 0.04447115384615385 0.06610576923076923
3 0.37259615384615385 0.3449519230769231 0.018028846153846152 0.046875
1 0.46033653846153844 0.5504807692307693 0.1310096153846154 0.1622596153846154
4 0.4362980769230769 0.34975961538461536 0.03365384615384615 0.078125
6 0.4362980769230769 0.34975961538461536 0.018028846153846152 0.05048076923076923
4 0.5745192307692307 0.43509615384615385 0.018028846153846152 0.06490384615384616
4 0.578125 0.42908653846153844 0.018028846153846152 0.055288461538461536
1 0.8076923076923077 0.5180288461538461 0.056490384615384616 0.08774038461538461
1 0.8293269230769231 0.5096153846153846 0.08774038461538461 0.078125
1 0.9050480769230769 0.5144230769230769 0.15865384615384615 0.09615384615384616