1 0.13341346153846154 0.5240384615384616 0.02403846153846154 0.03365384615384615
1 0.25240384615384615 0.5324519230769231 0.12740384615384615 0.08173076923076923
1 0.25240384615384615 0.5360576923076923 0.109375 0.08173076923076923
1 0.3545673076923077 0.5492788461538461 0.09375 0.12139423076923077
1 0.35697115384615385 0.5432692307692307 0.08653846153846154 0.10697115384615384
7 0.3269230769230769 0.34975961538461536 0.018028846153846152 0.05048076923076923
7 0.3293269230769231 0.34975961538461536 0.015625 0.05048076923076923
6 0.4110576923076923 0.35336538461538464 0.013221153846153846 0.052884615384615384
6 0.41466346153846156 0.35216346153846156 0.015625 0.04447115384615385
1 0.5048076923076923 0.5252403846153846 0.07211538461538461 0.13221153846153846
1 0.4951923076923077 0.5276442307692307 0.05048076923076923 0.125
6 0.48677884615384615 0.36899038461538464 0.018028846153846152 0.040865384615384616
6 0.4879807692307692 0.375 0.013221153846153846 0.046875
1 0.5709134615384616 0.5480769230769231 0.14903846153846154 0.17548076923076922
6 0.5805288461538461 0.4387019230769231 0.021634615384615384 0.056490384615384616
3 0.5793269230769231 0.4254807692307692 0.015625 0.040865384615384616
1 0.7079326923076923 0.5048076923076923 0.15264423076923078 0.1971153846153846
1 0.7007211538461539 0.5240384615384616 0.1310096153846154 0.140625
1 0.8497596153846154 0.5637019230769231 0.23798076923076922 0.18990384615384615
6 0.9014423076923077 0.35336538461538464 0.037259615384615384 0.10336538461538461
6 0.9086538461538461 0.35216346153846156 0.028846153846153848 0.09615384615384616