1 0.16466346153846154 0.49759615384615385 0.052884615384615384 0.04927884615384615
7 0.23677884615384615 0.43028846153846156 0.02403846153846154 0.056490384615384616
1 0.42427884615384615 0.48677884615384615 0.07211538461538461 0.09615384615384616
3 0.4326923076923077 0.38221153846153844 0.015625 0.037259615384615384
1 0.4675480769230769 0.4879807692307692 0.028846153846153848 0.052884615384615384
1 0.5072115384615384 0.5036057692307693 0.08173076923076923 0.08774038461538461
6 0.4963942307692308 0.35096153846153844 0.013221153846153846 0.05048076923076923
1 0.5793269230769231 0.4951923076923077 0.03485576923076923 0.07572115384615384
6 0.5865384615384616 0.4266826923076923 0.013221153846153846 0.04326923076923077
1 0.6370192307692307 0.5132211538461539 0.09375 0.10096153846153846
6 0.6574519230769231 0.41346153846153844 0.02403846153846154 0.05889423076923077
1 0.8137019230769231 0.5432692307692307 0.2536057692307692 0.31490384615384615