2 0.6274038461538461 0.5180288461538461 0.025240384615384616 0.09014423076923077
2 0.021634615384615384 0.546875 0.019230769230769232 0.10336538461538461
2 0.028846153846153848 0.5432692307692307 0.018028846153846152 0.08774038461538461
1 0.2800480769230769 0.6802884615384616 0.38221153846153844 0.453125
2 0.140625 0.5264423076923077 0.02403846153846154 0.06971153846153846
4 0.2512019230769231 0.421875 0.02403846153846154 0.056490384615384616
1 0.4567307692307692 0.5408653846153846 0.10096153846153846 0.1814903846153846
1 0.5180288461538461 0.5180288461538461 0.05889423076923077 0.0625
1 0.5180288461538461 0.5168269230769231 0.052884615384615384 0.08653846153846154
4 0.5132211538461539 0.40625 0.021634615384615384 0.0625
2 0.5564903846153846 0.5300480769230769 0.027644230769230768 0.12259615384615384
2 0.5709134615384616 0.5180288461538461 0.013221153846153846 0.11778846153846154
2 0.5805288461538461 0.5 0.021634615384615384 0.06971153846153846
2 0.5913461538461539 0.5132211538461539 0.019230769230769232 0.12139423076923077
2 0.7115384615384616 0.5012019230769231 0.018028846153846152 0.07211538461538461
2 0.7415865384615384 0.5048076923076923 0.040865384615384616 0.08653846153846154
2 0.7319711538461539 0.47836538461538464 0.013221153846153846 0.037259615384615384
1 0.8798076923076923 0.6117788461538461 0.2283653846153846 0.5564903846153846
2 0.7992788461538461 0.46033653846153844 0.03365384615384615 0.06610576923076923