1 0.1346153846153846 0.4831730769230769 0.26802884615384615 0.6274038461538461
10 0.12980769230769232 0.484375 0.25600961538461536 0.6189903846153846
1 0.3473557692307692 0.4963942307692308 0.046875 0.06610576923076923
1 0.5 0.6213942307692307 0.32572115384615385 0.43149038461538464
7 0.35096153846153844 0.3004807692307692 0.019230769230769232 0.07211538461538461
7 0.35336538461538464 0.28365384615384615 0.015625 0.038461538461538464
6 0.4735576923076923 0.24158653846153846 0.019230769230769232 0.06850961538461539
1 0.71875 0.48197115384615385 0.1814903846153846 0.10576923076923077
1 0.7223557692307693 0.49038461538461536 0.1778846153846154 0.11778846153846154
6 0.6454326923076923 0.36538461538461536 0.019230769230769232 0.04326923076923077
1 0.8617788461538461 0.5901442307692307 0.27163461538461536 0.3473557692307692
6 0.9855769230769231 0.22956730769230768 0.027644230769230768 0.08653846153846154
6 0.9879807692307693 0.20432692307692307 0.021634615384615384 0.04326923076923077