1 0.22355769230769232 0.546875 0.03485576923076923 0.037259615384615384
7 0.21634615384615385 0.33413461538461536 0.013221153846153846 0.04447115384615385
7 0.21754807692307693 0.33774038461538464 0.018028846153846152 0.05048076923076923
1 0.22956730769230768 0.5432692307692307 0.028846153846153848 0.038461538461538464
1 0.29927884615384615 0.5300480769230769 0.027644230769230768 0.03365384615384615
1 0.29927884615384615 0.5288461538461539 0.021634615384615384 0.027644230769230768
1 0.3173076923076923 0.5252403846153846 0.019230769230769232 0.02403846153846154
1 0.32091346153846156 0.5276442307692307 0.021634615384615384 0.03125
4 0.3293269230769231 0.3161057692307692 0.015625 0.052884615384615384
4 0.33052884615384615 0.32091346153846156 0.013221153846153846 0.055288461538461536
1 0.36899038461538464 0.5180288461538461 0.03485576923076923 0.05048076923076923
1 0.3942307692307692 0.5120192307692307 0.025240384615384616 0.03365384615384615
1 0.4182692307692308 0.5372596153846154 0.052884615384615384 0.06850961538461539
4 0.5144230769230769 0.41346153846153844 0.018028846153846152 0.040865384615384616
4 0.515625 0.42427884615384615 0.009615384615384616 0.04447115384615385
1 0.7163461538461539 0.5060096153846154 0.14903846153846154 0.10096153846153846
1 0.7199519230769231 0.5036057692307693 0.14302884615384615 0.08774038461538461
1 0.8305288461538461 0.5 0.15384615384615385 0.09375
1 0.8365384615384616 0.5036057692307693 0.14903846153846154 0.08173076923076923