1 0.15504807692307693 0.515625 0.1622596153846154 0.11899038461538461
3 0.056490384615384616 0.39903846153846156 0.018028846153846152 0.046875
0 0.125 0.49759615384615385 0.04326923076923077 0.052884615384615384
0 0.125 0.5132211538461539 0.025240384615384616 0.07451923076923077
6 0.3798076923076923 0.390625 0.019230769230769232 0.0625
6 0.38100961538461536 0.3713942307692308 0.015625 0.04927884615384615
1 0.4074519230769231 0.5072115384615384 0.028846153846153848 0.04326923076923077
1 0.40625 0.5084134615384616 0.02403846153846154 0.03485576923076923
1 0.46634615384615385 0.5024038461538461 0.03365384615384615 0.03125
1 0.5637019230769231 0.5144230769230769 0.038461538461538464 0.06610576923076923
6 0.6538461538461539 0.38822115384615385 0.018028846153846152 0.0625
2 0.703125 0.5036057692307693 0.018028846153846152 0.07211538461538461
2 0.9783653846153846 0.5841346153846154 0.038461538461538464 0.5240384615384616