1 0.953125 0.6394230769230769 0.09014423076923077 0.27524038461538464
1 0.08533653846153846 0.5564903846153846 0.09735576923076923 0.109375
1 0.14903846153846154 0.5600961538461539 0.06009615384615385 0.08653846153846154
1 0.15384615384615385 0.5540865384615384 0.056490384615384616 0.08413461538461539
1 0.18509615384615385 0.5372596153846154 0.08413461538461539 0.07211538461538461
2 0.18269230769230768 0.5348557692307693 0.02403846153846154 0.08413461538461539
2 0.18870192307692307 0.5384615384615384 0.021634615384615384 0.07451923076923077
1 0.25961538461538464 0.5336538461538461 0.078125 0.04927884615384615
1 0.36899038461538464 0.5504807692307693 0.14423076923076922 0.23197115384615385
1 0.5132211538461539 0.5144230769230769 0.038461538461538464 0.056490384615384616
1 0.8425480769230769 0.5709134615384616 0.2283653846153846 0.21514423076923078