2 0.8509615384615384 0.515625 0.018028846153846152 0.06850961538461539
1 0.0673076923076923 0.5552884615384616 0.09375 0.055288461538461536
1 0.07572115384615384 0.5516826923076923 0.08173076923076923 0.056490384615384616
1 0.24278846153846154 0.546875 0.08173076923076923 0.06971153846153846
7 0.28725961538461536 0.46153846153846156 0.025240384615384616 0.06610576923076923
7 0.28365384615384615 0.4543269230769231 0.013221153846153846 0.038461538461538464
1 0.33774038461538464 0.5372596153846154 0.028846153846153848 0.03485576923076923
1 0.3629807692307692 0.53125 0.056490384615384616 0.055288461538461536
1 0.49759615384615385 0.5288461538461539 0.03485576923076923 0.04447115384615385
1 0.5384615384615384 0.5036057692307693 0.08052884615384616 0.1346153846153846
10 0.5396634615384616 0.5072115384615384 0.06490384615384616 0.12740384615384615
6 0.5324519230769231 0.3701923076923077 0.018028846153846152 0.046875
7 0.5324519230769231 0.3701923076923077 0.013221153846153846 0.03365384615384615
1 0.5769230769230769 0.5192307692307693 0.03485576923076923 0.056490384615384616
4 0.6021634615384616 0.36658653846153844 0.019230769230769232 0.05889423076923077
4 0.6021634615384616 0.36538461538461536 0.015625 0.04326923076923077
1 0.6442307692307693 0.5180288461538461 0.037259615384615384 0.04447115384615385
0 0.6826923076923077 0.5228365384615384 0.019230769230769232 0.055288461538461536
4 0.7091346153846154 0.44591346153846156 0.02403846153846154 0.046875
1 0.7139423076923077 0.5132211538461539 0.03125 0.04326923076923077
4 0.7091346153846154 0.44591346153846156 0.013221153846153846 0.038461538461538464
1 0.7752403846153846 0.5192307692307693 0.09615384615384616 0.05889423076923077
4 0.7560096153846154 0.4026442307692308 0.027644230769230768 0.07211538461538461
4 0.7572115384615384 0.40024038461538464 0.02403846153846154 0.07572115384615384