1 0.09254807692307693 0.5372596153846154 0.06850961538461539 0.055288461538461536
1 0.09615384615384616 0.5360576923076923 0.06971153846153846 0.05889423076923077
1 0.1346153846153846 0.5264423076923077 0.038461538461538464 0.06610576923076923
1 0.13822115384615385 0.5228365384615384 0.038461538461538464 0.055288461538461536
1 0.18990384615384615 0.5084134615384616 0.04927884615384615 0.07572115384615384
1 0.19110576923076922 0.5024038461538461 0.046875 0.06971153846153846
1 0.39903846153846156 0.5420673076923077 0.11298076923076923 0.16346153846153846
6 0.40024038461538464 0.46153846153846156 0.018028846153846152 0.019230769230769232
1 0.45552884615384615 0.5216346153846154 0.056490384615384616 0.10336538461538461
6 0.4987980769230769 0.46274038461538464 0.013221153846153846 0.028846153846153848
1 0.5516826923076923 0.5216346153846154 0.038461538461538464 0.09375
1 0.6009615384615384 0.5336538461538461 0.10096153846153846 0.11778846153846154
1 0.6057692307692307 0.5288461538461539 0.10697115384615384 0.12259615384615384
1 0.7367788461538461 0.5661057692307693 0.2247596153846154 0.18990384615384615