1 0.8882211538461539 0.6370192307692307 0.22115384615384615 0.35096153846153844
1 0.11177884615384616 0.5661057692307693 0.21634615384615385 0.40384615384615385
1 0.24278846153846154 0.5144230769230769 0.04447115384615385 0.052884615384615384
1 0.24639423076923078 0.5096153846153846 0.04326923076923077 0.046875
1 0.34134615384615385 0.4951923076923077 0.03485576923076923 0.038461538461538464
1 0.3389423076923077 0.49759615384615385 0.027644230769230768 0.04326923076923077
1 0.3641826923076923 0.49399038461538464 0.02403846153846154 0.038461538461538464
1 0.41346153846153844 0.49759615384615385 0.056490384615384616 0.07572115384615384
1 0.44350961538461536 0.4879807692307692 0.03485576923076923 0.05048076923076923
1 0.4987980769230769 0.4855769230769231 0.021634615384615384 0.021634615384615384
1 0.5480769230769231 0.4987980769230769 0.03485576923076923 0.05889423076923077
1 0.5709134615384616 0.5012019230769231 0.025240384615384616 0.10576923076923077
1 0.6105769230769231 0.5084134615384616 0.08052884615384616 0.10336538461538461
1 0.6983173076923077 0.49759615384615385 0.08774038461538461 0.06009615384615385
1 0.8197115384615384 0.49759615384615385 0.1622596153846154 0.11298076923076923