10 0.0673076923076923 0.5384615384615384 0.1346153846153846 0.1778846153846154
1 0.14423076923076922 0.5889423076923077 0.08173076923076923 0.06610576923076923
1 0.20432692307692307 0.5817307692307693 0.04927884615384615 0.06490384615384616
1 0.23677884615384615 0.5757211538461539 0.03125 0.055288461538461536
1 0.29086538461538464 0.5745192307692307 0.03125 0.038461538461538464
3 0.32572115384615385 0.25240384615384615 0.025240384615384616 0.078125
1 0.38822115384615385 0.5949519230769231 0.1346153846153846 0.18028846153846154
4 0.4651442307692308 0.28846153846153844 0.02403846153846154 0.06971153846153846
1 0.47596153846153844 0.5552884615384616 0.03125 0.04927884615384615
1 0.7512019230769231 0.5817307692307693 0.34134615384615385 0.3401442307692308
4 0.6550480769230769 0.41346153846153844 0.02403846153846154 0.06610576923076923