1 0.24278846153846154 0.546875 0.04447115384615385 0.046875
1 0.3473557692307692 0.5384615384615384 0.0625 0.046875
7 0.3701923076923077 0.43509615384615385 0.01201923076923077 0.03125
1 0.41346153846153844 0.5372596153846154 0.03125 0.038461538461538464
6 0.41947115384615385 0.43990384615384615 0.013221153846153846 0.038461538461538464
1 0.46634615384615385 0.5324519230769231 0.037259615384615384 0.0625
6 0.46153846153846156 0.4483173076923077 0.013221153846153846 0.028846153846153848
1 0.5012019230769231 0.5384615384615384 0.05048076923076923 0.06971153846153846
3 0.5132211538461539 0.48197115384615385 0.013221153846153846 0.03365384615384615
6 0.6033653846153846 0.4675480769230769 0.013221153846153846 0.04447115384615385
1 0.6225961538461539 0.5228365384615384 0.04326923076923077 0.040865384615384616
1 0.6947115384615384 0.5528846153846154 0.10336538461538461 0.11177884615384616