1 0.14302884615384615 0.5336538461538461 0.052884615384615384 0.06971153846153846
1 0.14302884615384615 0.5240384615384616 0.04326923076923077 0.05048076923076923
1 0.26322115384615385 0.5132211538461539 0.03125 0.040865384615384616
1 0.27163461538461536 0.5132211538461539 0.03365384615384615 0.05048076923076923
1 0.3088942307692308 0.5108173076923077 0.028846153846153848 0.038461538461538464
4 0.43509615384615385 0.40865384615384615 0.019230769230769232 0.03365384615384615
1 0.4483173076923077 0.49759615384615385 0.04326923076923077 0.040865384615384616
4 0.4675480769230769 0.41466346153846156 0.013221153846153846 0.028846153846153848
1 0.5048076923076923 0.5252403846153846 0.08413461538461539 0.10576923076923077
4 0.5540865384615384 0.45072115384615385 0.013221153846153846 0.028846153846153848
1 0.6850961538461539 0.49759615384615385 0.10336538461538461 0.06610576923076923