0 0.021634615384615384 0.5480769230769231 0.03365384615384615 0.08774038461538461
0 0.019230769230769232 0.5432692307692307 0.019230769230769232 0.06971153846153846
2 0.039663461538461536 0.5372596153846154 0.018028846153846152 0.06610576923076923
1 0.12139423076923077 0.53125 0.09375 0.09975961538461539
10 0.12740384615384615 0.5288461538461539 0.09375 0.08774038461538461
1 0.19951923076923078 0.5384615384615384 0.07572115384615384 0.06610576923076923
1 0.1971153846153846 0.5072115384615384 0.06610576923076923 0.04326923076923077
10 0.20072115384615385 0.5144230769230769 0.056490384615384616 0.05048076923076923
10 0.28966346153846156 0.48197115384615385 0.109375 0.17548076923076922
1 0.3581730769230769 0.5204326923076923 0.03365384615384615 0.03485576923076923
1 0.3870192307692308 0.5192307692307693 0.040865384615384616 0.055288461538461536
7 0.42427884615384615 0.31971153846153844 0.019230769230769232 0.055288461538461536
6 0.5 0.3173076923076923 0.021634615384615384 0.0625
1 0.5360576923076923 0.5180288461538461 0.04927884615384615 0.0625
6 0.6442307692307693 0.41225961538461536 0.021634615384615384 0.06490384615384616