10 0.06129807692307692 0.5084134615384616 0.12259615384615384 0.11899038461538461
1 0.09495192307692307 0.5805288461538461 0.12740384615384615 0.1778846153846154
1 0.28846153846153844 0.5925480769230769 0.31850961538461536 0.41586538461538464
3 0.3161057692307692 0.33052884615384615 0.019230769230769232 0.0625
6 0.41346153846153844 0.3269230769230769 0.02403846153846154 0.055288461538461536
6 0.41586538461538464 0.33653846153846156 0.018028846153846152 0.055288461538461536
6 0.49278846153846156 0.3293269230769231 0.025240384615384616 0.06610576923076923
6 0.49278846153846156 0.328125 0.018028846153846152 0.046875
1 0.5216346153846154 0.5192307692307693 0.05048076923076923 0.06610576923076923
1 0.5252403846153846 0.5324519230769231 0.04326923076923077 0.07572115384615384
1 0.6310096153846154 0.5432692307692307 0.046875 0.11778846153846154
1 0.7980769230769231 0.6310096153846154 0.375 0.36177884615384615
6 0.6790865384615384 0.4230769230769231 0.019230769230769232 0.055288461538461536
1 0.9423076923076923 0.5192307692307693 0.08052884615384616 0.06009615384615385
6 0.9326923076923077 0.25721153846153844 0.056490384615384616 0.15985576923076922
2 0.9603365384615384 0.5240384615384616 0.027644230769230768 0.06610576923076923