1 0.9507211538461539 0.5336538461538461 0.09735576923076923 0.09375
1 0.056490384615384616 0.6165865384615384 0.11298076923076923 0.2776442307692308
1 0.17067307692307693 0.546875 0.040865384615384616 0.046875
1 0.171875 0.546875 0.03125 0.03365384615384615
1 0.2127403846153846 0.5432692307692307 0.038461538461538464 0.040865384615384616
1 0.21514423076923078 0.5432692307692307 0.038461538461538464 0.05048076923076923
1 0.29927884615384615 0.5336538461538461 0.10697115384615384 0.125
1 0.25721153846153844 0.5276442307692307 0.018028846153846152 0.04927884615384615
1 0.39302884615384615 0.5252403846153846 0.037259615384615384 0.05048076923076923
1 0.44711538461538464 0.5252403846153846 0.046875 0.0625
1 0.484375 0.5120192307692307 0.040865384615384616 0.07451923076923077
1 0.48197115384615385 0.5144230769230769 0.028846153846153848 0.046875
1 0.5384615384615384 0.5492788461538461 0.10096153846153846 0.11899038461538461
10 0.8257211538461539 0.5168269230769231 0.140625 0.09615384615384616
10 0.8389423076923077 0.5192307692307693 0.10576923076923077 0.08052884615384616
2 0.8257211538461539 0.5348557692307693 0.03125 0.140625
2 0.828125 0.5372596153846154 0.013221153846153846 0.1346153846153846