1 0.07211538461538461 0.625 0.14423076923076922 0.43990384615384615
2 0.17548076923076922 0.5444711538461539 0.02403846153846154 0.07451923076923077
2 0.1935096153846154 0.5456730769230769 0.019230769230769232 0.07211538461538461
1 0.31971153846153844 0.5372596153846154 0.056490384615384616 0.07451923076923077
1 0.3545673076923077 0.53125 0.027644230769230768 0.05048076923076923
1 0.4423076923076923 0.5144230769230769 0.040865384615384616 0.038461538461538464
1 0.4951923076923077 0.5264423076923077 0.038461538461538464 0.09375
1 0.49759615384615385 0.53125 0.038461538461538464 0.078125
1 0.5324519230769231 0.5432692307692307 0.056490384615384616 0.1814903846153846
1 0.6069711538461539 0.5588942307692307 0.15625 0.26802884615384615
1 0.8076923076923077 0.7055288461538461 0.38100961538461536 0.5865384615384616