1 0.08052884615384616 0.5600961538461539 0.06009615384615385 0.06009615384615385
1 0.16947115384615385 0.5552884615384616 0.04447115384615385 0.05048076923076923
1 0.22716346153846154 0.5492788461538461 0.10576923076923077 0.12740384615384615
7 0.35697115384615385 0.1622596153846154 0.027644230769230768 0.078125
1 0.40384615384615385 0.5625 0.08173076923076923 0.11538461538461539
1 0.5180288461538461 0.5444711538461539 0.046875 0.15625
1 0.5961538461538461 0.5552884615384616 0.14423076923076922 0.18389423076923078
4 0.5432692307692307 0.21875 0.027644230769230768 0.078125
1 0.8341346153846154 0.6442307692307693 0.33052884615384615 0.4495192307692308
4 0.6935096153846154 0.2608173076923077 0.03125 0.07572115384615384
4 0.6935096153846154 0.25721153846153844 0.021634615384615384 0.06971153846153846
4 0.8762019230769231 0.3942307692307692 0.02403846153846154 0.05048076923076923