2 0.015625 0.5384615384615384 0.018028846153846152 0.06009615384615385
2 0.040865384615384616 0.5372596153846154 0.019230769230769232 0.06850961538461539
2 0.039663461538461536 0.53125 0.013221153846153846 0.07451923076923077
2 0.04807692307692308 0.5372596153846154 0.018028846153846152 0.08413461538461539
2 0.0673076923076923 0.5360576923076923 0.015625 0.078125
1 0.26802884615384615 0.6394230769230769 0.29447115384615385 0.3245192307692308
6 0.16466346153846154 0.4026442307692308 0.013221153846153846 0.038461538461538464
1 0.40625 0.5384615384615384 0.06610576923076923 0.10096153846153846
2 0.4387019230769231 0.5384615384615384 0.04927884615384615 0.23197115384615385
2 0.4831730769230769 0.5384615384615384 0.06490384615384616 0.20673076923076922
1 0.5528846153846154 0.5324519230769231 0.19110576923076922 0.125
6 0.5048076923076923 0.375 0.018028846153846152 0.056490384615384616
2 0.8713942307692307 0.5240384615384616 0.03485576923076923 0.15865384615384615
2 0.8725961538461539 0.53125 0.03365384615384615 0.17548076923076922