1 0.08653846153846154 0.5024038461538461 0.06009615384615385 0.056490384615384616
1 0.15384615384615385 0.5276442307692307 0.05048076923076923 0.05889423076923077
1 0.15865384615384615 0.5252403846153846 0.05889423076923077 0.06009615384615385
1 0.23197115384615385 0.5348557692307693 0.11298076923076923 0.11778846153846154
6 0.22235576923076922 0.44711538461538464 0.018028846153846152 0.04326923076923077
1 0.29927884615384615 0.5144230769230769 0.040865384615384616 0.056490384615384616
1 0.2980769230769231 0.5144230769230769 0.03125 0.038461538461538464
1 0.34615384615384615 0.5132211538461539 0.06009615384615385 0.07451923076923077
1 0.35336538461538464 0.5108173076923077 0.04326923076923077 0.055288461538461536
6 0.38221153846153844 0.38341346153846156 0.015625 0.037259615384615384
4 0.43509615384615385 0.39302884615384615 0.019230769230769232 0.03125
4 0.5132211538461539 0.4411057692307692 0.013221153846153846 0.03365384615384615
4 0.5516826923076923 0.4206730769230769 0.019230769230769232 0.055288461538461536
4 0.5492788461538461 0.42908653846153844 0.015625 0.028846153846153848
1 0.5925480769230769 0.4795673076923077 0.06490384615384616 0.04326923076923077
1 0.5949519230769231 0.47716346153846156 0.06610576923076923 0.04326923076923077
1 0.6430288461538461 0.47716346153846156 0.03125 0.04326923076923077
1 0.6862980769230769 0.4735576923076923 0.046875 0.046875
1 0.7151442307692307 0.47596153846153844 0.040865384615384616 0.040865384615384616