2 0.013221153846153846 0.5552884615384616 0.025240384615384616 0.10096153846153846
1 0.11057692307692307 0.5649038461538461 0.09134615384615384 0.11298076923076923
1 0.20552884615384615 0.5540865384615384 0.11778846153846154 0.12860576923076922
1 0.2668269230769231 0.53125 0.04326923076923077 0.10697115384615384
1 0.38341346153846156 0.5024038461538461 0.019230769230769232 0.019230769230769232
1 0.41586538461538464 0.5024038461538461 0.019230769230769232 0.02403846153846154
1 0.43509615384615385 0.49759615384615385 0.027644230769230768 0.04326923076923077
1 0.49278846153846156 0.5192307692307693 0.078125 0.11538461538461539
1 0.8100961538461539 0.5216346153846154 0.37740384615384615 0.203125
2 0.6766826923076923 0.46875 0.027644230769230768 0.07451923076923077
2 0.7271634615384616 0.4567307692307692 0.04447115384615385 0.078125