1 0.10697115384615384 0.53125 0.06490384615384616 0.05889423076923077
1 0.11658653846153846 0.5420673076923077 0.06490384615384616 0.05048076923076923
1 0.11658653846153846 0.5372596153846154 0.04326923076923077 0.06610576923076923
1 0.203125 0.5264423076923077 0.078125 0.09375
1 0.24158653846153846 0.5288461538461539 0.028846153846153848 0.056490384615384616
1 0.2704326923076923 0.5228365384615384 0.040865384615384616 0.052884615384615384
1 0.4254807692307692 0.5432692307692307 0.125 0.16826923076923078
1 0.7884615384615384 0.5192307692307693 0.14302884615384615 0.09615384615384616
2 0.7451923076923077 0.5228365384615384 0.03485576923076923 0.13822115384615385
2 0.7560096153846154 0.5192307692307693 0.015625 0.09134615384615384
1 0.8978365384615384 0.5372596153846154 0.09615384615384616 0.1310096153846154