1 0.40024038461538464 0.5336538461538461 0.025240384615384616 0.037259615384615384
1 0.040865384615384616 0.5877403846153846 0.08173076923076923 0.17067307692307693
1 0.6045673076923077 0.5456730769230769 0.10697115384615384 0.1346153846153846
1 0.6490384615384616 0.5649038461538461 0.1346153846153846 0.15625
1 0.7091346153846154 0.5709134615384616 0.1346153846153846 0.18028846153846154
1 0.8100961538461539 0.5625 0.26322115384615385 0.26802884615384615
1 0.90625 0.6177884615384616 0.18389423076923078 0.34375
2 0.5456730769230769 0.5396634615384616 0.018028846153846152 0.10576923076923077
1 0.14302884615384615 0.6009615384615384 0.21634615384615385 0.203125
1 0.24278846153846154 0.5528846153846154 0.06610576923076923 0.08653846153846154
1 0.3076923076923077 0.5492788461538461 0.08413461538461539 0.09975961538461539
1 0.4543269230769231 0.5384615384615384 0.05048076923076923 0.06610576923076923