1 0.08774038461538461 0.5120192307692307 0.17548076923076922 0.1466346153846154
1 0.25961538461538464 0.5024038461538461 0.15865384615384615 0.15625
6 0.26322115384615385 0.3269230769230769 0.018028846153846152 0.04326923076923077
7 0.2668269230769231 0.328125 0.018028846153846152 0.046875
6 0.3161057692307692 0.3233173076923077 0.018028846153846152 0.040865384615384616
7 0.32211538461538464 0.3269230769230769 0.019230769230769232 0.052884615384615384
1 0.4963942307692308 0.5757211538461539 0.2403846153846154 0.29927884615384615
6 0.39903846153846156 0.31971153846153844 0.015625 0.04447115384615385
6 0.44591346153846156 0.3233173076923077 0.021634615384615384 0.046875
6 0.5709134615384616 0.37740384615384615 0.019230769230769232 0.03485576923076923
1 0.8125 0.4567307692307692 0.13822115384615385 0.06850961538461539
1 0.8197115384615384 0.4543269230769231 0.12139423076923077 0.06610576923076923