1 0.3858173076923077 0.5180288461538461 0.013221153846153846 0.015625
10 0.06850961538461539 0.5228365384615384 0.12139423076923077 0.08173076923076923
1 0.14543269230769232 0.5769230769230769 0.1466346153846154 0.140625
2 0.21634615384615385 0.5372596153846154 0.021634615384615384 0.0625
6 0.3605769230769231 0.20192307692307693 0.03485576923076923 0.08653846153846154
1 0.43509615384615385 0.5252403846153846 0.06490384615384616 0.06490384615384616
6 0.5997596153846154 0.359375 0.027644230769230768 0.08774038461538461
2 0.7439903846153846 0.5324519230769231 0.05889423076923077 0.16826923076923078
2 0.7872596153846154 0.5204326923076923 0.025240384615384616 0.1346153846153846
2 0.8197115384615384 0.5504807692307693 0.040865384615384616 0.19110576923076922
2 0.8834134615384616 0.5420673076923077 0.05048076923076923 0.1875
3 0.9555288461538461 0.08774038461538461 0.08413461538461539 0.171875