10 0.06370192307692307 0.4831730769230769 0.12740384615384615 0.18389423076923078
1 0.1141826923076923 0.5637019230769231 0.109375 0.11298076923076923
1 0.1778846153846154 0.47716346153846156 0.12860576923076922 0.12860576923076922
1 0.2860576923076923 0.625 0.296875 0.34975961538461536
1 0.38341346153846156 0.49759615384615385 0.15865384615384615 0.2620192307692308
1 0.4338942307692308 0.5192307692307693 0.07572115384615384 0.25961538461538464
1 0.5096153846153846 0.5384615384615384 0.05889423076923077 0.08653846153846154
1 0.53125 0.5336538461538461 0.028846153846153848 0.109375
1 0.5721153846153846 0.5252403846153846 0.08413461538461539 0.16346153846153846
1 0.6538461538461539 0.5576923076923077 0.17548076923076922 0.18509615384615385
10 0.7475961538461539 0.47596153846153844 0.11177884615384616 0.19951923076923078
1 0.7536057692307693 0.4831730769230769 0.10697115384615384 0.18389423076923078