10 0.02283653846153846 0.4951923076923077 0.04447115384615385 0.10697115384615384
1 0.12379807692307693 0.5048076923076923 0.09134615384615384 0.09014423076923077
3 0.14302884615384615 0.23197115384615385 0.021634615384615384 0.06610576923076923
1 0.38822115384615385 0.6682692307692307 0.48197115384615385 0.5252403846153846
1 0.19831730769230768 0.5072115384615384 0.06490384615384616 0.06009615384615385
1 0.23076923076923078 0.4891826923076923 0.056490384615384616 0.078125
6 0.31009615384615385 0.22355769230769232 0.021634615384615384 0.06971153846153846
3 0.45072115384615385 0.23557692307692307 0.025240384615384616 0.08173076923076923
6 0.6694711538461539 0.3629807692307692 0.027644230769230768 0.06009615384615385
6 0.6694711538461539 0.35096153846153844 0.013221153846153846 0.038461538461538464
6 0.9555288461538461 0.078125 0.07451923076923077 0.1502403846153846
6 0.953125 0.06610576923076923 0.04567307692307692 0.13221153846153846