2 0.009615384615384616 0.5408653846153846 0.019230769230769232 0.16346153846153846
2 0.028846153846153848 0.5252403846153846 0.021634615384615384 0.056490384615384616
2 0.0625 0.5336538461538461 0.040865384615384616 0.1814903846153846
2 0.12379807692307693 0.5216346153846154 0.018028846153846152 0.0625
2 0.15504807692307693 0.5180288461538461 0.01201923076923077 0.055288461538461536
6 0.18870192307692307 0.41346153846153844 0.013221153846153846 0.038461538461538464
1 0.25600961538461536 0.5288461538461539 0.040865384615384616 0.05048076923076923
1 0.25600961538461536 0.5336538461538461 0.040865384615384616 0.055288461538461536
1 0.33653846153846156 0.5697115384615384 0.15865384615384615 0.1935096153846154
1 0.40384615384615385 0.5048076923076923 0.03485576923076923 0.06971153846153846
2 0.4254807692307692 0.5324519230769231 0.03125 0.1310096153846154
6 0.47596153846153844 0.38461538461538464 0.015625 0.052884615384615384
2 0.5276442307692307 0.5288461538461539 0.03365384615384615 0.11899038461538461
2 0.5516826923076923 0.5132211538461539 0.037259615384615384 0.140625
2 0.5552884615384616 0.5204326923076923 0.037259615384615384 0.12860576923076922
2 0.6346153846153846 0.5348557692307693 0.02403846153846154 0.09014423076923077
2 0.8834134615384616 0.4567307692307692 0.038461538461538464 0.10096153846153846
2 0.9026442307692307 0.4675480769230769 0.038461538461538464 0.11177884615384616