1 0.09975961538461539 0.5336538461538461 0.19951923076923078 0.5372596153846154
1 0.06009615384615385 0.49759615384615385 0.07211538461538461 0.09735576923076923
1 0.19471153846153846 0.43990384615384615 0.15384615384615385 0.10697115384615384
1 0.25 0.5444711538461539 0.1502403846153846 0.15384615384615385
7 0.24759615384615385 0.35096153846153844 0.02403846153846154 0.0625
3 0.24759615384615385 0.35336538461538464 0.019230769230769232 0.05048076923076923
3 0.30528846153846156 0.35697115384615385 0.019230769230769232 0.06610576923076923
1 0.3581730769230769 0.5120192307692307 0.04326923076923077 0.07572115384615384
1 0.46274038461538464 0.5552884615384616 0.19471153846153846 0.23677884615384615
4 0.38221153846153844 0.3605769230769231 0.019230769230769232 0.056490384615384616
3 0.3858173076923077 0.3557692307692308 0.018028846153846152 0.046875
4 0.44471153846153844 0.3629807692307692 0.03365384615384615 0.07572115384615384
6 0.44471153846153844 0.35336538461538464 0.018028846153846152 0.05048076923076923
4 0.5649038461538461 0.43028846153846156 0.018028846153846152 0.0625
4 0.5685096153846154 0.41947115384615385 0.018028846153846152 0.04447115384615385
1 0.765625 0.5144230769230769 0.03125 0.07451923076923077
1 0.7788461538461539 0.5036057692307693 0.055288461538461536 0.06850961538461539
1 0.8641826923076923 0.5336538461538461 0.2091346153846154 0.2439903846153846