1 0.07451923076923077 0.5516826923076923 0.07451923076923077 0.052884615384615384
1 0.14903846153846154 0.5552884615384616 0.052884615384615384 0.046875
1 0.14543269230769232 0.5528846153846154 0.040865384615384616 0.05048076923076923
1 0.18028846153846154 0.546875 0.021634615384615384 0.05048076923076923
1 0.38822115384615385 0.5817307692307693 0.16346153846153846 0.19951923076923078
1 0.46274038461538464 0.5264423076923077 0.04326923076923077 0.08413461538461539
1 0.5348557692307693 0.5240384615384616 0.040865384615384616 0.05048076923076923
1 0.5709134615384616 0.5180288461538461 0.040865384615384616 0.06490384615384616
10 0.5661057692307693 0.5180288461538461 0.03125 0.05048076923076923
1 0.6622596153846154 0.5384615384615384 0.06610576923076923 0.08052884615384616
1 0.8293269230769231 0.5240384615384616 0.03485576923076923 0.038461538461538464
1 0.9338942307692307 0.5240384615384616 0.08052884615384616 0.0625