1 0.11057692307692307 0.5300480769230769 0.08052884615384616 0.11298076923076923
1 0.11177884615384616 0.5288461538461539 0.078125 0.09975961538461539
1 0.18509615384615385 0.515625 0.09375 0.08173076923076923
1 0.18509615384615385 0.5180288461538461 0.09134615384615384 0.09615384615384616
1 0.2548076923076923 0.5036057692307693 0.07451923076923077 0.10576923076923077
1 0.25600961538461536 0.5 0.06850961538461539 0.06971153846153846
1 0.29927884615384615 0.5036057692307693 0.03485576923076923 0.0625
1 0.29927884615384615 0.5084134615384616 0.03485576923076923 0.05889423076923077
1 0.3004807692307692 0.5024038461538461 0.037259615384615384 0.06009615384615385
1 0.36778846153846156 0.49399038461538464 0.03125 0.040865384615384616
1 0.5528846153846154 0.49038461538461536 0.04927884615384615 0.07451923076923077
1 0.5817307692307693 0.49759615384615385 0.056490384615384616 0.08653846153846154
1 0.6358173076923077 0.5072115384615384 0.08173076923076923 0.08173076923076923
1 0.8858173076923077 0.5504807692307693 0.21514423076923078 0.21153846153846154