10 0.1971153846153846 0.26802884615384615 0.37740384615384615 0.5348557692307693
10 0.31850961538461536 0.49038461538461536 0.1346153846153846 0.13701923076923078
2 0.2668269230769231 0.5048076923076923 0.021634615384615384 0.05048076923076923
2 0.2776442307692308 0.5036057692307693 0.019230769230769232 0.07211538461538461
2 0.30528846153846156 0.49759615384615385 0.03365384615384615 0.10096153846153846
2 0.3016826923076923 0.49759615384615385 0.021634615384615384 0.11899038461538461
2 0.34615384615384615 0.4963942307692308 0.025240384615384616 0.08774038461538461
2 0.35096153846153844 0.5 0.027644230769230768 0.08413461538461539
1 0.47836538461538464 0.5024038461538461 0.037259615384615384 0.04927884615384615
1 0.5396634615384616 0.5084134615384616 0.10336538461538461 0.1310096153846154
3 0.5300480769230769 0.4362980769230769 0.019230769230769232 0.046875
1 0.6310096153846154 0.5144230769230769 0.05048076923076923 0.06610576923076923
1 0.6286057692307693 0.5144230769230769 0.037259615384615384 0.06610576923076923
10 0.7992788461538461 0.46153846153846156 0.31490384615384615 0.42788461538461536