1 0.234375 0.5132211538461539 0.12860576923076922 0.1346153846153846
1 0.3112980769230769 0.49399038461538464 0.06009615384615385 0.078125
1 0.31850961538461536 0.49278846153846156 0.06009615384615385 0.08052884615384616
1 0.37740384615384615 0.48197115384615385 0.040865384615384616 0.05048076923076923
1 0.3798076923076923 0.48197115384615385 0.040865384615384616 0.06610576923076923
1 0.47115384615384615 0.47475961538461536 0.03365384615384615 0.052884615384615384
1 0.5036057692307693 0.4723557692307692 0.03125 0.04447115384615385
1 0.5709134615384616 0.4831730769230769 0.027644230769230768 0.06971153846153846
1 0.59375 0.49278846153846156 0.025240384615384616 0.07211538461538461
1 0.6262019230769231 0.4891826923076923 0.05889423076923077 0.07211538461538461
1 0.7067307692307693 0.5084134615384616 0.12740384615384615 0.15384615384615385
2 0.8064903846153846 0.49759615384615385 0.03485576923076923 0.10576923076923077