1 0.030048076923076924 0.5516826923076923 0.06009615384615385 0.07572115384615384
1 0.08774038461538461 0.546875 0.08774038461538461 0.06610576923076923
1 0.171875 0.5252403846153846 0.06009615384615385 0.06490384615384616
1 0.23918269230769232 0.5240384615384616 0.04326923076923077 0.05048076923076923
4 0.33774038461538464 0.38461538461538464 0.02403846153846154 0.06971153846153846
1 0.43149038461538464 0.53125 0.056490384615384616 0.07451923076923077
4 0.5288461538461539 0.38341346153846156 0.018028846153846152 0.06610576923076923
2 0.6574519230769231 0.5096153846153846 0.025240384615384616 0.09375
2 0.8822115384615384 0.5084134615384616 0.037259615384615384 0.12139423076923077
0 0.9098557692307693 0.49759615384615385 0.040865384615384616 0.08653846153846154
0 0.9038461538461539 0.48197115384615385 0.02403846153846154 0.06610576923076923
1 0.9495192307692307 0.5144230769230769 0.09735576923076923 0.09975961538461539