1 0.2091346153846154 0.5132211538461539 0.040865384615384616 0.08653846153846154
1 0.23918269230769232 0.5084134615384616 0.040865384615384616 0.078125
2 0.4735576923076923 0.49278846153846156 0.01201923076923077 0.056490384615384616
1 0.48677884615384615 0.5024038461538461 0.015625 0.056490384615384616
1 0.5132211538461539 0.49759615384615385 0.037259615384615384 0.08653846153846154
1 0.53125 0.5024038461538461 0.040865384615384616 0.07451923076923077
2 0.8930288461538461 0.4879807692307692 0.03365384615384615 0.140625
2 0.8521634615384616 0.5 0.028846153846153848 0.13701923076923078
1 0.12259615384615384 0.5360576923076923 0.15865384615384615 0.09975961538461539
2 0.12139423076923077 0.6225961538461539 0.11899038461538461 0.5432692307692307
1 0.3004807692307692 0.5132211538461539 0.06971153846153846 0.08774038461538461
1 0.35336538461538464 0.5012019230769231 0.05048076923076923 0.055288461538461536
1 0.41466346153846156 0.5096153846153846 0.0625 0.08774038461538461
2 0.7139423076923077 0.5192307692307693 0.04447115384615385 0.09975961538461539
2 0.7079326923076923 0.4639423076923077 0.028846153846153848 0.0625
2 0.7355769230769231 0.5084134615384616 0.046875 0.15985576923076922
2 0.7680288461538461 0.4963942307692308 0.02403846153846154 0.14423076923076922
2 0.8197115384615384 0.5084134615384616 0.04326923076923077 0.13822115384615385
2 0.9326923076923077 0.5252403846153846 0.03365384615384615 0.11298076923076923
2 0.96875 0.5024038461538461 0.04447115384615385 0.15625