1 0.12139423076923077 0.5492788461538461 0.09375 0.08413461538461539
1 0.12139423076923077 0.5432692307692307 0.08413461538461539 0.06971153846153846
1 0.15264423076923078 0.5252403846153846 0.02403846153846154 0.038461538461538464
1 0.26802884615384615 0.5168269230769231 0.028846153846153848 0.05048076923076923
1 0.26802884615384615 0.5204326923076923 0.027644230769230768 0.04447115384615385
7 0.32572115384615385 0.37259615384615385 0.018028846153846152 0.03485576923076923
7 0.328125 0.38100961538461536 0.018028846153846152 0.040865384615384616
1 0.33653846153846156 0.5264423076923077 0.03365384615384615 0.056490384615384616
1 0.37259615384615385 0.53125 0.05889423076923077 0.07211538461538461
1 0.37259615384615385 0.5384615384615384 0.056490384615384616 0.07451923076923077
6 0.39903846153846156 0.38100961538461536 0.013221153846153846 0.038461538461538464
6 0.40024038461538464 0.38221153846153844 0.018028846153846152 0.038461538461538464
1 0.46274038461538464 0.5252403846153846 0.04326923076923077 0.08653846153846154
6 0.46033653846153844 0.40024038461538464 0.01201923076923077 0.03485576923076923
6 0.46274038461538464 0.40024038461538464 0.013221153846153846 0.038461538461538464
1 0.5084134615384616 0.5384615384615384 0.08413461538461539 0.10336538461538461
3 0.5336538461538461 0.44591346153846156 0.013221153846153846 0.03485576923076923
1 0.5841346153846154 0.5084134615384616 0.09375 0.10576923076923077
1 0.5829326923076923 0.5192307692307693 0.08052884615384616 0.10697115384615384
1 0.7163461538461539 0.5492788461538461 0.13701923076923078 0.1310096153846154
6 0.7307692307692307 0.4050480769230769 0.025240384615384616 0.08052884615384616
6 0.7319711538461539 0.40865384615384615 0.021634615384615384 0.05048076923076923