1 0.04567307692307692 0.5685096153846154 0.09134615384615384 0.13221153846153846
1 0.12139423076923077 0.5552884615384616 0.09975961538461539 0.08173076923076923
2 0.9711538461538461 0.5168269230769231 0.021634615384615384 0.12860576923076922
7 0.18028846153846154 0.43990384615384615 0.025240384615384616 0.06610576923076923
7 0.1778846153846154 0.43509615384615385 0.013221153846153846 0.038461538461538464
1 0.28846153846153844 0.5252403846153846 0.06490384615384616 0.04927884615384615
1 0.3798076923076923 0.53125 0.056490384615384616 0.05889423076923077
1 0.38221153846153844 0.5324519230769231 0.052884615384615384 0.05889423076923077
1 0.45072115384615385 0.5276442307692307 0.05048076923076923 0.05889423076923077
1 0.47836538461538464 0.5228365384615384 0.04326923076923077 0.055288461538461536
1 0.4795673076923077 0.5240384615384616 0.03485576923076923 0.055288461538461536
6 0.4891826923076923 0.32091346153846156 0.018028846153846152 0.046875
7 0.49038461538461536 0.328125 0.013221153846153846 0.03365384615384615
10 0.5336538461538461 0.5024038461538461 0.06490384615384616 0.12740384615384615
1 0.5360576923076923 0.5024038461538461 0.06850961538461539 0.12139423076923077
1 0.5745192307692307 0.5132211538461539 0.03485576923076923 0.056490384615384616
4 0.5757211538461539 0.3245192307692308 0.019230769230769232 0.05889423076923077
4 0.5745192307692307 0.31971153846153844 0.015625 0.04927884615384615
1 0.6490384615384616 0.5084134615384616 0.037259615384615384 0.04447115384615385
0 0.6706730769230769 0.5144230769230769 0.019230769230769232 0.055288461538461536
4 0.7079326923076923 0.42788461538461536 0.021634615384615384 0.07211538461538461
4 0.7079326923076923 0.4230769230769231 0.013221153846153846 0.038461538461538464
1 0.7980769230769231 0.5120192307692307 0.11899038461538461 0.07451923076923077
4 0.8521634615384616 0.32572115384615385 0.038461538461538464 0.10576923076923077
4 0.8545673076923077 0.33533653846153844 0.025240384615384616 0.07451923076923077