1 0.030048076923076924 0.5444711538461539 0.06009615384615385 0.06009615384615385
1 0.08413461538461539 0.5612980769230769 0.06490384615384616 0.07572115384615384
1 0.12259615384615384 0.546875 0.03485576923076923 0.038461538461538464
1 0.12379807692307693 0.5444711538461539 0.025240384615384616 0.04326923076923077
1 0.18028846153846154 0.5552884615384616 0.11899038461538461 0.14302884615384615
1 0.24278846153846154 0.5240384615384616 0.037259615384615384 0.055288461538461536
1 0.3954326923076923 0.5444711538461539 0.06850961538461539 0.09014423076923077
1 0.4951923076923077 0.5372596153846154 0.05889423076923077 0.11778846153846154
1 0.5709134615384616 0.5444711538461539 0.12259615384615384 0.14302884615384615
4 0.5709134615384616 0.13942307692307693 0.037259615384615384 0.07451923076923077
1 0.7379807692307693 0.5913461538461539 0.2848557692307692 0.28125
4 0.7668269230769231 0.18629807692307693 0.027644230769230768 0.07572115384615384
4 0.7692307692307693 0.1971153846153846 0.03125 0.07451923076923077
1 0.8665865384615384 0.546875 0.10697115384615384 0.16346153846153846