0 0.6646634615384616 0.49278846153846156 0.01201923076923077 0.037259615384615384
3 0.07091346153846154 0.08533653846153846 0.109375 0.15625
1 0.17427884615384615 0.5192307692307693 0.15384615384615385 0.12740384615384615
10 0.29927884615384615 0.47716346153846156 0.10336538461538461 0.08173076923076923
1 0.35336538461538464 0.5060096153846154 0.06971153846153846 0.078125
1 0.35697115384615385 0.5060096153846154 0.06850961538461539 0.06610576923076923
1 0.4326923076923077 0.49278846153846156 0.046875 0.040865384615384616
1 0.4567307692307692 0.4951923076923077 0.018028846153846152 0.03365384615384615
1 0.4795673076923077 0.4963942307692308 0.03485576923076923 0.038461538461538464
1 0.48197115384615385 0.5 0.02403846153846154 0.03365384615384615
3 0.5697115384615384 0.028846153846153848 0.027644230769230768 0.056490384615384616
3 0.5661057692307693 0.3605769230769231 0.015625 0.052884615384615384
3 0.6526442307692307 0.3557692307692308 0.015625 0.04326923076923077
1 0.7427884615384616 0.5024038461538461 0.08774038461538461 0.11538461538461539
4 0.7259615384615384 0.41346153846153844 0.015625 0.046875
1 0.7944711538461539 0.49278846153846156 0.0625 0.109375
3 0.8004807692307693 0.07451923076923077 0.027644230769230768 0.09134615384615384
1 0.8762019230769231 0.5132211538461539 0.16947115384615385 0.15264423076923078
1 0.9759615384615384 0.5168269230769231 0.03485576923076923 0.15384615384615385