1 0.03485576923076923 0.5492788461538461 0.05889423076923077 0.07451923076923077
1 0.17548076923076922 0.5324519230769231 0.06490384615384616 0.04927884615384615
1 0.18028846153846154 0.5372596153846154 0.06490384615384616 0.04326923076923077
1 0.4110576923076923 0.5432692307692307 0.10336538461538461 0.12860576923076922
1 0.4543269230769231 0.53125 0.02403846153846154 0.06971153846153846
1 0.45552884615384615 0.5336538461538461 0.025240384615384616 0.07572115384615384
1 0.5384615384615384 0.5408653846153846 0.06009615384615385 0.078125
1 0.5697115384615384 0.5540865384615384 0.040865384615384616 0.10336538461538461
1 0.5757211538461539 0.5456730769230769 0.04927884615384615 0.10576923076923077
1 0.6370192307692307 0.5540865384615384 0.11899038461538461 0.140625
1 0.6382211538461539 0.5528846153846154 0.11538461538461539 0.125
1 0.8425480769230769 0.5805288461538461 0.3088942307692308 0.35697115384615385
1 0.7992788461538461 0.5709134615384616 0.21875 0.31009615384615385