1 0.056490384615384616 0.5372596153846154 0.11298076923076923 0.15264423076923078
1 0.2764423076923077 0.5144230769230769 0.06490384615384616 0.08052884615384616
1 0.28125 0.5120192307692307 0.0625 0.05048076923076923
1 0.3605769230769231 0.5084134615384616 0.06490384615384616 0.07451923076923077
1 0.3605769230769231 0.5072115384615384 0.06009615384615385 0.0625
1 0.4110576923076923 0.49759615384615385 0.040865384615384616 0.04326923076923077
1 0.41346153846153844 0.49759615384615385 0.040865384615384616 0.04447115384615385
1 0.44591346153846156 0.49278846153846156 0.025240384615384616 0.038461538461538464
1 0.47836538461538464 0.4831730769230769 0.019230769230769232 0.037259615384615384
1 0.5552884615384616 0.5264423076923077 0.12259615384615384 0.15384615384615385
1 0.6057692307692307 0.5048076923076923 0.03365384615384615 0.06971153846153846