1 0.038461538461538464 0.5396634615384616 0.05048076923076923 0.04326923076923077
1 0.11899038461538461 0.5372596153846154 0.052884615384615384 0.06971153846153846
1 0.15865384615384615 0.5384615384615384 0.037259615384615384 0.04447115384615385
1 0.15745192307692307 0.5408653846153846 0.028846153846153848 0.04927884615384615
1 0.1778846153846154 0.5336538461538461 0.037259615384615384 0.038461538461538464
1 0.3737980769230769 0.5336538461538461 0.09375 0.12860576923076922
7 0.3737980769230769 0.45913461538461536 0.019230769230769232 0.028846153846153848
7 0.3713942307692308 0.46274038461538464 0.013221153846153846 0.03125
1 0.43509615384615385 0.5336538461538461 0.037259615384615384 0.08653846153846154
6 0.4362980769230769 0.43028846153846156 0.015625 0.040865384615384616
6 0.4362980769230769 0.4254807692307692 0.01201923076923077 0.028846153846153848
6 0.46274038461538464 0.46875 0.013221153846153846 0.04927884615384615
6 0.46153846153846156 0.4639423076923077 0.01201923076923077 0.028846153846153848
6 0.5084134615384616 0.44350961538461536 0.018028846153846152 0.056490384615384616
6 0.5072115384615384 0.4411057692307692 0.01201923076923077 0.037259615384615384
1 0.5336538461538461 0.5144230769230769 0.038461538461538464 0.038461538461538464
1 0.5877403846153846 0.5384615384615384 0.10336538461538461 0.11899038461538461
1 0.6346153846153846 0.5012019230769231 0.06850961538461539 0.0625
1 0.7992788461538461 0.5649038461538461 0.2848557692307692 0.28846153846153844