1 0.13942307692307693 0.5360576923076923 0.03485576923076923 0.05048076923076923
1 0.11177884615384616 0.5408653846153846 0.037259615384615384 0.05048076923076923
1 0.07932692307692307 0.5444711538461539 0.05048076923076923 0.046875
1 0.030048076923076924 0.5528846153846154 0.06009615384615385 0.057692307692307696
1 0.16466346153846154 0.5348557692307693 0.03125 0.055288461538461536
1 0.16466346153846154 0.5336538461538461 0.028846153846153848 0.046875
1 0.21634615384615385 0.5384615384615384 0.07211538461538461 0.08413461538461539
1 0.21875 0.5372596153846154 0.07451923076923077 0.06850961538461539
1 0.33653846153846156 0.5240384615384616 0.046875 0.03485576923076923
1 0.39783653846153844 0.5192307692307693 0.037259615384615384 0.056490384615384616
1 0.43509615384615385 0.5180288461538461 0.03125 0.056490384615384616
1 0.48677884615384615 0.5180288461538461 0.04326923076923077 0.055288461538461536
1 0.5372596153846154 0.5384615384615384 0.09375 0.12259615384615384
1 0.6057692307692307 0.5108173076923077 0.055288461538461536 0.08774038461538461
10 0.6045673076923077 0.5096153846153846 0.052884615384615384 0.078125
1 0.7163461538461539 0.5552884615384616 0.11899038461538461 0.11899038461538461