2 0.9026442307692307 0.47115384615384615 0.018028846153846152 0.06490384615384616
2 0.7728365384615384 0.47475961538461536 0.009615384615384616 0.038461538461538464
1 0.109375 0.49399038461538464 0.055288461538461536 0.05048076923076923
1 0.12740384615384615 0.4855769230769231 0.06610576923076923 0.055288461538461536
6 0.234375 0.3557692307692308 0.055288461538461536 0.15865384615384615
6 0.23677884615384615 0.33413461538461536 0.052884615384615384 0.13822115384615385
1 0.27283653846153844 0.48197115384615385 0.11899038461538461 0.10576923076923077
1 0.4651442307692308 0.49278846153846156 0.07572115384615384 0.046875
1 0.4675480769230769 0.4951923076923077 0.06610576923076923 0.056490384615384616
1 0.5264423076923077 0.47475961538461536 0.056490384615384616 0.05048076923076923
1 0.5913461538461539 0.47836538461538464 0.078125 0.056490384615384616
1 0.5913461538461539 0.4807692307692308 0.07572115384615384 0.0625
7 0.5697115384615384 0.09615384615384616 0.02403846153846154 0.055288461538461536
7 0.5733173076923077 0.10216346153846154 0.019230769230769232 0.0625
6 0.5769230769230769 0.36538461538461536 0.015625 0.046875
6 0.5805288461538461 0.3641826923076923 0.015625 0.038461538461538464
6 0.6574519230769231 0.3581730769230769 0.015625 0.038461538461538464
6 0.6574519230769231 0.3605769230769231 0.013221153846153846 0.038461538461538464
6 0.7223557692307693 0.4050480769230769 0.013221153846153846 0.027644230769230768
6 0.7235576923076923 0.41346153846153844 0.018028846153846152 0.038461538461538464
6 0.7463942307692307 0.1622596153846154 0.021634615384615384 0.06971153846153846
6 0.7487980769230769 0.1502403846153846 0.021634615384615384 0.0625
1 0.9002403846153846 0.6286057692307693 0.19471153846153846 0.43509615384615385
1 0.9014423076923077 0.6105769230769231 0.1935096153846154 0.46274038461538464
6 0.9579326923076923 0.3389423076923077 0.02403846153846154 0.08173076923076923
2 0.9927884615384616 0.5108173076923077 0.013221153846153846 0.078125