3 0.06490384615384616 0.0673076923076923 0.07572115384615384 0.125
1 0.125 0.5132211538461539 0.09735576923076923 0.04447115384615385
1 0.21394230769230768 0.5144230769230769 0.06490384615384616 0.078125
1 0.23076923076923078 0.5084134615384616 0.08173076923076923 0.08653846153846154
1 0.26322115384615385 0.5252403846153846 0.10336538461538461 0.078125
1 0.3329326923076923 0.5120192307692307 0.07572115384615384 0.08413461538461539
1 0.47475961538461536 0.5024038461538461 0.04326923076923077 0.037259615384615384
1 0.47475961538461536 0.4951923076923077 0.027644230769230768 0.037259615384615384
3 0.5733173076923077 0.030048076923076924 0.027644230769230768 0.056490384615384616
6 0.5661057692307693 0.3641826923076923 0.013221153846153846 0.040865384615384616
6 0.6538461538461539 0.3581730769230769 0.018028846153846152 0.05048076923076923
6 0.6526442307692307 0.35697115384615385 0.009615384615384616 0.038461538461538464
6 0.7283653846153846 0.41947115384615385 0.013221153846153846 0.04927884615384615
6 0.8016826923076923 0.07692307692307693 0.027644230769230768 0.09014423076923077