1 0.037259615384615384 0.5192307692307693 0.07451923076923077 0.09615384615384616
1 0.008413461538461538 0.5997596153846154 0.013221153846153846 0.11899038461538461
1 0.04447115384615385 0.5360576923076923 0.08052884615384616 0.16346153846153846
1 0.09615384615384616 0.578125 0.12860576923076922 0.17427884615384615
1 0.2848557692307692 0.5877403846153846 0.32211538461538464 0.4098557692307692
3 0.3161057692307692 0.328125 0.019230769230769232 0.06009615384615385
6 0.41346153846153844 0.32572115384615385 0.021634615384615384 0.05048076923076923
6 0.49158653846153844 0.3269230769230769 0.021634615384615384 0.0625
1 0.49759615384615385 0.515625 0.019230769230769232 0.038461538461538464
1 0.5384615384615384 0.4951923076923077 0.08774038461538461 0.12740384615384615
10 0.5396634615384616 0.49158653846153844 0.08653846153846154 0.1310096153846154
1 0.7992788461538461 0.6334134615384616 0.37740384615384615 0.36778846153846156
1 0.6358173076923077 0.5432692307692307 0.04447115384615385 0.11778846153846154
6 0.6790865384615384 0.4182692307692308 0.018028846153846152 0.05048076923076923
6 0.9302884615384616 0.25600961538461536 0.056490384615384616 0.1622596153846154
1 0.9423076923076923 0.5192307692307693 0.08052884615384616 0.06009615384615385
2 0.9519230769230769 0.5168269230769231 0.028846153846153848 0.06009615384615385