2 0.6237980769230769 0.5 0.01201923076923077 0.040865384615384616
2 0.5757211538461539 0.5036057692307693 0.01201923076923077 0.04326923076923077
2 0.5096153846153846 0.5108173076923077 0.01201923076923077 0.04447115384615385
1 0.06490384615384616 0.5336538461538461 0.12860576923076922 0.17548076923076922
6 0.11177884615384616 0.4699519230769231 0.019230769230769232 0.04326923076923077
6 0.11177884615384616 0.46875 0.01201923076923077 0.028846153846153848
1 0.16105769230769232 0.5384615384615384 0.06490384615384616 0.09134615384615384
1 0.2283653846153846 0.53125 0.06490384615384616 0.078125
7 0.33533653846153844 0.36177884615384615 0.013221153846153846 0.038461538461538464
7 0.3401442307692308 0.36658653846153844 0.013221153846153846 0.03485576923076923
1 0.41466346153846156 0.5240384615384616 0.055288461538461536 0.06971153846153846
6 0.40384615384615385 0.3629807692307692 0.01201923076923077 0.03365384615384615
1 0.4675480769230769 0.5144230769230769 0.052884615384615384 0.04927884615384615
6 0.5072115384615384 0.43990384615384615 0.013221153846153846 0.038461538461538464
6 0.5649038461538461 0.3641826923076923 0.02403846153846154 0.06490384615384616
6 0.5612980769230769 0.37259615384615385 0.013221153846153846 0.0625
1 0.6442307692307693 0.5048076923076923 0.05889423076923077 0.038461538461538464