1 0.018028846153846152 0.5805288461538461 0.03485576923076923 0.1502403846153846
10 0.07572115384615384 0.5024038461538461 0.109375 0.08774038461538461
1 0.09134615384615384 0.5757211538461539 0.13822115384615385 0.18028846153846154
1 0.2848557692307692 0.5913461538461539 0.3245192307692308 0.42427884615384615
7 0.31850961538461536 0.33052884615384615 0.018028846153846152 0.05048076923076923
6 0.41346153846153844 0.3245192307692308 0.015625 0.04326923076923077
1 0.5288461538461539 0.53125 0.09975961538461539 0.06490384615384616
6 0.49278846153846156 0.32572115384615385 0.015625 0.04927884615384615
2 0.5985576923076923 0.5264423076923077 0.015625 0.056490384615384616
2 0.6009615384615384 0.5264423076923077 0.019230769230769232 0.06490384615384616
1 0.6971153846153846 0.5637019230769231 0.16826923076923078 0.18389423076923078
6 0.6802884615384616 0.41466346153846156 0.015625 0.04326923076923077
6 0.9302884615384616 0.2512019230769231 0.04927884615384615 0.15625
2 0.9627403846153846 0.5396634615384616 0.03485576923076923 0.11778846153846154