3 0.06490384615384616 0.0673076923076923 0.08052884615384616 0.12860576923076922
1 0.21153846153846154 0.5144230769230769 0.06610576923076923 0.08052884615384616
1 0.24759615384615385 0.5240384615384616 0.11778846153846154 0.08173076923076923
1 0.3918269230769231 0.5084134615384616 0.09735576923076923 0.06610576923076923
2 0.5384615384615384 0.5925480769230769 0.18028846153846154 0.7992788461538461
2 0.5661057692307693 0.6057692307692307 0.234375 0.7848557692307693
3 0.5721153846153846 0.028846153846153848 0.027644230769230768 0.055288461538461536
6 0.6538461538461539 0.3581730769230769 0.018028846153846152 0.05048076923076923
6 0.6526442307692307 0.35697115384615385 0.009615384615384616 0.038461538461538464
6 0.7283653846153846 0.41947115384615385 0.013221153846153846 0.04927884615384615
6 0.8004807692307693 0.07572115384615384 0.028846153846153848 0.09134615384615384
1 0.8197115384615384 0.4879807692307692 0.0625 0.038461538461538464
1 0.8209134615384616 0.49038461538461536 0.052884615384615384 0.04326923076923077
1 0.8810096153846154 0.49759615384615385 0.11177884615384616 0.06971153846153846
1 0.9206730769230769 0.48677884615384615 0.10336538461538461 0.056490384615384616