1 0.8629807692307693 0.6057692307692307 0.27163461538461536 0.5192307692307693
1 0.026442307692307692 0.5192307692307693 0.05048076923076923 0.08774038461538461
1 0.0829326923076923 0.5096153846153846 0.04927884615384615 0.055288461538461536
1 0.15384615384615385 0.49759615384615385 0.03365384615384615 0.03485576923076923
2 0.2127403846153846 0.49399038461538464 0.013221153846153846 0.04447115384615385
2 0.22596153846153846 0.49278846153846156 0.015625 0.05048076923076923
2 0.24278846153846154 0.49759615384615385 0.009615384615384616 0.046875
1 0.2668269230769231 0.5024038461538461 0.037259615384615384 0.04326923076923077
2 0.33653846153846156 0.4951923076923077 0.018028846153846152 0.055288461538461536
1 0.35697115384615385 0.4987980769230769 0.03365384615384615 0.038461538461538464
1 0.42427884615384615 0.49759615384615385 0.13822115384615385 0.09014423076923077
1 0.42788461538461536 0.49759615384615385 0.14302884615384615 0.08653846153846154
1 0.6586538461538461 0.5697115384615384 0.15264423076923078 0.24759615384615385
1 0.6899038461538461 0.5649038461538461 0.19110576923076922 0.28125