1 0.9146634615384616 0.5 0.1502403846153846 0.1310096153846154
1 0.9399038461538461 0.6899038461538461 0.11538461538461539 0.44471153846153844
1 0.13822115384615385 0.5192307692307693 0.09615384615384616 0.09975961538461539
6 0.16947115384615385 0.4098557692307692 0.019230769230769232 0.05048076923076923
1 0.21634615384615385 0.49759615384615385 0.037259615384615384 0.037259615384615384
4 0.21634615384615385 0.41947115384615385 0.019230769230769232 0.037259615384615384
4 0.2776442307692308 0.46153846153846156 0.013221153846153846 0.038461538461538464
1 0.33653846153846156 0.49158653846153844 0.037259615384615384 0.06490384615384616
1 0.3641826923076923 0.49759615384615385 0.038461538461538464 0.07451923076923077
1 0.3641826923076923 0.49158653846153844 0.03485576923076923 0.05048076923076923
1 0.39302884615384615 0.49759615384615385 0.055288461538461536 0.07451923076923077
4 0.4567307692307692 0.44471153846153844 0.019230769230769232 0.038461538461538464
4 0.4579326923076923 0.4495192307692308 0.01201923076923077 0.028846153846153848
1 0.5120192307692307 0.49278846153846156 0.056490384615384616 0.08052884615384616
1 0.5612980769230769 0.5072115384615384 0.037259615384615384 0.06850961538461539
1 0.5889423076923077 0.5228365384615384 0.04326923076923077 0.10576923076923077
1 0.59375 0.5192307692307693 0.037259615384615384 0.08653846153846154
1 0.6490384615384616 0.5420673076923077 0.10336538461538461 0.13701923076923078
1 0.6454326923076923 0.5324519230769231 0.09134615384615384 0.09735576923076923
1 0.7632211538461539 0.49038461538461536 0.12139423076923077 0.140625
1 0.7680288461538461 0.4891826923076923 0.12740384615384615 0.08653846153846154