2 0.9711538461538461 0.5096153846153846 0.038461538461538464 0.10096153846153846
2 0.18990384615384615 0.5444711538461539 0.018028846153846152 0.046875
10 0.3088942307692308 0.5252403846153846 0.04326923076923077 0.05048076923076923
10 0.30528846153846156 0.5240384615384616 0.03485576923076923 0.05048076923076923
1 0.32572115384615385 0.5336538461538461 0.04447115384615385 0.04326923076923077
1 0.40865384615384615 0.5288461538461539 0.03485576923076923 0.04326923076923077
1 0.40865384615384615 0.5324519230769231 0.028846153846153848 0.03125
1 0.44471153846153844 0.5384615384615384 0.056490384615384616 0.055288461538461536
1 0.47596153846153844 0.5252403846153846 0.028846153846153848 0.052884615384615384
1 0.4951923076923077 0.5300480769230769 0.040865384615384616 0.056490384615384616
1 0.5264423076923077 0.5360576923076923 0.052884615384615384 0.05889423076923077