10 0.5144230769230769 0.5072115384615384 0.027644230769230768 0.03485576923076923
1 0.014423076923076924 0.5853365384615384 0.028846153846153848 0.140625
10 0.07572115384615384 0.5024038461538461 0.109375 0.08774038461538461
1 0.09375 0.5757211538461539 0.140625 0.18028846153846154
1 0.2848557692307692 0.5925480769230769 0.3245192307692308 0.4254807692307692
3 0.31850961538461536 0.3317307692307692 0.018028846153846152 0.05048076923076923
6 0.41466346153846156 0.32572115384615385 0.015625 0.040865384615384616
6 0.49278846153846156 0.3269230769230769 0.015625 0.046875
2 0.5204326923076923 0.53125 0.015625 0.06971153846153846
1 0.7463942307692307 0.578125 0.2127403846153846 0.21153846153846154
6 0.6814903846153846 0.4182692307692308 0.02403846153846154 0.0625
6 0.6802884615384616 0.41466346153846156 0.015625 0.04326923076923077
1 0.7079326923076923 0.5372596153846154 0.056490384615384616 0.06490384615384616
1 0.9254807692307693 0.515625 0.12740384615384615 0.09134615384615384
6 0.9314903846153846 0.24759615384615385 0.040865384615384616 0.12259615384615384
2 0.9711538461538461 0.5432692307692307 0.03485576923076923 0.11899038461538461