2 0.16346153846153846 0.5685096153846154 0.02403846153846154 0.109375
2 0.14302884615384615 0.5877403846153846 0.019230769230769232 0.09615384615384616
1 0.1622596153846154 0.5372596153846154 0.08052884615384616 0.08653846153846154
2 0.19471153846153846 0.5673076923076923 0.04447115384615385 0.14423076923076922
2 0.19831730769230768 0.5588942307692307 0.040865384615384616 0.15985576923076922
2 0.21754807692307693 0.5637019230769231 0.028846153846153848 0.12259615384615384
2 0.25721153846153844 0.5661057692307693 0.037259615384615384 0.09975961538461539
2 0.2608173076923077 0.5673076923076923 0.03365384615384615 0.10576923076923077
2 0.32091346153846156 0.5709134615384616 0.04447115384615385 0.08052884615384616
1 0.42427884615384615 0.5192307692307693 0.027644230769230768 0.038461538461538464
3 0.7824519230769231 0.17427884615384615 0.03365384615384615 0.06610576923076923