1 0.018028846153846152 0.5721153846153846 0.03485576923076923 0.1310096153846154
10 0.08052884615384616 0.5132211538461539 0.11177884615384616 0.10697115384615384
1 0.10336538461538461 0.5721153846153846 0.13822115384615385 0.1778846153846154
1 0.29447115384615385 0.5841346153846154 0.3161057692307692 0.41346153846153844
3 0.32091346153846156 0.3269230769230769 0.019230769230769232 0.046875
6 0.41466346153846156 0.31971153846153844 0.013221153846153846 0.038461538461538464
6 0.49278846153846156 0.3233173076923077 0.013221153846153846 0.046875
1 0.7427884615384616 0.5757211538461539 0.21153846153846154 0.20552884615384615
6 0.6790865384615384 0.4206730769230769 0.02403846153846154 0.0625
6 0.6778846153846154 0.41466346153846156 0.013221153846153846 0.04326923076923077
6 0.9194711538461539 0.24759615384615385 0.038461538461538464 0.12259615384615384
2 0.9675480769230769 0.5324519230769231 0.03485576923076923 0.11899038461538461