1 0.27884615384615385 0.5204326923076923 0.08774038461538461 0.08173076923076923
1 0.2824519230769231 0.5144230769230769 0.06850961538461539 0.06610576923076923
1 0.328125 0.5048076923076923 0.056490384615384616 0.08653846153846154
1 0.33533653846153844 0.5072115384615384 0.05048076923076923 0.08052884615384616
1 0.5372596153846154 0.5072115384615384 0.07572115384615384 0.12259615384615384
1 0.6033653846153846 0.49038461538461536 0.028846153846153848 0.056490384615384616
1 0.6262019230769231 0.49759615384615385 0.037259615384615384 0.078125
1 0.6622596153846154 0.5012019230769231 0.09014423076923077 0.10576923076923077
1 0.6586538461538461 0.5024038461538461 0.08052884615384616 0.10096153846153846
1 0.7127403846153846 0.4831730769230769 0.040865384615384616 0.06610576923076923
1 0.7860576923076923 0.5324519230769231 0.15625 0.17548076923076922