7 0.09975961538461539 0.45913461538461536 0.02403846153846154 0.055288461538461536
7 0.09975961538461539 0.4519230769230769 0.019230769230769232 0.05048076923076923
1 0.2548076923076923 0.609375 0.29447115384615385 0.36899038461538464
1 0.3918269230769231 0.5745192307692307 0.1310096153846154 0.1622596153846154
7 0.3473557692307692 0.4375 0.019230769230769232 0.055288461538461536
4 0.47596153846153844 0.36899038461538464 0.018028846153846152 0.055288461538461536
1 0.5132211538461539 0.5480769230769231 0.040865384615384616 0.05048076923076923
3 0.5276442307692307 0.4495192307692308 0.018028846153846152 0.05048076923076923
3 0.7115384615384616 0.32211538461538464 0.03485576923076923 0.11177884615384616
2 0.7391826923076923 0.5408653846153846 0.021634615384615384 0.07211538461538461
2 0.7608173076923077 0.5384615384615384 0.021634615384615384 0.06610576923076923
1 0.8966346153846154 0.5649038461538461 0.08052884615384616 0.09615384615384616
1 0.9350961538461539 0.578125 0.08052884615384616 0.09375