1 0.9411057692307693 0.47596153846153844 0.11538461538461539 0.078125
1 0.4735576923076923 0.49759615384615385 0.028846153846153848 0.03485576923076923
1 0.12379807692307693 0.5336538461538461 0.15865384615384615 0.13701923076923078
1 0.20793269230769232 0.5012019230769231 0.028846153846153848 0.04447115384615385
1 0.3786057692307692 0.48677884615384615 0.038461538461538464 0.05048076923076923
1 0.3870192307692308 0.4879807692307692 0.027644230769230768 0.05048076923076923
1 0.43028846153846156 0.49399038461538464 0.040865384615384616 0.040865384615384616
3 0.5697115384615384 0.028846153846153848 0.025240384615384616 0.056490384615384616
3 0.5649038461538461 0.3605769230769231 0.01201923076923077 0.05048076923076923
10 0.6177884615384616 0.47475961538461536 0.09735576923076923 0.09014423076923077
6 0.6526442307692307 0.3557692307692308 0.015625 0.038461538461538464
6 0.7259615384615384 0.4050480769230769 0.013221153846153846 0.04326923076923077
6 0.7295673076923077 0.40865384615384615 0.013221153846153846 0.027644230769230768
6 0.8016826923076923 0.06971153846153846 0.02403846153846154 0.09014423076923077
2 0.8413461538461539 0.47596153846153844 0.03125 0.08774038461538461
2 0.8497596153846154 0.48197115384615385 0.02403846153846154 0.056490384615384616
0 0.9675480769230769 0.49278846153846156 0.028846153846153848 0.10096153846153846
2 0.9747596153846154 0.47716346153846156 0.028846153846153848 0.15384615384615385
2 0.9915865384615384 0.48197115384615385 0.01201923076923077 0.08413461538461539