1 0.030048076923076924 0.5612980769230769 0.06009615384615385 0.052884615384615384
1 0.07692307692307693 0.5540865384615384 0.04326923076923077 0.046875
1 0.07932692307692307 0.5540865384615384 0.038461538461538464 0.06490384615384616
1 0.39302884615384615 0.5504807692307693 0.09615384615384616 0.1346153846153846
1 0.5132211538461539 0.5384615384615384 0.04927884615384615 0.08774038461538461
1 0.5192307692307693 0.5384615384615384 0.06009615384615385 0.08653846153846154
1 0.5432692307692307 0.5673076923076923 0.040865384615384616 0.12139423076923077
1 0.5444711538461539 0.5600961538461539 0.037259615384615384 0.09615384615384616
1 0.6141826923076923 0.5408653846153846 0.11778846153846154 0.17548076923076922
1 0.5913461538461539 0.5480769230769231 0.05889423076923077 0.1346153846153846
1 0.6646634615384616 0.5661057692307693 0.11538461538461539 0.17548076923076922
1 0.6442307692307693 0.5697115384615384 0.06490384615384616 0.14423076923076922
1 0.8293269230769231 0.5853365384615384 0.33653846153846156 0.23677884615384615
1 0.8305288461538461 0.5949519230769231 0.3161057692307692 0.23076923076923078
2 0.828125 0.4519230769230769 0.021634615384615384 0.052884615384615384