1 0.02403846153846154 0.6117788461538461 0.046875 0.1658653846153846
1 0.08052884615384616 0.5961538461538461 0.11778846153846154 0.11899038461538461
1 0.18990384615384615 0.5408653846153846 0.03485576923076923 0.055288461538461536
1 0.21995192307692307 0.5384615384615384 0.03365384615384615 0.04326923076923077
2 0.23798076923076922 0.5384615384615384 0.018028846153846152 0.06009615384615385
1 0.3425480769230769 0.5384615384615384 0.03485576923076923 0.03365384615384615
1 0.3581730769230769 0.5240384615384616 0.02403846153846154 0.038461538461538464
1 0.44711538461538464 0.5288461538461539 0.03485576923076923 0.055288461538461536
1 0.46153846153846156 0.5444711538461539 0.038461538461538464 0.06971153846153846
1 0.4807692307692308 0.5600961538461539 0.027644230769230768 0.07451923076923077
1 0.5060096153846154 0.5697115384615384 0.05048076923076923 0.125
1 0.5649038461538461 0.5649038461538461 0.1310096153846154 0.17548076923076922