1 0.09975961538461539 0.5084134615384616 0.11298076923076923 0.08774038461538461
1 0.3293269230769231 0.4963942307692308 0.09134615384615384 0.12139423076923077
1 0.4098557692307692 0.5024038461538461 0.07451923076923077 0.08413461538461539
1 0.44711538461538464 0.49399038461538464 0.038461538461538464 0.05889423076923077
1 0.46033653846153844 0.49759615384615385 0.037259615384615384 0.05048076923076923
7 0.5588942307692307 0.24639423076923078 0.02403846153846154 0.07451923076923077
2 0.6778846153846154 0.6225961538461539 0.17548076923076922 0.609375
6 0.6790865384615384 0.24879807692307693 0.025240384615384616 0.078125
1 0.7475961538461539 0.49038461538461536 0.056490384615384616 0.08413461538461539
1 0.7475961538461539 0.49038461538461536 0.037259615384615384 0.056490384615384616
6 0.9795673076923077 0.38100961538461536 0.028846153846153848 0.06850961538461539