1 0.13341346153846154 0.49759615384615385 0.06490384615384616 0.04326923076923077
1 0.13221153846153846 0.4963942307692308 0.056490384615384616 0.038461538461538464
0 0.1875 0.49038461538461536 0.028846153846153848 0.038461538461538464
7 0.2536057692307692 0.4326923076923077 0.013221153846153846 0.03125
1 0.3557692307692308 0.4879807692307692 0.055288461538461536 0.056490384615384616
7 0.3701923076923077 0.3870192307692308 0.009615384615384616 0.028846153846153848
1 0.3894230769230769 0.484375 0.038461538461538464 0.040865384615384616
1 0.38822115384615385 0.47596153846153844 0.028846153846153848 0.038461538461538464
6 0.4230769230769231 0.37740384615384615 0.013221153846153846 0.037259615384615384
6 0.4206730769230769 0.37740384615384615 0.009615384615384616 0.028846153846153848
6 0.5180288461538461 0.39302884615384615 0.015625 0.04326923076923077
1 0.6045673076923077 0.46634615384615385 0.07572115384615384 0.052884615384615384
2 0.5877403846153846 0.47596153846153844 0.025240384615384616 0.07451923076923077