2 0.042067307692307696 0.5456730769230769 0.027644230769230768 0.11177884615384616
1 0.1875 0.5480769230769231 0.11298076923076923 0.10576923076923077
3 0.14783653846153846 0.39903846153846156 0.018028846153846152 0.052884615384615384
1 0.3004807692307692 0.6358173076923077 0.26322115384615385 0.31490384615384615
1 0.453125 0.5288461538461539 0.019230769230769232 0.03365384615384615
3 0.5276442307692307 0.37259615384615385 0.019230769230769232 0.06850961538461539
2 0.6622596153846154 0.5276442307692307 0.018028846153846152 0.07451923076923077
2 0.6742788461538461 0.5384615384615384 0.025240384615384616 0.09615384615384616
2 0.6887019230769231 0.5228365384615384 0.021634615384615384 0.07451923076923077
2 0.7848557692307693 0.5420673076923077 0.052884615384615384 0.23677884615384615
2 0.8461538461538461 0.5384615384615384 0.04927884615384615 0.2403846153846154
2 0.8930288461538461 0.5420673076923077 0.05048076923076923 0.2127403846153846
2 0.9639423076923077 0.546875 0.04326923076923077 0.22235576923076922