1 0.04807692307692308 0.5240384615384616 0.09615384615384616 0.11298076923076923
6 0.06009615384615385 0.4375 0.021634615384615384 0.040865384615384616
7 0.06490384615384616 0.45913461538461536 0.018028846153846152 0.04927884615384615
1 0.12860576923076922 0.5204326923076923 0.03485576923076923 0.04447115384615385
1 0.17427884615384615 0.5144230769230769 0.03485576923076923 0.040865384615384616
1 0.21153846153846154 0.5024038461538461 0.05048076923076923 0.055288461538461536
7 0.21394230769230768 0.36658653846153844 0.019230769230769232 0.055288461538461536
1 0.25600961538461536 0.5132211538461539 0.028846153846153848 0.08774038461538461
1 0.43028846153846156 0.5829326923076923 0.3557692307692308 0.5240384615384616
6 0.5853365384615384 0.3629807692307692 0.03365384615384615 0.06009615384615385
1 0.6622596153846154 0.5300480769230769 0.11778846153846154 0.10697115384615384
2 0.7896634615384616 0.5264423076923077 0.06971153846153846 0.18990384615384615
2 0.78125 0.5204326923076923 0.03485576923076923 0.14423076923076922
1 0.9230769230769231 0.6538461538461539 0.15264423076923078 0.31009615384615385