0 0.9314903846153846 0.49759615384615385 0.040865384615384616 0.08052884615384616
1 0.09615384615384616 0.4579326923076923 0.05048076923076923 0.056490384615384616
1 0.1045673076923077 0.45913461538461536 0.05048076923076923 0.03485576923076923
1 0.12860576923076922 0.4567307692307692 0.015625 0.06009615384615385
1 0.1502403846153846 0.4543269230769231 0.027644230769230768 0.03125
1 0.15504807692307693 0.4543269230769231 0.028846153846153848 0.028846153846153848
1 0.18990384615384615 0.46033653846153844 0.040865384615384616 0.05048076923076923
1 0.1935096153846154 0.45913461538461536 0.04326923076923077 0.03485576923076923
1 0.24879807692307693 0.45552884615384615 0.046875 0.04927884615384615
1 0.24759615384615385 0.46033653846153844 0.04326923076923077 0.055288461538461536
1 0.28725961538461536 0.4543269230769231 0.028846153846153848 0.038461538461538464
1 0.29086538461538464 0.4567307692307692 0.025240384615384616 0.04447115384615385
6 0.4338942307692308 0.34134615384615385 0.019230769230769232 0.04927884615384615
7 0.43990384615384615 0.3389423076923077 0.019230769230769232 0.04447115384615385
1 0.5072115384615384 0.4795673076923077 0.06610576923076923 0.078125
6 0.5084134615384616 0.33052884615384615 0.025240384615384616 0.03365384615384615
6 0.5096153846153846 0.33653846153846156 0.013221153846153846 0.038461538461538464
1 0.6117788461538461 0.47596153846153844 0.08052884615384616 0.09375
6 0.5853365384615384 0.34975961538461536 0.019230769230769232 0.038461538461538464
6 0.5901442307692307 0.35336538461538464 0.015625 0.03365384615384615
1 0.6862980769230769 0.45552884615384615 0.037259615384615384 0.025240384615384616
6 0.7295673076923077 0.35697115384615385 0.018028846153846152 0.03125
6 0.7283653846153846 0.36778846153846156 0.013221153846153846 0.055288461538461536