2 0.8978365384615384 0.5048076923076923 0.03125 0.13701923076923078
2 0.9387019230769231 0.5072115384615384 0.03485576923076923 0.14302884615384615
2 0.9795673076923077 0.5024038461538461 0.038461538461538464 0.17548076923076922
1 0.13822115384615385 0.5769230769230769 0.26802884615384615 0.29086538461538464
7 0.14903846153846154 0.40625 0.015625 0.04927884615384615
7 0.14903846153846154 0.3942307692307692 0.013221153846153846 0.03365384615384615
1 0.29447115384615385 0.5540865384615384 0.125 0.1346153846153846
7 0.4519230769230769 0.29447115384615385 0.015625 0.04927884615384615
7 0.4543269230769231 0.2932692307692308 0.015625 0.04927884615384615
1 0.5024038461538461 0.5240384615384616 0.07451923076923077 0.09735576923076923
4 0.5396634615384616 0.2956730769230769 0.013221153846153846 0.04927884615384615
1 0.6634615384615384 0.53125 0.056490384615384616 0.14423076923076922
1 0.6634615384615384 0.5012019230769231 0.05048076923076923 0.05048076923076923
1 0.7908653846153846 0.5480769230769231 0.27884615384615385 0.31009615384615385
4 0.6802884615384616 0.39903846153846156 0.019230769230769232 0.05048076923076923
3 0.8942307692307693 0.2548076923076923 0.03485576923076923 0.13701923076923078