10 0.14783653846153846 0.5084134615384616 0.11538461538461539 0.12259615384615384
10 0.15745192307692307 0.5036057692307693 0.109375 0.1310096153846154
1 0.23197115384615385 0.5504807692307693 0.11899038461538461 0.1346153846153846
1 0.29927884615384615 0.5408653846153846 0.055288461538461536 0.06490384615384616
1 0.30528846153846156 0.546875 0.038461538461538464 0.056490384615384616
1 0.390625 0.5528846153846154 0.10336538461538461 0.13822115384615385
7 0.36177884615384615 0.30288461538461536 0.013221153846153846 0.05048076923076923
10 0.5132211538461539 0.47596153846153844 0.1310096153846154 0.09134615384615384
6 0.45913461538461536 0.32572115384615385 0.013221153846153846 0.046875
6 0.46033653846153844 0.3269230769230769 0.015625 0.04927884615384615
1 0.6225961538461539 0.5336538461538461 0.17427884615384615 0.23197115384615385
1 0.6069711538461539 0.5372596153846154 0.11538461538461539 0.22235576923076922
6 0.5913461538461539 0.40625 0.01201923076923077 0.025240384615384616
6 0.59375 0.40865384615384615 0.01201923076923077 0.028846153846153848
1 0.8245192307692307 0.6165865384615384 0.3473557692307692 0.35096153846153844
6 0.8305288461538461 0.27283653846153844 0.02403846153846154 0.078125
6 0.8317307692307693 0.29086538461538464 0.02403846153846154 0.11177884615384616