0 0.37740384615384615 0.4831730769230769 0.009615384615384616 0.037259615384615384
1 0.1658653846153846 0.48197115384615385 0.078125 0.055288461538461536
1 0.40384615384615385 0.48197115384615385 0.03365384615384615 0.04326923076923077
1 0.4326923076923077 0.47475961538461536 0.018028846153846152 0.03125
1 0.46153846153846156 0.4831730769230769 0.03485576923076923 0.03365384615384615
6 0.49759615384615385 0.3641826923076923 0.013221153846153846 0.03125
6 0.5 0.36177884615384615 0.01201923076923077 0.03125
6 0.5408653846153846 0.36658653846153844 0.015625 0.028846153846153848
6 0.5456730769230769 0.3701923076923077 0.013221153846153846 0.03365384615384615
6 0.5853365384615384 0.3737980769230769 0.018028846153846152 0.028846153846153848
6 0.5913461538461539 0.37740384615384615 0.015625 0.03365384615384615
6 0.6730769230769231 0.41947115384615385 0.015625 0.027644230769230768
6 0.6742788461538461 0.42788461538461536 0.018028846153846152 0.04326923076923077
6 0.7271634615384616 0.40024038461538464 0.015625 0.046875
6 0.7271634615384616 0.390625 0.013221153846153846 0.025240384615384616
1 0.7740384615384616 0.48677884615384615 0.08052884615384616 0.04447115384615385
1 0.8894230769230769 0.4807692307692308 0.08653846153846154 0.06610576923076923