1 0.0625 0.5649038461538461 0.125 0.23677884615384615
1 0.20072115384615385 0.5396634615384616 0.09615384615384616 0.09975961538461539
1 0.20432692307692307 0.5384615384615384 0.08774038461538461 0.09615384615384616
1 0.28846153846153844 0.5192307692307693 0.056490384615384616 0.08653846153846154
1 0.29447115384615385 0.5204326923076923 0.055288461538461536 0.07451923076923077
4 0.27524038461538464 0.4495192307692308 0.01201923076923077 0.03125
1 0.39783653846153844 0.5600961538461539 0.1346153846153846 0.17548076923076922
4 0.47596153846153844 0.43509615384615385 0.009615384615384616 0.03125
1 0.5793269230769231 0.5288461538461539 0.03365384615384615 0.10697115384615384
1 0.6322115384615384 0.5276442307692307 0.10096153846153846 0.171875
1 0.6466346153846154 0.53125 0.12139423076923077 0.15985576923076922
1 0.7367788461538461 0.5384615384615384 0.11899038461538461 0.33774038461538464
1 0.8353365384615384 0.53125 0.3088942307692308 0.29927884615384615