1 0.04807692307692308 0.5228365384615384 0.09375 0.09735576923076923
1 0.14302884615384615 0.5036057692307693 0.09975961538461539 0.09975961538461539
4 0.17067307692307693 0.10576923076923077 0.037259615384615384 0.10336538461538461
1 0.21153846153846154 0.49759615384615385 0.05889423076923077 0.08173076923076923
1 0.27884615384615385 0.5204326923076923 0.12860576923076922 0.1346153846153846
4 0.3233173076923077 0.11177884615384616 0.03365384615384615 0.09134615384615384
1 0.45552884615384615 0.4855769230769231 0.028846153846153848 0.03365384615384615
1 0.49038461538461536 0.49759615384615385 0.06009615384615385 0.078125
2 0.6057692307692307 0.47475961538461536 0.021634615384615384 0.08052884615384616
4 0.7067307692307693 0.3016826923076923 0.021634615384615384 0.08052884615384616
1 0.8713942307692307 0.4855769230769231 0.15985576923076922 0.109375