1 0.0829326923076923 0.5228365384615384 0.08052884615384616 0.06610576923076923
1 0.17427884615384615 0.5348557692307693 0.09014423076923077 0.09975961538461539
1 0.23076923076923078 0.5096153846153846 0.037259615384615384 0.06490384615384616
1 0.234375 0.5228365384615384 0.040865384615384616 0.078125
1 0.328125 0.5048076923076923 0.06009615384615385 0.06009615384615385
1 0.3293269230769231 0.5096153846153846 0.052884615384615384 0.06610576923076923
1 0.36177884615384615 0.49278846153846156 0.025240384615384616 0.04326923076923077
1 0.49759615384615385 0.49399038461538464 0.056490384615384616 0.07572115384615384
1 0.5637019230769231 0.5024038461538461 0.018028846153846152 0.040865384615384616
1 0.5805288461538461 0.5120192307692307 0.02403846153846154 0.046875
1 0.6165865384615384 0.515625 0.052884615384615384 0.06850961538461539