2 0.013221153846153846 0.5600961538461539 0.021634615384615384 0.08653846153846154
2 0.013221153846153846 0.5588942307692307 0.018028846153846152 0.07451923076923077
2 0.03245192307692308 0.5685096153846154 0.018028846153846152 0.055288461538461536
2 0.04447115384615385 0.5432692307692307 0.015625 0.06009615384615385
2 0.056490384615384616 0.5420673076923077 0.019230769230769232 0.06490384615384616
2 0.08173076923076923 0.5444711538461539 0.019230769230769232 0.06850961538461539
2 0.08173076923076923 0.5420673076923077 0.015625 0.08052884615384616
2 0.12379807692307693 0.5516826923076923 0.07211538461538461 0.1875
2 0.10697115384615384 0.5384615384615384 0.018028846153846152 0.06490384615384616
2 0.19230769230769232 0.5384615384615384 0.06490384615384616 0.18028846153846154
6 0.17427884615384615 0.4170673076923077 0.015625 0.040865384615384616
1 0.23677884615384615 0.5456730769230769 0.07451923076923077 0.09975961538461539
1 0.3076923076923077 0.6117788461538461 0.21153846153846154 0.24759615384615385
1 0.41586538461538464 0.5288461538461539 0.055288461538461536 0.08052884615384616
1 0.41586538461538464 0.5324519230769231 0.056490384615384616 0.07211538461538461
6 0.49038461538461536 0.3870192307692308 0.018028846153846152 0.056490384615384616
2 0.6105769230769231 0.5420673076923077 0.04447115384615385 0.16947115384615385
2 0.7235576923076923 0.5432692307692307 0.03485576923076923 0.18028846153846154
2 0.7475961538461539 0.5204326923076923 0.046875 0.17548076923076922