1 0.15985576923076922 0.5168269230769231 0.15264423076923078 0.12259615384615384
1 0.16947115384615385 0.5096153846153846 0.12860576923076922 0.1466346153846154
1 0.17668269230769232 0.48677884615384615 0.06610576923076923 0.06009615384615385
1 0.33052884615384615 0.5072115384615384 0.10096153846153846 0.078125
1 0.34134615384615385 0.5132211538461539 0.10576923076923077 0.08413461538461539
1 0.43028846153846156 0.48677884615384615 0.028846153846153848 0.038461538461538464
1 0.5252403846153846 0.4831730769230769 0.040865384615384616 0.05048076923076923
3 0.5721153846153846 0.028846153846153848 0.027644230769230768 0.056490384615384616
3 0.5709134615384616 0.3581730769230769 0.013221153846153846 0.05048076923076923
6 0.65625 0.35096153846153844 0.015625 0.040865384615384616
6 0.7307692307692307 0.4014423076923077 0.015625 0.04326923076923077
6 0.7295673076923077 0.4050480769230769 0.013221153846153846 0.027644230769230768
6 0.7944711538461539 0.07572115384615384 0.02403846153846154 0.08653846153846154
2 0.8040865384615384 0.47596153846153844 0.025240384615384616 0.09014423076923077
2 0.8076923076923077 0.47475961538461536 0.019230769230769232 0.05889423076923077
2 0.9603365384615384 0.48677884615384615 0.03125 0.15625
0 0.9663461538461539 0.48197115384615385 0.025240384615384616 0.10096153846153846
2 0.9915865384615384 0.48197115384615385 0.01201923076923077 0.08413461538461539