1 0.9098557692307693 0.625 0.17548076923076922 0.2848557692307692
1 0.24759615384615385 0.5216346153846154 0.09735576923076923 0.12139423076923077
1 0.25 0.5264423076923077 0.09014423076923077 0.11177884615384616
1 0.3088942307692308 0.5168269230769231 0.05048076923076923 0.11298076923076923
1 0.31971153846153844 0.515625 0.04447115384615385 0.09975961538461539
1 0.453125 0.5012019230769231 0.04447115384615385 0.052884615384615384
1 0.49759615384615385 0.5060096153846154 0.04326923076923077 0.04927884615384615
1 0.6165865384615384 0.5048076923076923 0.04447115384615385 0.06490384615384616
1 0.6129807692307693 0.5048076923076923 0.037259615384615384 0.08774038461538461
1 0.6694711538461539 0.5264423076923077 0.10576923076923077 0.10697115384615384
1 0.6694711538461539 0.53125 0.10096153846153846 0.10336538461538461
1 0.7704326923076923 0.5492788461538461 0.1310096153846154 0.1875
1 0.8725961538461539 0.5 0.08052884615384616 0.078125