1 0.02403846153846154 0.4951923076923077 0.038461538461538464 0.056490384615384616
1 0.04927884615384615 0.5036057692307693 0.05048076923076923 0.08173076923076923
1 0.12379807692307693 0.5012019230769231 0.09615384615384616 0.08653846153846154
1 0.24759615384615385 0.49158653846153844 0.09615384615384616 0.078125
1 0.2824519230769231 0.49158653846153844 0.06971153846153846 0.06971153846153846
1 0.34134615384615385 0.4891826923076923 0.10096153846153846 0.09735576923076923
1 0.3918269230769231 0.49399038461538464 0.06610576923076923 0.09134615384615384
1 0.4411057692307692 0.48677884615384615 0.11538461538461539 0.078125
1 0.45072115384615385 0.48197115384615385 0.10697115384615384 0.08774038461538461
1 0.53125 0.4831730769230769 0.11899038461538461 0.09975961538461539
1 0.640625 0.47475961538461536 0.14903846153846154 0.11538461538461539