1 0.9302884615384616 0.4963942307692308 0.1346153846153846 0.12860576923076922
1 0.16706730769230768 0.5540865384615384 0.046875 0.04927884615384615
1 0.16947115384615385 0.5576923076923077 0.04326923076923077 0.04927884615384615
7 0.16947115384615385 0.2932692307692308 0.019230769230769232 0.05048076923076923
7 0.16947115384615385 0.29447115384615385 0.015625 0.06009615384615385
1 0.2776442307692308 0.5264423076923077 0.03125 0.037259615384615384
1 0.2776442307692308 0.53125 0.028846153846153848 0.03485576923076923
1 0.3016826923076923 0.5252403846153846 0.021634615384615384 0.028846153846153848
4 0.30408653846153844 0.27884615384615385 0.021634615384615384 0.06610576923076923
1 0.30528846153846156 0.53125 0.021634615384615384 0.03125
4 0.30408653846153844 0.27403846153846156 0.015625 0.055288461538461536
1 0.36899038461538464 0.515625 0.03365384615384615 0.052884615384615384
1 0.39302884615384615 0.5096153846153846 0.027644230769230768 0.03365384615384615
1 0.41586538461538464 0.5360576923076923 0.052884615384615384 0.06850961538461539
4 0.5300480769230769 0.3918269230769231 0.019230769230769232 0.056490384615384616
4 0.5288461538461539 0.40384615384615385 0.018028846153846152 0.052884615384615384
1 0.7944711538461539 0.5012019230769231 0.2127403846153846 0.1346153846153846
1 0.7367788461538461 0.4579326923076923 0.078125 0.040865384615384616
1 0.8004807692307693 0.49759615384615385 0.1971153846153846 0.1346153846153846