2 0.06971153846153846 0.53125 0.015625 0.08173076923076923
2 0.055288461538461536 0.5396634615384616 0.009615384615384616 0.07572115384615384
1 0.15384615384615385 0.5552884615384616 0.18990384615384615 0.18990384615384615
1 0.15745192307692307 0.5492788461538461 0.18990384615384615 0.1778846153846154
1 0.2920673076923077 0.5192307692307693 0.03125 0.055288461538461536
1 0.2980769230769231 0.5240384615384616 0.03485576923076923 0.046875
1 0.38221153846153844 0.5793269230769231 0.19471153846153846 0.24278846153846154
1 0.4831730769230769 0.5180288461538461 0.04447115384615385 0.0625
1 0.6057692307692307 0.5480769230769231 0.12740384615384615 0.14423076923076922
1 0.7620192307692307 0.5072115384615384 0.056490384615384616 0.06490384615384616
1 0.8317307692307693 0.5072115384615384 0.15264423076923078 0.078125