1 0.06610576923076923 0.5637019230769231 0.125 0.11538461538461539
1 0.1346153846153846 0.5444711538461539 0.03485576923076923 0.052884615384615384
1 0.14182692307692307 0.5384615384615384 0.03485576923076923 0.055288461538461536
1 0.3173076923076923 0.53125 0.04447115384615385 0.040865384615384616
1 0.3161057692307692 0.53125 0.03365384615384615 0.040865384615384616
1 0.39783653846153844 0.5192307692307693 0.037259615384615384 0.056490384615384616
1 0.43509615384615385 0.5180288461538461 0.03485576923076923 0.056490384615384616
1 0.49158653846153844 0.5192307692307693 0.04447115384615385 0.055288461538461536
1 0.5456730769230769 0.5444711538461539 0.09375 0.11177884615384616
1 0.6141826923076923 0.5132211538461539 0.06009615384615385 0.09375
10 0.6129807692307693 0.5120192307692307 0.052884615384615384 0.08052884615384616
1 0.6947115384615384 0.5492788461538461 0.109375 0.10576923076923077
1 0.7475961538461539 0.5432692307692307 0.05889423076923077 0.078125