1 0.3870192307692308 0.5192307692307693 0.01201923076923077 0.018028846153846152
10 0.0625 0.5252403846153846 0.12139423076923077 0.08173076923076923
2 0.20072115384615385 0.5348557692307693 0.021634615384615384 0.0625
1 0.32572115384615385 0.5480769230769231 0.12860576923076922 0.08173076923076923
6 0.3545673076923077 0.1875 0.03485576923076923 0.08653846153846154
1 0.5240384615384616 0.5264423076923077 0.11298076923076923 0.06971153846153846
1 0.5264423076923077 0.5288461538461539 0.09735576923076923 0.07572115384615384
6 0.6009615384615384 0.35216346153846156 0.027644230769230768 0.08774038461538461
6 0.6033653846153846 0.34975961538461536 0.018028846153846152 0.07451923076923077
2 0.7175480769230769 0.5144230769230769 0.052884615384615384 0.13701923076923078
2 0.8016826923076923 0.5384615384615384 0.03365384615384615 0.1658653846153846
2 0.8341346153846154 0.5336538461538461 0.028846153846153848 0.16947115384615385