1 0.028846153846153848 0.5276442307692307 0.056490384615384616 0.12740384615384615
1 0.09615384615384616 0.5132211538461539 0.11899038461538461 0.11538461538461539
1 0.1045673076923077 0.5144230769230769 0.10096153846153846 0.11177884615384616
1 0.17427884615384615 0.5012019230769231 0.08052884615384616 0.10096153846153846
1 0.2283653846153846 0.5012019230769231 0.04927884615384615 0.07211538461538461
1 0.23197115384615385 0.4951923076923077 0.040865384615384616 0.08052884615384616
1 0.265625 0.49278846153846156 0.052884615384615384 0.0625
1 0.2668269230769231 0.4963942307692308 0.052884615384615384 0.07211538461538461
1 0.31009615384615385 0.484375 0.05048076923076923 0.07211538461538461
1 0.31490384615384615 0.4891826923076923 0.05048076923076923 0.07211538461538461
1 0.3473557692307692 0.48677884615384615 0.03125 0.0625
1 0.6081730769230769 0.49759615384615385 0.06490384615384616 0.06850961538461539
1 0.7415865384615384 0.515625 0.11899038461538461 0.12259615384615384
1 0.8894230769230769 0.53125 0.21514423076923078 0.203125