10 0.09495192307692307 0.49038461538461536 0.11778846153846154 0.078125
10 0.09375 0.47475961538461536 0.109375 0.05889423076923077
1 0.12980769230769232 0.5072115384615384 0.078125 0.09134615384615384
1 0.18629807692307693 0.5168269230769231 0.052884615384615384 0.056490384615384616
1 0.18990384615384615 0.5132211538461539 0.028846153846153848 0.055288461538461536
1 0.21754807692307693 0.5096153846153846 0.025240384615384616 0.05048076923076923
1 0.22235576923076922 0.5096153846153846 0.028846153846153848 0.05048076923076923
1 0.24759615384615385 0.5060096153846154 0.028846153846153848 0.055288461538461536
1 0.24759615384615385 0.5036057692307693 0.021634615384615384 0.055288461538461536
1 0.27884615384615385 0.5072115384615384 0.027644230769230768 0.046875
1 0.28365384615384615 0.5024038461538461 0.019230769230769232 0.040865384615384616
1 0.3762019230769231 0.4891826923076923 0.021634615384615384 0.03125
7 0.4651442307692308 0.43990384615384615 0.019230769230769232 0.040865384615384616
3 0.5276442307692307 0.38822115384615385 0.018028846153846152 0.038461538461538464
8 0.5516826923076923 0.43028846153846156 0.015625 0.019230769230769232
6 0.5540865384615384 0.43509615384615385 0.015625 0.037259615384615384
8 0.5949519230769231 0.41225961538461536 0.018028846153846152 0.028846153846153848
6 0.5961538461538461 0.41346153846153844 0.015625 0.04326923076923077
1 0.8353365384615384 0.515625 0.18509615384615385 0.2091346153846154