1 0.18990384615384615 0.53125 0.04927884615384615 0.055288461538461536
1 0.35697115384615385 0.5997596153846154 0.25240384615384615 0.28365384615384615
7 0.29086538461538464 0.28725961538461536 0.019230769230769232 0.06009615384615385
7 0.29086538461538464 0.28365384615384615 0.018028846153846152 0.038461538461538464
6 0.3954326923076923 0.2932692307692308 0.015625 0.04927884615384615
6 0.5588942307692307 0.40865384615384615 0.018028846153846152 0.04326923076923077
2 0.5637019230769231 0.5108173076923077 0.027644230769230768 0.07451923076923077
2 0.5612980769230769 0.5132211538461539 0.019230769230769232 0.06971153846153846
0 0.6586538461538461 0.5168269230769231 0.040865384615384616 0.08413461538461539
0 0.6610576923076923 0.5192307692307693 0.02403846153846154 0.08173076923076923
0 0.7608173076923077 0.5144230769230769 0.07572115384615384 0.09014423076923077
0 0.7596153846153846 0.5144230769230769 0.05048076923076923 0.08052884615384616
1 0.8653846153846154 0.5120192307692307 0.1658653846153846 0.07451923076923077
6 0.9206730769230769 0.09254807692307693 0.057692307692307696 0.18509615384615385
6 0.9134615384615384 0.06009615384615385 0.03365384615384615 0.11899038461538461
1 0.9639423076923077 0.5012019230769231 0.06971153846153846 0.07211538461538461
2 0.9663461538461539 0.5384615384615384 0.040865384615384616 0.24278846153846154