3 0.06009615384615385 0.07211538461538461 0.10096153846153846 0.14423076923076922
1 0.45072115384615385 0.5024038461538461 0.021634615384615384 0.046875
1 0.47475961538461536 0.5024038461538461 0.03485576923076923 0.04927884615384615
1 0.5432692307692307 0.4987980769230769 0.11899038461538461 0.06850961538461539
6 0.5649038461538461 0.3641826923076923 0.018028846153846152 0.04927884615384615
3 0.5709134615384616 0.025240384615384616 0.027644230769230768 0.05048076923076923
6 0.6526442307692307 0.3581730769230769 0.015625 0.056490384615384616
6 0.7283653846153846 0.41346153846153844 0.018028846153846152 0.05048076923076923
6 0.8004807692307693 0.07932692307692307 0.028846153846153848 0.10697115384615384
1 0.8617788461538461 0.4891826923076923 0.07211538461538461 0.055288461538461536
1 0.8509615384615384 0.48677884615384615 0.038461538461538464 0.05889423076923077
1 0.8882211538461539 0.4831730769230769 0.04927884615384615 0.046875
1 0.9206730769230769 0.48677884615384615 0.10336538461538461 0.056490384615384616