1 0.040865384615384616 0.5444711538461539 0.08173076923076923 0.21514423076923078
1 0.08653846153846154 0.5600961538461539 0.1310096153846154 0.171875
1 0.09975961538461539 0.5516826923076923 0.08413461538461539 0.1875
1 0.1466346153846154 0.5288461538461539 0.11298076923076923 0.140625
1 0.15144230769230768 0.5600961538461539 0.06490384615384616 0.171875
1 0.20552884615384615 0.5132211538461539 0.09134615384615384 0.11298076923076923
1 0.2127403846153846 0.5288461538461539 0.06610576923076923 0.11538461538461539
1 0.28966346153846156 0.5084134615384616 0.08413461538461539 0.06850961538461539
2 0.33052884615384615 0.5552884615384616 0.07572115384615384 0.28725961538461536
2 0.3545673076923077 0.5024038461538461 0.021634615384615384 0.12139423076923077
2 0.3557692307692308 0.49759615384615385 0.018028846153846152 0.10697115384615384
2 0.375 0.5084134615384616 0.015625 0.09975961538461539
2 0.3762019230769231 0.5024038461538461 0.015625 0.09975961538461539
10 0.44350961538461536 0.47836538461538464 0.04927884615384615 0.11177884615384616
10 0.4411057692307692 0.48197115384615385 0.04447115384615385 0.09975961538461539
1 0.4963942307692308 0.5192307692307693 0.046875 0.06009615384615385
1 0.49759615384615385 0.5144230769230769 0.040865384615384616 0.05048076923076923
10 0.5060096153846154 0.4567307692307692 0.052884615384615384 0.09014423076923077
10 0.5036057692307693 0.47475961538461536 0.05048076923076923 0.11778846153846154
2 0.7427884615384616 0.49759615384615385 0.028846153846153848 0.1346153846153846
2 0.7439903846153846 0.5060096153846154 0.021634615384615384 0.125
2 0.7608173076923077 0.5024038461538461 0.028846153846153848 0.11778846153846154
1 0.8894230769230769 0.5600961538461539 0.16947115384615385 0.2283653846153846
2 0.8990384615384616 0.6538461538461539 0.15264423076923078 0.5649038461538461