1 0.03485576923076923 0.5372596153846154 0.06971153846153846 0.15625
1 0.08653846153846154 0.5793269230769231 0.1310096153846154 0.1814903846153846
1 0.28365384615384615 0.5913461538461539 0.33052884615384615 0.42427884615384615
3 0.31850961538461536 0.3293269230769231 0.018028846153846152 0.05048076923076923
6 0.41346153846153844 0.32572115384615385 0.018028846153846152 0.04447115384615385
6 0.49158653846153844 0.32572115384615385 0.018028846153846152 0.05048076923076923
1 0.5036057692307693 0.5168269230769231 0.021634615384615384 0.037259615384615384
1 0.5384615384615384 0.5252403846153846 0.03365384615384615 0.05048076923076923
1 0.5564903846153846 0.5192307692307693 0.01201923076923077 0.03485576923076923
1 0.6899038461538461 0.5625 0.15384615384615385 0.171875
2 0.6298076923076923 0.5168269230769231 0.013221153846153846 0.038461538461538464
6 0.6802884615384616 0.41586538461538464 0.015625 0.04447115384615385
10 0.8509615384615384 0.4807692307692308 0.1814903846153846 0.1310096153846154
1 0.8882211538461539 0.5240384615384616 0.1466346153846154 0.08173076923076923
6 0.9326923076923077 0.2512019230769231 0.04927884615384615 0.15264423076923078
2 0.953125 0.5432692307692307 0.028846153846153848 0.11899038461538461