1 0.11658653846153846 0.5757211538461539 0.203125 0.24278846153846154
1 0.3545673076923077 0.6298076923076923 0.2692307692307692 0.33413461538461536
3 0.2764423076923077 0.2800480769230769 0.025240384615384616 0.06610576923076923
3 0.38822115384615385 0.2860576923076923 0.02403846153846154 0.07451923076923077
2 0.48197115384615385 0.5288461538461539 0.02403846153846154 0.06610576923076923
3 0.5637019230769231 0.41586538461538464 0.027644230769230768 0.078125
2 0.5673076923076923 0.5264423076923077 0.021634615384615384 0.08052884615384616
2 0.5685096153846154 0.5252403846153846 0.019230769230769232 0.07451923076923077
2 0.5841346153846154 0.5252403846153846 0.019230769230769232 0.08052884615384616
2 0.6033653846153846 0.5288461538461539 0.021634615384615384 0.08653846153846154
2 0.6129807692307693 0.5240384615384616 0.02403846153846154 0.09134615384615384
0 0.6430288461538461 0.5276442307692307 0.021634615384615384 0.08774038461538461
0 0.6538461538461539 0.5240384615384616 0.028846153846153848 0.10096153846153846
2 0.6826923076923077 0.5661057692307693 0.08413461538461539 0.21634615384615385
2 0.7067307692307693 0.5324519230769231 0.025240384615384616 0.09134615384615384
2 0.7980769230769231 0.5216346153846154 0.02403846153846154 0.10336538461538461
1 0.9519230769230769 0.5288461538461539 0.09014423076923077 0.08413461538461539