1 0.07572115384615384 0.5769230769230769 0.1502403846153846 0.1310096153846154
1 0.1658653846153846 0.5625 0.11177884615384616 0.12860576923076922
1 0.18509615384615385 0.5252403846153846 0.056490384615384616 0.04927884615384615
1 0.23677884615384615 0.5637019230769231 0.03485576923076923 0.09615384615384616
1 0.2668269230769231 0.5637019230769231 0.037259615384615384 0.06971153846153846
1 0.29447115384615385 0.5612980769230769 0.019230769230769232 0.052884615384615384
1 0.31009615384615385 0.5600961538461539 0.028846153846153848 0.05048076923076923
1 0.33653846153846156 0.5516826923076923 0.04326923076923077 0.06009615384615385
1 0.45552884615384615 0.5865384615384616 0.16346153846153846 0.20552884615384615
1 0.71875 0.5516826923076923 0.040865384615384616 0.056490384615384616
1 0.7716346153846154 0.5564903846153846 0.07572115384615384 0.08052884615384616
1 0.8942307692307693 0.5492788461538461 0.10096153846153846 0.09014423076923077
1 0.9783653846153846 0.5673076923076923 0.040865384615384616 0.11538461538461539