1 0.030048076923076924 0.5096153846153846 0.06009615384615385 0.056490384615384616
1 0.19831730769230768 0.5012019230769231 0.03125 0.07451923076923077
1 0.20432692307692307 0.5072115384615384 0.02403846153846154 0.05889423076923077
1 0.2848557692307692 0.5132211538461539 0.17427884615384615 0.19951923076923078
1 0.3918269230769231 0.5132211538461539 0.05889423076923077 0.08173076923076923
1 0.39302884615384615 0.5096153846153846 0.055288461538461536 0.08653846153846154
4 0.4375 0.36778846153846156 0.01201923076923077 0.03485576923076923
5 0.4362980769230769 0.36658653846153844 0.01201923076923077 0.028846153846153848
4 0.5012019230769231 0.35096153846153844 0.018028846153846152 0.05048076923076923
4 0.5012019230769231 0.3545673076923077 0.009615384615384616 0.03485576923076923
3 0.6009615384615384 0.4182692307692308 0.015625 0.038461538461538464
4 0.6021634615384616 0.4206730769230769 0.019230769230769232 0.038461538461538464
4 0.8257211538461539 0.30528846153846156 0.03125 0.08653846153846154
3 0.8305288461538461 0.3137019230769231 0.027644230769230768 0.07451923076923077