1 0.05048076923076923 0.5961538461538461 0.09975961538461539 0.28725961538461536
1 0.8737980769230769 0.6514423076923077 0.25 0.6899038461538461
1 0.16826923076923078 0.5745192307692307 0.13822115384615385 0.15625
1 0.40024038461538464 0.5432692307692307 0.09615384615384616 0.109375
1 0.4579326923076923 0.515625 0.037259615384615384 0.04927884615384615
2 0.6802884615384616 0.4807692307692308 0.021634615384615384 0.06850961538461539
2 0.6911057692307693 0.53125 0.018028846153846152 0.078125
2 0.7151442307692307 0.5384615384615384 0.025240384615384616 0.06971153846153846
2 0.7163461538461539 0.5432692307692307 0.027644230769230768 0.07451923076923077
2 0.7247596153846154 0.4855769230769231 0.028846153846153848 0.06610576923076923
2 0.7439903846153846 0.53125 0.038461538461538464 0.10336538461538461