2 0.11538461538461539 0.5192307692307693 0.02403846153846154 0.052884615384615384
2 0.12379807692307693 0.5240384615384616 0.025240384615384616 0.08413461538461539
2 0.21754807692307693 0.5252403846153846 0.018028846153846152 0.06610576923076923
2 0.2512019230769231 0.5997596153846154 0.08173076923076923 0.32211538461538464
2 0.2439903846153846 0.5961538461538461 0.04447115384615385 0.24639423076923078
2 0.3389423076923077 0.578125 0.07572115384615384 0.328125
1 0.4206730769230769 0.5600961538461539 0.16826923076923078 0.17427884615384615
2 0.44711538461538464 0.5829326923076923 0.06009615384615385 0.25721153846153844
1 0.5673076923076923 0.4951923076923077 0.12259615384615384 0.09375
1 0.6201923076923077 0.5024038461538461 0.09975961538461539 0.07572115384615384
1 0.6634615384615384 0.49399038461538464 0.10576923076923077 0.078125