1 0.052884615384615384 0.5492788461538461 0.04447115384615385 0.05889423076923077
7 0.11778846153846154 0.42908653846153844 0.013221153846153846 0.037259615384615384
1 0.15625 0.5432692307692307 0.037259615384615384 0.055288461538461536
1 0.15865384615384615 0.5384615384615384 0.03365384615384615 0.04447115384615385
1 0.21153846153846154 0.5408653846153846 0.06490384615384616 0.10576923076923077
4 0.21153846153846154 0.43990384615384615 0.019230769230769232 0.03365384615384615
4 0.21634615384615385 0.43149038461538464 0.01201923076923077 0.037259615384615384
1 0.27403846153846156 0.5456730769230769 0.03485576923076923 0.04447115384615385
10 0.3317307692307692 0.49399038461538464 0.08774038461538461 0.16826923076923078
1 0.38822115384615385 0.5649038461538461 0.09615384615384616 0.11538461538461539
1 0.7043269230769231 0.5769230769230769 0.30649038461538464 0.29927884615384615