1 0.2403846153846154 0.546875 0.0625 0.07451923076923077
1 0.24278846153846154 0.5420673076923077 0.06490384615384616 0.06610576923076923
1 0.31850961538461536 0.5372596153846154 0.06009615384615385 0.07211538461538461
1 0.31971153846153844 0.5432692307692307 0.06009615384615385 0.06850961538461539
1 0.38100961538461536 0.5264423076923077 0.03365384615384615 0.04326923076923077
1 0.4326923076923077 0.5252403846153846 0.0625 0.07211538461538461
1 0.43149038461538464 0.5300480769230769 0.046875 0.06610576923076923
1 0.5120192307692307 0.5216346153846154 0.046875 0.06610576923076923
1 0.546875 0.5336538461538461 0.03125 0.08653846153846154
1 0.5949519230769231 0.5228365384615384 0.09615384615384616 0.13221153846153846
1 0.5901442307692307 0.5336538461538461 0.08052884615384616 0.12259615384615384
1 0.7199519230769231 0.5769230769230769 0.2247596153846154 0.2283653846153846
1 0.7223557692307693 0.5649038461538461 0.2283653846153846 0.2091346153846154