1 0.06129807692307692 0.5877403846153846 0.12259615384615384 0.16105769230769232
1 0.009615384615384616 0.6225961538461539 0.019230769230769232 0.11057692307692307
1 0.29086538461538464 0.6225961538461539 0.34134615384615385 0.48677884615384615
1 0.1310096153846154 0.5721153846153846 0.019230769230769232 0.08653846153846154
1 0.44350961538461536 0.5576923076923077 0.06971153846153846 0.1875
1 0.5276442307692307 0.5649038461538461 0.038461538461538464 0.11177884615384616
4 0.5180288461538461 0.4495192307692308 0.019230769230769232 0.040865384615384616
1 0.5649038461538461 0.5661057692307693 0.056490384615384616 0.16947115384615385
1 0.6682692307692307 0.5877403846153846 0.2127403846153846 0.2536057692307692
2 0.7524038461538461 0.5180288461538461 0.046875 0.19951923076923078
2 0.7512019230769231 0.5252403846153846 0.028846153846153848 0.19951923076923078