1 0.04807692307692308 0.5384615384615384 0.09615384615384616 0.16826923076923078
1 0.19471153846153846 0.5396634615384616 0.203125 0.23197115384615385
7 0.25240384615384615 0.33774038461538464 0.018028846153846152 0.046875
6 0.2536057692307692 0.3317307692307692 0.019230769230769232 0.028846153846153848
1 0.48197115384615385 0.6478365384615384 0.39302884615384615 0.47475961538461536
7 0.3088942307692308 0.3317307692307692 0.019230769230769232 0.05048076923076923
1 0.31971153846153844 0.49399038461538464 0.038461538461538464 0.040865384615384616
6 0.31009615384615385 0.32572115384615385 0.019230769230769232 0.028846153846153848
6 0.390625 0.33653846153846156 0.013221153846153846 0.04447115384615385
6 0.45072115384615385 0.3329326923076923 0.021634615384615384 0.046875
6 0.5697115384615384 0.39302884615384615 0.019230769230769232 0.03485576923076923
1 0.8317307692307693 0.5144230769230769 0.1310096153846154 0.16826923076923078
1 0.8930288461538461 0.4879807692307692 0.052884615384615384 0.08052884615384616