1 0.16105769230769232 0.5757211538461539 0.16346153846153846 0.08774038461538461
1 0.30649038461538464 0.5625 0.14423076923076922 0.16826923076923078
1 0.3762019230769231 0.5480769230769231 0.04447115384615385 0.078125
1 0.5204326923076923 0.5649038461538461 0.16826923076923078 0.15264423076923078
2 0.6286057692307693 0.5649038461538461 0.03365384615384615 0.15384615384615385
1 0.6766826923076923 0.5612980769230769 0.12139423076923077 0.11899038461538461
1 0.6538461538461539 0.5697115384615384 0.07572115384615384 0.1310096153846154
2 0.6286057692307693 0.5673076923076923 0.02403846153846154 0.14302884615384615
1 0.7043269230769231 0.5805288461538461 0.07211538461538461 0.14423076923076922
1 0.7175480769230769 0.5865384615384616 0.09134615384615384 0.16346153846153846
1 0.7307692307692307 0.6225961538461539 0.05048076923076923 0.16947115384615385
1 0.8581730769230769 0.6057692307692307 0.25 0.3942307692307692
1 0.8665865384615384 0.5985576923076923 0.23677884615384615 0.38221153846153844