1 0.051682692307692304 0.5769230769230769 0.10336538461538461 0.18028846153846154
2 0.10096153846153846 0.5276442307692307 0.021634615384615384 0.03485576923076923
2 0.20552884615384615 0.5492788461538461 0.021634615384615384 0.11177884615384616
6 0.23677884615384615 0.4362980769230769 0.013221153846153846 0.046875
2 0.24639423076923078 0.5444711538461539 0.021634615384615384 0.11177884615384616
2 0.25240384615384615 0.5432692307692307 0.018028846153846152 0.11177884615384616
2 0.2620192307692308 0.5456730769230769 0.015625 0.10576923076923077
2 0.28125 0.5384615384615384 0.013221153846153846 0.08774038461538461
2 0.2800480769230769 0.5456730769230769 0.01201923076923077 0.09975961538461539
2 0.29447115384615385 0.5372596153846154 0.019230769230769232 0.12139423076923077
2 0.3954326923076923 0.5384615384615384 0.018028846153846152 0.09134615384615384
2 0.41346153846153844 0.5324519230769231 0.04326923076923077 0.109375
2 0.40384615384615385 0.5336538461538461 0.015625 0.10336538461538461
1 0.48677884615384615 0.5204326923076923 0.040865384615384616 0.055288461538461536
2 0.5288461538461539 0.5240384615384616 0.025240384615384616 0.10336538461538461
2 0.53125 0.5228365384615384 0.027644230769230768 0.109375
6 0.5336538461538461 0.4206730769230769 0.018028846153846152 0.04927884615384615
1 0.5637019230769231 0.5540865384615384 0.052884615384615384 0.1346153846153846
1 0.6466346153846154 0.5721153846153846 0.1814903846153846 0.20552884615384615
1 0.8425480769230769 0.6754807692307693 0.31009615384615385 0.5024038461538461