2 0.45913461538461536 0.5288461538461539 0.038461538461538464 0.109375
1 0.06490384615384616 0.6322115384615384 0.12740384615384615 0.31850961538461536
10 0.07572115384615384 0.49278846153846156 0.14302884615384615 0.11899038461538461
1 0.2920673076923077 0.6610576923076923 0.33052884615384615 0.421875
1 0.1502403846153846 0.5612980769230769 0.04447115384615385 0.06490384615384616
7 0.3389423076923077 0.24759615384615385 0.019230769230769232 0.06490384615384616
10 0.48197115384615385 0.5048076923076923 0.055288461538461536 0.10336538461538461
6 0.46634615384615385 0.2800480769230769 0.019230769230769232 0.06009615384615385
0 0.6262019230769231 0.5324519230769231 0.06971153846153846 0.12860576923076922
6 0.6418269230769231 0.3954326923076923 0.02403846153846154 0.0625
1 0.8858173076923077 0.5480769230769231 0.22596153846153846 0.6586538461538461