1 0.07211538461538461 0.6117788461538461 0.13701923076923078 0.1875
1 0.1658653846153846 0.5805288461538461 0.10096153846153846 0.1310096153846154
1 0.22716346153846154 0.5625 0.0625 0.09134615384615384
1 0.26322115384615385 0.5492788461538461 0.06009615384615385 0.10697115384615384
1 0.27283653846153844 0.5480769230769231 0.046875 0.10697115384615384
1 0.32211538461538464 0.5336538461538461 0.040865384615384616 0.04447115384615385
1 0.3737980769230769 0.5288461538461539 0.04326923076923077 0.0625
1 0.3762019230769231 0.5264423076923077 0.04326923076923077 0.05048076923076923
1 0.5492788461538461 0.5396634615384616 0.11177884615384616 0.140625
1 0.7944711538461539 0.671875 0.40865384615384615 0.40024038461538464
2 0.6694711538461539 0.4987980769230769 0.028846153846153848 0.078125