2 0.4675480769230769 0.5060096153846154 0.01201923076923077 0.05048076923076923
2 0.4831730769230769 0.5072115384615384 0.013221153846153846 0.0625
2 0.07451923076923077 0.49399038461538464 0.03365384615384615 0.09615384615384616
2 0.04567307692307692 0.49759615384615385 0.027644230769230768 0.08774038461538461
2 0.3137019230769231 0.5132211538461539 0.02403846153846154 0.08173076923076923
2 0.3317307692307692 0.5072115384615384 0.02403846153846154 0.08653846153846154
2 0.35096153846153844 0.5300480769230769 0.018028846153846152 0.056490384615384616
10 0.5456730769230769 0.49038461538461536 0.10096153846153846 0.12259615384615384
10 0.640625 0.4723557692307692 0.06850961538461539 0.11899038461538461
1 0.7091346153846154 0.5024038461538461 0.056490384615384616 0.07211538461538461
0 0.7632211538461539 0.5096153846153846 0.028846153846153848 0.08653846153846154
2 0.9302884615384616 0.47475961538461536 0.02403846153846154 0.056490384615384616
2 0.9495192307692307 0.47596153846153844 0.021634615384615384 0.0625