2 0.4855769230769231 0.5132211538461539 0.006009615384615385 0.037259615384615384
2 0.47836538461538464 0.515625 0.007211538461538462 0.037259615384615384
7 0.0673076923076923 0.48197115384615385 0.013221153846153846 0.046875
1 0.19471153846153846 0.5528846153846154 0.08052884615384616 0.08653846153846154
7 0.296875 0.3894230769230769 0.019230769230769232 0.05048076923076923
1 0.3389423076923077 0.5276442307692307 0.0625 0.08173076923076923
4 0.36177884615384615 0.38461538461538464 0.018028846153846152 0.04326923076923077
4 0.3641826923076923 0.37740384615384615 0.021634615384615384 0.05048076923076923
1 0.40384615384615385 0.5192307692307693 0.027644230769230768 0.038461538461538464
4 0.46634615384615385 0.45072115384615385 0.02403846153846154 0.037259615384615384
4 0.46634615384615385 0.45072115384615385 0.01201923076923077 0.040865384615384616
1 0.6117788461538461 0.49038461538461536 0.052884615384615384 0.06009615384615385