1 0.018028846153846152 0.5793269230769231 0.03485576923076923 0.15264423076923078
1 0.013221153846153846 0.5877403846153846 0.025240384615384616 0.11899038461538461
10 0.07572115384615384 0.5024038461538461 0.10697115384615384 0.08653846153846154
1 0.09134615384615384 0.5757211538461539 0.13701923076923078 0.1778846153846154
1 0.2848557692307692 0.5913461538461539 0.3245192307692308 0.42427884615384615
3 0.31850961538461536 0.33052884615384615 0.018028846153846152 0.05048076923076923
6 0.41346153846153844 0.3245192307692308 0.015625 0.040865384615384616
1 0.5060096153846154 0.5276442307692307 0.04927884615384615 0.05889423076923077
6 0.49278846153846156 0.32572115384615385 0.015625 0.04927884615384615
1 0.6069711538461539 0.5240384615384616 0.07451923076923077 0.06971153846153846
1 0.6971153846153846 0.5649038461538461 0.16826923076923078 0.1814903846153846
6 0.6802884615384616 0.41466346153846156 0.015625 0.04326923076923077
6 0.9266826923076923 0.25240384615384615 0.04927884615384615 0.14302884615384615
2 0.9615384615384616 0.5408653846153846 0.03365384615384615 0.11899038461538461