1 0.03245192307692308 0.5685096153846154 0.0625 0.15985576923076922
1 0.8882211538461539 0.6742788461538461 0.21875 0.3004807692307692
1 0.07091346153846154 0.5024038461538461 0.1346153846153846 0.08413461538461539
1 0.09495192307692307 0.5757211538461539 0.06850961538461539 0.11538461538461539
1 0.09615384615384616 0.5697115384615384 0.06850961538461539 0.09615384615384616
1 0.10336538461538461 0.5132211538461539 0.05889423076923077 0.07451923076923077
1 0.15384615384615385 0.5300480769230769 0.06009615384615385 0.10697115384615384
1 0.16105769230769232 0.5384615384615384 0.04927884615384615 0.109375
1 0.19591346153846154 0.5372596153846154 0.04927884615384615 0.07451923076923077
1 0.20192307692307693 0.5360576923076923 0.04326923076923077 0.05889423076923077
1 0.22716346153846154 0.5144230769230769 0.038461538461538464 0.056490384615384616
1 0.23557692307692307 0.5180288461538461 0.028846153846153848 0.06850961538461539
1 0.2548076923076923 0.5180288461538461 0.028846153846153848 0.0625
1 0.25961538461538464 0.5204326923076923 0.025240384615384616 0.06850961538461539
10 0.27283653846153844 0.49759615384615385 0.03125 0.10576923076923077
10 0.27884615384615385 0.49278846153846156 0.027644230769230768 0.11298076923076923
10 0.4050480769230769 0.46875 0.07451923076923077 0.1622596153846154
1 0.4879807692307692 0.5132211538461539 0.06009615384615385 0.07211538461538461
1 0.4951923076923077 0.5144230769230769 0.06850961538461539 0.0625
1 0.5516826923076923 0.5180288461538461 0.06490384615384616 0.10096153846153846
1 0.6021634615384616 0.5192307692307693 0.056490384615384616 0.10697115384615384
1 0.640625 0.59375 0.11899038461538461 0.1310096153846154
1 0.6634615384615384 0.5180288461538461 0.11899038461538461 0.08653846153846154
1 0.7524038461538461 0.5649038461538461 0.12259615384615384 0.20072115384615385
1 0.8870192307692307 0.5709134615384616 0.2247596153846154 0.23076923076923078