0 0.10817307692307693 0.5432692307692307 0.040865384615384616 0.08052884615384616
1 0.17427884615384615 0.5552884615384616 0.12740384615384615 0.14302884615384615
4 0.20552884615384615 0.41947115384615385 0.021634615384615384 0.0625
1 0.30408653846153844 0.5288461538461539 0.056490384615384616 0.0625
1 0.3954326923076923 0.6009615384615384 0.19471153846153846 0.22596153846153846
1 0.47716346153846156 0.5492788461538461 0.125 0.17548076923076922
4 0.5132211538461539 0.3954326923076923 0.019230769230769232 0.05889423076923077
2 0.5697115384615384 0.5084134615384616 0.021634615384615384 0.08653846153846154
2 0.5889423076923077 0.5480769230769231 0.038461538461538464 0.1622596153846154
2 0.6105769230769231 0.5372596153846154 0.027644230769230768 0.16346153846153846
2 0.6286057692307693 0.5360576923076923 0.03365384615384615 0.15264423076923078
2 0.6826923076923077 0.5204326923076923 0.027644230769230768 0.13822115384615385
1 0.7632211538461539 0.5132211538461539 0.14903846153846154 0.10697115384615384
2 0.7115384615384616 0.5036057692307693 0.03365384615384615 0.09735576923076923
2 0.7091346153846154 0.5192307692307693 0.027644230769230768 0.125
2 0.8221153846153846 0.48677884615384615 0.04326923076923077 0.12860576923076922
2 0.8197115384615384 0.4855769230769231 0.03485576923076923 0.11899038461538461
2 0.8870192307692307 0.5144230769230769 0.06610576923076923 0.109375