1 0.05889423076923077 0.5709134615384616 0.11538461538461539 0.13701923076923078
1 0.6009615384615384 0.5420673076923077 0.1310096153846154 0.13822115384615385
1 0.13822115384615385 0.5492788461538461 0.08774038461538461 0.11177884615384616
1 0.26322115384615385 0.5192307692307693 0.06971153846153846 0.09134615384615384
10 0.2668269230769231 0.5144230769230769 0.06971153846153846 0.08653846153846154
1 0.33052884615384615 0.5204326923076923 0.04447115384615385 0.05048076923076923
1 0.33052884615384615 0.5216346153846154 0.04326923076923077 0.052884615384615384
1 0.3581730769230769 0.5204326923076923 0.03485576923076923 0.04447115384615385
1 0.42908653846153844 0.5048076923076923 0.025240384615384616 0.02403846153846154
0 0.46153846153846156 0.5132211538461539 0.01201923076923077 0.038461538461538464
1 0.5360576923076923 0.5384615384615384 0.040865384615384616 0.09014423076923077