1 0.019230769230769232 0.5432692307692307 0.028846153846153848 0.04927884615384615
6 0.06009615384615385 0.45552884615384615 0.021634615384615384 0.04326923076923077
7 0.0625 0.4675480769230769 0.018028846153846152 0.04927884615384615
1 0.109375 0.5288461538461539 0.03365384615384615 0.04927884615384615
1 0.14182692307692307 0.5252403846153846 0.046875 0.055288461538461536
1 0.17548076923076922 0.5192307692307693 0.03125 0.052884615384615384
1 0.17668269230769232 0.5192307692307693 0.021634615384615384 0.04326923076923077
1 0.22115384615384615 0.5144230769230769 0.046875 0.055288461538461536
7 0.21634615384615385 0.3737980769230769 0.019230769230769232 0.055288461538461536
1 0.27403846153846156 0.5168269230769231 0.046875 0.06971153846153846
1 0.2764423076923077 0.5180288461538461 0.04927884615384615 0.06610576923076923
4 0.28846153846153844 0.3713942307692308 0.015625 0.04447115384615385
1 0.31009615384615385 0.5132211538461539 0.028846153846153848 0.0625
1 0.34615384615384615 0.5132211538461539 0.052884615384615384 0.08653846153846154
1 0.34134615384615385 0.5024038461538461 0.03485576923076923 0.06971153846153846
1 0.4567307692307692 0.5540865384615384 0.2247596153846154 0.328125
1 0.5889423076923077 0.4831730769230769 0.06490384615384616 0.06009615384615385
3 0.5949519230769231 0.39302884615384615 0.03365384615384615 0.06009615384615385
3 0.5925480769230769 0.38822115384615385 0.027644230769230768 0.08653846153846154
1 0.6634615384615384 0.5480769230769231 0.15985576923076922 0.13221153846153846
2 0.6550480769230769 0.47836538461538464 0.028846153846153848 0.03365384615384615
1 0.9483173076923077 0.6959134615384616 0.09975961538461539 0.23798076923076922