2 0.5721153846153846 0.5240384615384616 0.015625 0.06490384615384616
0 0.6610576923076923 0.5288461538461539 0.025240384615384616 0.08774038461538461
0 0.008413461538461538 0.5564903846153846 0.015625 0.07572115384615384
2 0.484375 0.5228365384615384 0.019230769230769232 0.06850961538461539
1 0.12139423076923077 0.5408653846153846 0.08413461538461539 0.08173076923076923
1 0.33052884615384615 0.6526442307692307 0.32572115384615385 0.41225961538461536
7 0.2800480769230769 0.27524038461538464 0.019230769230769232 0.0625
6 0.3894230769230769 0.28725961538461536 0.018028846153846152 0.06971153846153846
2 0.5420673076923077 0.53125 0.021634615384615384 0.08173076923076923
2 0.5444711538461539 0.5288461538461539 0.018028846153846152 0.08052884615384616
2 0.5576923076923077 0.5264423076923077 0.021634615384615384 0.08413461538461539
2 0.5600961538461539 0.5300480769230769 0.019230769230769232 0.07572115384615384
6 0.5625 0.40865384615384615 0.021634615384615384 0.0625
1 0.8894230769230769 0.49759615384615385 0.21634615384615385 0.125
2 0.8569711538461539 0.5721153846153846 0.08774038461538461 0.265625