1 0.13942307692307693 0.5372596153846154 0.06971153846153846 0.07211538461538461
1 0.21153846153846154 0.53125 0.037259615384615384 0.05889423076923077
1 0.4098557692307692 0.5336538461538461 0.09014423076923077 0.125
7 0.40384615384615385 0.47115384615384615 0.009615384615384616 0.03485576923076923
1 0.4579326923076923 0.53125 0.04326923076923077 0.08653846153846154
6 0.4579326923076923 0.4375 0.009615384615384616 0.028846153846153848
6 0.48197115384615385 0.47115384615384615 0.009615384615384616 0.028846153846153848
6 0.5132211538461539 0.45552884615384615 0.009615384615384616 0.028846153846153848
1 0.5396634615384616 0.5276442307692307 0.055288461538461536 0.08653846153846154
1 0.5961538461538461 0.5336538461538461 0.10096153846153846 0.12259615384615384
1 0.7415865384615384 0.5817307692307693 0.19471153846153846 0.203125