1 0.13701923076923078 0.546875 0.07211538461538461 0.055288461538461536
1 0.328125 0.5492788461538461 0.078125 0.078125
1 0.3737980769230769 0.5420673076923077 0.04447115384615385 0.06009615384615385
1 0.37740384615384615 0.5420673076923077 0.046875 0.06610576923076923
7 0.39302884615384615 0.24158653846153846 0.02403846153846154 0.06490384615384616
7 0.39302884615384615 0.22596153846153846 0.018028846153846152 0.046875
1 0.41346153846153844 0.5444711538461539 0.040865384615384616 0.04326923076923077
1 0.5072115384615384 0.5144230769230769 0.06850961538461539 0.12139423076923077
10 0.5048076923076923 0.515625 0.056490384615384616 0.11177884615384616
4 0.5288461538461539 0.2283653846153846 0.028846153846153848 0.08774038461538461
4 0.5252403846153846 0.22596153846153846 0.021634615384615384 0.078125
1 0.5492788461538461 0.5288461538461539 0.04447115384615385 0.05889423076923077
1 0.6430288461538461 0.5204326923076923 0.037259615384615384 0.04447115384615385
0 0.6466346153846154 0.5372596153846154 0.027644230769230768 0.078125
4 0.7367788461538461 0.390625 0.021634615384615384 0.07211538461538461
4 0.7367788461538461 0.3918269230769231 0.018028846153846152 0.05048076923076923
1 0.9026442307692307 0.5420673076923077 0.1935096153846154 0.11177884615384616