1 0.009615384615384616 0.5913461538461539 0.019230769230769232 0.19230769230769232
1 0.09375 0.5817307692307693 0.12740384615384615 0.17427884615384615
10 0.09014423076923077 0.4795673076923077 0.10697115384615384 0.07572115384615384
1 0.2848557692307692 0.5901442307692307 0.32572115384615385 0.4182692307692308
3 0.3161057692307692 0.328125 0.019230769230769232 0.056490384615384616
6 0.41346153846153844 0.32572115384615385 0.019230769230769232 0.04927884615384615
1 0.4795673076923077 0.5192307692307693 0.038461538461538464 0.04447115384615385
1 0.4795673076923077 0.5204326923076923 0.028846153846153848 0.04447115384615385
6 0.49158653846153844 0.3269230769230769 0.019230769230769232 0.056490384615384616
1 0.5372596153846154 0.5288461538461539 0.05048076923076923 0.06490384615384616
2 0.6105769230769231 0.5180288461538461 0.015625 0.040865384615384616
1 0.6526442307692307 0.5576923076923077 0.08052884615384616 0.1658653846153846
1 0.8137019230769231 0.6430288461538461 0.36899038461538464 0.4375
6 0.6790865384615384 0.4182692307692308 0.018028846153846152 0.04927884615384615
1 0.8762019230769231 0.4519230769230769 0.23197115384615385 0.10336538461538461
10 0.9278846153846154 0.46634615384615385 0.13822115384615385 0.11177884615384616
6 0.9302884615384616 0.25721153846153844 0.052884615384615384 0.15625