1 0.6682692307692307 0.5024038461538461 0.10576923076923077 0.06971153846153846
1 0.042067307692307696 0.546875 0.06850961538461539 0.09014423076923077
1 0.08774038461538461 0.5384615384615384 0.055288461538461536 0.07451923076923077
1 0.12980769230769232 0.5336538461538461 0.046875 0.07572115384615384
1 0.20673076923076922 0.5384615384615384 0.12740384615384615 0.14302884615384615
4 0.2668269230769231 0.3629807692307692 0.03125 0.055288461538461536
1 0.30528846153846156 0.5084134615384616 0.028846153846153848 0.04326923076923077
1 0.33533653846153844 0.5084134615384616 0.03365384615384615 0.046875
10 0.3701923076923077 0.4807692307692308 0.08052884615384616 0.15625
1 0.5240384615384616 0.5600961538461539 0.20552884615384615 0.203125
1 0.5240384615384616 0.5504807692307693 0.18389423076923078 0.1658653846153846
4 0.4543269230769231 0.43149038461538464 0.019230769230769232 0.056490384615384616
4 0.45552884615384615 0.43028846153846156 0.015625 0.040865384615384616
4 0.6586538461538461 0.20673076923076922 0.05889423076923077 0.08173076923076923
1 0.7644230769230769 0.4879807692307692 0.140625 0.09375
1 0.9783653846153846 0.4735576923076923 0.037259615384615384 0.1310096153846154