1 0.15384615384615385 0.49399038461538464 0.08052884615384616 0.08173076923076923
1 0.05048076923076923 0.53125 0.10096153846153846 0.21634615384615385
1 0.25721153846153844 0.49278846153846156 0.06850961538461539 0.07451923076923077
3 0.2644230769230769 0.25721153846153844 0.02403846153846154 0.0625
3 0.26802884615384615 0.2668269230769231 0.019230769230769232 0.06971153846153846
4 0.3918269230769231 0.2644230769230769 0.02403846153846154 0.06009615384615385
1 0.4855769230769231 0.5132211538461539 0.07572115384615384 0.09735576923076923
4 0.4855769230769231 0.265625 0.019230769230769232 0.05889423076923077
1 0.5817307692307693 0.48677884615384615 0.027644230769230768 0.04447115384615385
1 0.6935096153846154 0.49038461538461536 0.056490384615384616 0.052884615384615384
1 0.7019230769230769 0.48677884615384615 0.038461538461538464 0.038461538461538464
4 0.7079326923076923 0.38822115384615385 0.028846153846153848 0.08653846153846154
4 0.7115384615384616 0.3942307692307692 0.018028846153846152 0.05048076923076923
1 0.8545673076923077 0.4891826923076923 0.12259615384615384 0.06490384615384616