6 0.08173076923076923 0.078125 0.16346153846153846 0.15625
1 0.0829326923076923 0.5180288461538461 0.055288461538461536 0.04447115384615385
1 0.17668269230769232 0.5024038461538461 0.10096153846153846 0.0625
1 0.25961538461538464 0.49158653846153844 0.09375 0.06490384615384616
1 0.33653846153846156 0.5216346153846154 0.08413461538461539 0.07451923076923077
1 0.4423076923076923 0.49278846153846156 0.06009615384615385 0.0625
1 0.47716346153846156 0.4963942307692308 0.025240384615384616 0.04447115384615385
3 0.5685096153846154 0.3605769230769231 0.02403846153846154 0.0625
1 0.5733173076923077 0.4891826923076923 0.025240384615384616 0.04927884615384615
1 0.5757211538461539 0.4855769230769231 0.025240384615384616 0.040865384615384616
1 0.5925480769230769 0.4951923076923077 0.040865384615384616 0.046875
1 0.6009615384615384 0.49278846153846156 0.038461538461538464 0.05048076923076923
1 0.6225961538461539 0.49278846153846156 0.02403846153846154 0.03365384615384615
1 0.6274038461538461 0.49038461538461536 0.018028846153846152 0.056490384615384616
1 0.6586538461538461 0.49278846153846156 0.055288461538461536 0.06610576923076923
1 0.6598557692307693 0.49759615384615385 0.05048076923076923 0.06610576923076923
3 0.6526442307692307 0.35697115384615385 0.015625 0.04326923076923077
1 0.7211538461538461 0.5096153846153846 0.08052884615384616 0.10336538461538461
4 0.7259615384615384 0.41586538461538464 0.018028846153846152 0.04927884615384615
8 0.8004807692307693 0.07692307692307693 0.05048076923076923 0.11778846153846154
3 0.7992788461538461 0.07572115384615384 0.027644230769230768 0.09375
1 0.8557692307692307 0.5096153846153846 0.07451923076923077 0.11298076923076923
2 0.9026442307692307 0.48197115384615385 0.02403846153846154 0.078125
2 0.9831730769230769 0.49399038461538464 0.025240384615384616 0.1310096153846154