2 0.5961538461538461 0.4891826923076923 0.009615384615384616 0.046875
1 0.12259615384615384 0.5192307692307693 0.078125 0.09014423076923077
1 0.19471153846153846 0.5 0.08052884615384616 0.078125
1 0.2824519230769231 0.5240384615384616 0.12860576923076922 0.1346153846153846
4 0.23918269230769232 0.18990384615384615 0.03485576923076923 0.08774038461538461
4 0.2403846153846154 0.19110576923076922 0.025240384615384616 0.08774038461538461
4 0.36177884615384615 0.18990384615384615 0.02403846153846154 0.078125
1 0.45913461538461536 0.4951923076923077 0.03125 0.040865384615384616
1 0.49158653846153844 0.5012019230769231 0.06009615384615385 0.078125
4 0.6682692307692307 0.35336538461538464 0.018028846153846152 0.056490384615384616
1 0.8100961538461539 0.49399038461538464 0.1310096153846154 0.08173076923076923
1 0.8822115384615384 0.49759615384615385 0.1622596153846154 0.11778846153846154