1 0.10096153846153846 0.5 0.10576923076923077 0.06971153846153846
1 0.11057692307692307 0.5036057692307693 0.10096153846153846 0.09735576923076923
1 0.16346153846153846 0.5168269230769231 0.03365384615384615 0.052884615384615384
1 0.22355769230769232 0.5144230769230769 0.07451923076923077 0.08774038461538461
1 0.22716346153846154 0.5084134615384616 0.055288461538461536 0.05048076923076923
1 0.37259615384615385 0.5024038461538461 0.07211538461538461 0.11177884615384616
1 0.4338942307692308 0.4951923076923077 0.040865384615384616 0.0625
1 0.48677884615384615 0.4891826923076923 0.021634615384615384 0.021634615384615384
1 0.5216346153846154 0.4951923076923077 0.028846153846153848 0.038461538461538464
1 0.7163461538461539 0.5492788461538461 0.15985576923076922 0.18509615384615385
1 0.7115384615384616 0.5432692307692307 0.14903846153846154 0.140625
2 0.7620192307692307 0.49158653846153844 0.02403846153846154 0.09615384615384616
1 0.8149038461538461 0.484375 0.09375 0.10576923076923077