2 0.08774038461538461 0.5216346153846154 0.019230769230769232 0.052884615384615384
1 0.12259615384615384 0.5540865384615384 0.08052884615384616 0.10336538461538461
1 0.22716346153846154 0.5492788461538461 0.08052884615384616 0.11899038461538461
2 0.20192307692307693 0.5372596153846154 0.027644230769230768 0.14423076923076922
2 0.2091346153846154 0.5444711538461539 0.018028846153846152 0.1310096153846154
2 0.22596153846153846 0.53125 0.019230769230769232 0.15384615384615385
2 0.27884615384615385 0.5372596153846154 0.028846153846153848 0.1310096153846154
2 0.28365384615384615 0.5336538461538461 0.025240384615384616 0.12740384615384615
2 0.2824519230769231 0.5348557692307693 0.021634615384615384 0.12259615384615384
2 0.3329326923076923 0.5336538461538461 0.027644230769230768 0.1310096153846154
2 0.3918269230769231 0.5252403846153846 0.037259615384615384 0.1466346153846154
1 0.43509615384615385 0.5204326923076923 0.055288461538461536 0.06490384615384616
2 0.4338942307692308 0.5204326923076923 0.025240384615384616 0.1346153846153846
2 0.5228365384615384 0.5108173076923077 0.02403846153846154 0.09615384615384616
2 0.5252403846153846 0.5024038461538461 0.015625 0.078125
3 0.5817307692307693 0.3076923076923077 0.027644230769230768 0.09134615384615384
2 0.8882211538461539 0.48197115384615385 0.03485576923076923 0.13822115384615385
2 0.9194711538461539 0.4831730769230769 0.03365384615384615 0.14302884615384615
2 0.9519230769230769 0.4855769230769231 0.028846153846153848 0.15865384615384615
2 0.9819711538461539 0.46875 0.018028846153846152 0.1346153846153846