1 0.25721153846153844 0.5276442307692307 0.040865384615384616 0.04326923076923077
1 0.26322115384615385 0.5276442307692307 0.046875 0.0625
1 0.30649038461538464 0.5216346153846154 0.03485576923076923 0.055288461538461536
1 0.35697115384615385 0.5264423076923077 0.0625 0.08413461538461539
1 0.40865384615384615 0.5240384615384616 0.027644230769230768 0.055288461538461536
1 0.4519230769230769 0.5540865384615384 0.10576923076923077 0.12860576923076922
1 0.45552884615384615 0.45913461538461536 0.08173076923076923 0.078125
10 0.4543269230769231 0.46875 0.07451923076923077 0.09615384615384616
4 0.4675480769230769 0.39903846153846156 0.025240384615384616 0.04447115384615385
1 0.5012019230769231 0.5180288461538461 0.040865384615384616 0.06610576923076923
4 0.5540865384615384 0.43509615384615385 0.021634615384615384 0.04927884615384615
1 0.6802884615384616 0.5216346153846154 0.06610576923076923 0.056490384615384616