1 0.828125 0.5240384615384616 0.13701923076923078 0.0625
1 0.9423076923076923 0.5432692307692307 0.11298076923076923 0.07451923076923077
1 0.08533653846153846 0.5612980769230769 0.1310096153846154 0.1346153846153846
0 0.010817307692307692 0.5649038461538461 0.021634615384615384 0.1310096153846154
1 0.23918269230769232 0.5444711538461539 0.052884615384615384 0.056490384615384616
1 0.24158653846153846 0.5444711538461539 0.05048076923076923 0.05889423076923077
1 0.3786057692307692 0.53125 0.03485576923076923 0.05048076923076923
1 0.40865384615384615 0.5204326923076923 0.025240384615384616 0.03125
2 0.5168269230769231 0.5336538461538461 0.021634615384615384 0.06971153846153846
2 0.5144230769230769 0.53125 0.018028846153846152 0.08052884615384616
0 0.6959134615384616 0.5288461538461539 0.040865384615384616 0.140625