1 0.17668269230769232 0.5180288461538461 0.26802884615384615 0.14423076923076922
2 0.08533653846153846 0.4495192307692308 0.04326923076923077 0.07211538461538461
6 0.11778846153846154 0.3112980769230769 0.03125 0.07451923076923077
6 0.12139423076923077 0.31490384615384615 0.025240384615384616 0.07451923076923077
1 0.48197115384615385 0.47115384615384615 0.021634615384615384 0.03365384615384615
1 0.5384615384615384 0.4831730769230769 0.018028846153846152 0.056490384615384616
1 0.5733173076923077 0.4879807692307692 0.04927884615384615 0.06009615384615385
1 0.5685096153846154 0.49038461538461536 0.037259615384615384 0.046875
1 0.6117788461538461 0.49278846153846156 0.0625 0.07211538461538461
6 0.6117788461538461 0.2824519230769231 0.02403846153846154 0.08653846153846154
1 0.8870192307692307 0.49038461538461536 0.22115384615384615 0.1875
1 0.8882211538461539 0.4987980769230769 0.20673076923076922 0.17548076923076922
2 0.7992788461538461 0.46153846153846156 0.02403846153846154 0.09975961538461539
2 0.7992788461538461 0.4639423076923077 0.019230769230769232 0.09735576923076923