0 0.13701923076923078 0.5036057692307693 0.028846153846153848 0.03125
1 0.17307692307692307 0.4987980769230769 0.07211538461538461 0.04326923076923077
1 0.17548076923076922 0.49759615384615385 0.07451923076923077 0.037259615384615384
7 0.23677884615384615 0.4326923076923077 0.013221153846153846 0.03125
7 0.23798076923076922 0.43509615384615385 0.015625 0.03365384615384615
1 0.3449519230769231 0.49278846153846156 0.055288461538461536 0.06610576923076923
7 0.3629807692307692 0.3798076923076923 0.019230769230769232 0.04326923076923077
7 0.3629807692307692 0.3798076923076923 0.009615384615384616 0.03125
1 0.38341346153846156 0.48677884615384615 0.038461538461538464 0.04326923076923077
1 0.38341346153846156 0.48197115384615385 0.03125 0.03365384615384615
6 0.4182692307692308 0.37259615384615385 0.015625 0.037259615384615384
6 0.4182692307692308 0.37259615384615385 0.01201923076923077 0.028846153846153848
6 0.5240384615384616 0.39302884615384615 0.015625 0.04326923076923077
1 0.6033653846153846 0.47115384615384615 0.07572115384615384 0.06009615384615385
2 0.6009615384615384 0.4855769230769231 0.025240384615384616 0.08052884615384616