10 0.0625 0.4807692307692308 0.125 0.171875
1 0.11538461538461539 0.5600961538461539 0.09735576923076923 0.10576923076923077
1 0.1814903846153846 0.4855769230769231 0.13701923076923078 0.1346153846153846
1 0.28365384615384615 0.6225961538461539 0.27524038461538464 0.33413461538461536
1 0.38341346153846156 0.49759615384615385 0.15865384615384615 0.2620192307692308
1 0.4338942307692308 0.5192307692307693 0.07572115384615384 0.25961538461538464
1 0.5144230769230769 0.5420673076923077 0.06610576923076923 0.08052884615384616
1 0.53125 0.5336538461538461 0.028846153846153848 0.109375
1 0.5805288461538461 0.5288461538461539 0.09735576923076923 0.1466346153846154
1 0.6526442307692307 0.5552884615384616 0.171875 0.17548076923076922
10 0.7487980769230769 0.4807692307692308 0.11177884615384616 0.19951923076923078
1 0.7524038461538461 0.4807692307692308 0.09975961538461539 0.16947115384615385