10 0.32091346153846156 0.5252403846153846 0.04326923076923077 0.078125
10 0.3245192307692308 0.5252403846153846 0.046875 0.08052884615384616
1 0.3762019230769231 0.546875 0.037259615384615384 0.05048076923076923
1 0.41947115384615385 0.5384615384615384 0.03485576923076923 0.04447115384615385
1 0.4206730769230769 0.5396634615384616 0.028846153846153848 0.04326923076923077
1 0.4855769230769231 0.5348557692307693 0.03365384615384615 0.04326923076923077
2 0.6430288461538461 0.5132211538461539 0.015625 0.09134615384615384
2 0.6454326923076923 0.5144230769230769 0.019230769230769232 0.09615384615384616
10 0.6778846153846154 0.5132211538461539 0.03125 0.052884615384615384
2 0.7463942307692307 0.5396634615384616 0.03125 0.13701923076923078
2 0.7487980769230769 0.5444711538461539 0.021634615384615384 0.140625
2 0.7704326923076923 0.5348557692307693 0.015625 0.11298076923076923
2 0.7932692307692307 0.5300480769230769 0.038461538461538464 0.09735576923076923
2 0.7956730769230769 0.5372596153846154 0.02403846153846154 0.10576923076923077