1 0.04807692307692308 0.5132211538461539 0.040865384615384616 0.055288461538461536
1 0.05889423076923077 0.5084134615384616 0.046875 0.055288461538461536
1 0.10817307692307693 0.5132211538461539 0.08653846153846154 0.08413461538461539
1 0.1875 0.5036057692307693 0.052884615384615384 0.055288461538461536
1 0.1971153846153846 0.5036057692307693 0.052884615384615384 0.038461538461538464
1 0.2956730769230769 0.4963942307692308 0.03125 0.03485576923076923
1 0.33052884615384615 0.4951923076923077 0.03365384615384615 0.04326923076923077
7 0.3701923076923077 0.23798076923076922 0.037259615384615384 0.11177884615384616
1 0.49399038461538464 0.5384615384615384 0.14903846153846154 0.19110576923076922
4 0.5240384615384616 0.2403846153846154 0.03365384615384615 0.09375
1 0.6009615384615384 0.47475961538461536 0.03125 0.04326923076923077
1 0.5997596153846154 0.4735576923076923 0.025240384615384616 0.046875
1 0.7740384615384616 0.5240384615384616 0.22115384615384615 0.23076923076923078
4 0.6850961538461539 0.2920673076923077 0.03365384615384615 0.09735576923076923
4 0.8365384615384616 0.37740384615384615 0.03125 0.09615384615384616