1 0.07572115384615384 0.5360576923076923 0.06610576923076923 0.06850961538461539
1 0.08052884615384616 0.5360576923076923 0.06009615384615385 0.07451923076923077
1 0.18028846153846154 0.5841346153846154 0.1875 0.24278846153846154
4 0.2439903846153846 0.41586538461538464 0.018028846153846152 0.055288461538461536
1 0.30408653846153844 0.5192307692307693 0.03485576923076923 0.04326923076923077
10 0.39903846153846156 0.49278846153846156 0.1814903846153846 0.12259615384615384
1 0.3918269230769231 0.5552884615384616 0.1310096153846154 0.15625
1 0.39302884615384615 0.5504807692307693 0.11538461538461539 0.1346153846153846
4 0.43028846153846156 0.43028846153846156 0.027644230769230768 0.056490384615384616
1 0.5132211538461539 0.5108173076923077 0.08173076923076923 0.06490384615384616
1 0.8305288461538461 0.4795673076923077 0.10697115384615384 0.08774038461538461