1 0.13822115384615385 0.5540865384615384 0.046875 0.038461538461538464
1 0.21634615384615385 0.5504807692307693 0.052884615384615384 0.05889423076923077
1 0.21754807692307693 0.5504807692307693 0.055288461538461536 0.052884615384615384
1 0.29927884615384615 0.5360576923076923 0.046875 0.055288461538461536
1 0.29927884615384615 0.5408653846153846 0.040865384615384616 0.05889423076923077
1 0.43990384615384615 0.5288461538461539 0.04326923076923077 0.0625
1 0.49278846153846156 0.5540865384615384 0.10336538461538461 0.13701923076923078
10 0.5637019230769231 0.5216346153846154 0.03485576923076923 0.056490384615384616
1 0.5697115384615384 0.5180288461538461 0.04326923076923077 0.06850961538461539
1 0.6586538461538461 0.5444711538461539 0.0625 0.06971153846153846
1 0.7271634615384616 0.5396634615384616 0.08052884615384616 0.06610576923076923
1 0.7271634615384616 0.5372596153846154 0.08052884615384616 0.056490384615384616
2 0.7680288461538461 0.5432692307692307 0.021634615384615384 0.09375
1 0.7704326923076923 0.5420673076923077 0.021634615384615384 0.078125
2 0.7872596153846154 0.5396634615384616 0.018028846153846152 0.078125
2 0.8052884615384616 0.5336538461538461 0.021634615384615384 0.08653846153846154
2 0.8040865384615384 0.5348557692307693 0.019230769230769232 0.08052884615384616