1 0.4338942307692308 0.4987980769230769 0.018028846153846152 0.02403846153846154
1 0.16346153846153846 0.5444711538461539 0.1778846153846154 0.15384615384615385
1 0.2668269230769231 0.5132211538461539 0.037259615384615384 0.03365384615384615
1 0.2644230769230769 0.5132211538461539 0.03125 0.04326923076923077
7 0.32091346153846156 0.453125 0.019230769230769232 0.02403846153846154
1 0.3605769230769231 0.5144230769230769 0.038461538461538464 0.055288461538461536
4 0.3786057692307692 0.35216346153846156 0.018028846153846152 0.040865384615384616
4 0.3786057692307692 0.3581730769230769 0.013221153846153846 0.037259615384615384
1 0.39783653846153844 0.5048076923076923 0.03125 0.037259615384615384
4 0.44711538461538464 0.36177884615384615 0.013221153846153846 0.040865384615384616
4 0.4495192307692308 0.3605769230769231 0.013221153846153846 0.05048076923076923
4 0.5793269230769231 0.42908653846153844 0.018028846153846152 0.052884615384615384
4 0.5805288461538461 0.4387019230769231 0.013221153846153846 0.03365384615384615