1 0.9038461538461539 0.5841346153846154 0.18990384615384615 0.4098557692307692
1 0.14423076923076922 0.5817307692307693 0.28846153846153844 0.3004807692307692
1 0.27884615384615385 0.49278846153846156 0.09615384615384616 0.109375
1 0.37259615384615385 0.5168269230769231 0.08173076923076923 0.09615384615384616
7 0.4110576923076923 0.3942307692307692 0.01201923076923077 0.03485576923076923
1 0.44711538461538464 0.4963942307692308 0.03485576923076923 0.05889423076923077
4 0.46274038461538464 0.3942307692307692 0.013221153846153846 0.037259615384615384
4 0.49759615384615385 0.39903846153846156 0.013221153846153846 0.03125
1 0.5096153846153846 0.4963942307692308 0.03485576923076923 0.055288461538461536
1 0.5961538461538461 0.5024038461538461 0.05048076923076923 0.0625
4 0.5877403846153846 0.42908653846153844 0.013221153846153846 0.03485576923076923
1 0.8365384615384616 0.4807692307692308 0.06009615384615385 0.056490384615384616