1 0.030048076923076924 0.5661057692307693 0.06009615384615385 0.20673076923076922
1 0.036057692307692304 0.5901442307692307 0.07211538461538461 0.1935096153846154
1 0.08653846153846154 0.5576923076923077 0.09615384615384616 0.19471153846153846
1 0.11177884615384616 0.5348557692307693 0.07211538461538461 0.13701923076923078
1 0.12379807692307693 0.53125 0.052884615384615384 0.14302884615384615
1 0.17427884615384615 0.5408653846153846 0.08413461538461539 0.14423076923076922
1 0.17908653846153846 0.5372596153846154 0.08774038461538461 0.11899038461538461
2 0.23076923076923078 0.5072115384615384 0.03365384615384615 0.14423076923076922
2 0.23076923076923078 0.5060096153846154 0.025240384615384616 0.14302884615384615
1 0.29927884615384615 0.5216346153846154 0.10096153846153846 0.07451923076923077
2 0.2620192307692308 0.5084134615384616 0.025240384615384616 0.1310096153846154
2 0.2620192307692308 0.5084134615384616 0.02403846153846154 0.11177884615384616
1 0.29927884615384615 0.5228365384615384 0.09375 0.078125
1 0.33533653846153844 0.5072115384615384 0.06490384615384616 0.06850961538461539
1 0.3581730769230769 0.5072115384615384 0.10096153846153846 0.078125
10 0.35096153846153844 0.5144230769230769 0.02403846153846154 0.08052884615384616
10 0.37740384615384615 0.5072115384615384 0.06850961538461539 0.078125
10 0.4495192307692308 0.4807692307692308 0.056490384615384616 0.12259615384615384
10 0.453125 0.48197115384615385 0.056490384615384616 0.12139423076923077
1 0.5108173076923077 0.5192307692307693 0.04447115384615385 0.05889423076923077
1 0.5132211538461539 0.5216346153846154 0.046875 0.06009615384615385
10 0.5192307692307693 0.45552884615384615 0.05889423076923077 0.08653846153846154
10 0.5180288461538461 0.47596153846153844 0.052884615384615384 0.12740384615384615
2 0.5961538461538461 0.5540865384615384 0.056490384615384616 0.35697115384615385
2 0.6490384615384616 0.5492788461538461 0.07211538461538461 0.35697115384615385
2 0.6682692307692307 0.5 0.027644230769230768 0.13221153846153846