1 0.9362980769230769 0.5120192307692307 0.12259615384615384 0.12139423076923077
1 0.9735576923076923 0.8257211538461539 0.04927884615384615 0.34615384615384615
1 0.22235576923076922 0.5733173076923077 0.11538461538461539 0.12139423076923077
1 0.2704326923076923 0.5552884615384616 0.05889423076923077 0.09375
1 0.2776442307692308 0.5552884615384616 0.037259615384615384 0.08653846153846154
1 0.3016826923076923 0.5504807692307693 0.04927884615384615 0.08173076923076923
1 0.30528846153846156 0.5504807692307693 0.028846153846153848 0.078125
1 0.33774038461538464 0.53125 0.06490384615384616 0.08774038461538461
1 0.33533653846153844 0.5336538461538461 0.052884615384615384 0.078125
1 0.46033653846153844 0.5288461538461539 0.03125 0.038461538461538464
1 0.5264423076923077 0.5432692307692307 0.06490384615384616 0.08173076923076923
1 0.59375 0.5685096153846154 0.09375 0.18028846153846154
1 0.5805288461538461 0.5649038461538461 0.0625 0.14302884615384615
1 0.6995192307692307 0.5997596153846154 0.26802884615384615 0.25
1 0.6814903846153846 0.5961538461538461 0.21875 0.22115384615384615