10 0.22355769230769232 0.4495192307692308 0.234375 0.38461538461538464
10 0.25240384615384615 0.46153846153846156 0.23197115384615385 0.38221153846153844
1 0.39783653846153844 0.5228365384615384 0.1310096153846154 0.11177884615384616
1 0.39783653846153844 0.515625 0.12259615384615384 0.13822115384615385
1 0.4951923076923077 0.5096153846153846 0.037259615384615384 0.06009615384615385
1 0.515625 0.49399038461538464 0.04447115384615385 0.06850961538461539
1 0.5697115384615384 0.49158653846153844 0.03125 0.04326923076923077
1 0.7295673076923077 0.49158653846153844 0.03125 0.06610576923076923
1 0.7475961538461539 0.5072115384615384 0.03125 0.08774038461538461
1 0.7884615384615384 0.5024038461538461 0.07211538461538461 0.12259615384615384
1 0.7800480769230769 0.5024038461538461 0.04927884615384615 0.14423076923076922
1 0.8629807692307693 0.4987980769230769 0.1466346153846154 0.1622596153846154
1 0.8701923076923077 0.5048076923076923 0.15865384615384615 0.16826923076923078
1 0.9591346153846154 0.5408653846153846 0.078125 0.24278846153846154
1 0.9603365384615384 0.5288461538461539 0.07211538461538461 0.2932692307692308