2 0.02283653846153846 0.5516826923076923 0.02403846153846154 0.09375
2 0.027644230769230768 0.5528846153846154 0.027644230769230768 0.12860576923076922
2 0.028846153846153848 0.5564903846153846 0.021634615384615384 0.08052884615384616
1 0.12259615384615384 0.5540865384615384 0.08052884615384616 0.10336538461538461
2 0.09615384615384616 0.5204326923076923 0.018028846153846152 0.03125
1 0.22716346153846154 0.5492788461538461 0.08052884615384616 0.11899038461538461
1 0.2824519230769231 0.5288461538461539 0.021634615384615384 0.04927884615384615
1 0.4014423076923077 0.5132211538461539 0.018028846153846152 0.04326923076923077
1 0.43509615384615385 0.5204326923076923 0.055288461538461536 0.06610576923076923
2 0.5144230769230769 0.5120192307692307 0.021634615384615384 0.09735576923076923
2 0.5144230769230769 0.5204326923076923 0.019230769230769232 0.11538461538461539
2 0.5384615384615384 0.5084134615384616 0.015625 0.11538461538461539
3 0.5805288461538461 0.31009615384615385 0.028846153846153848 0.09615384615384616
2 0.6286057692307693 0.5060096153846154 0.019230769230769232 0.12259615384615384
2 0.6274038461538461 0.5096153846153846 0.018028846153846152 0.11298076923076923
2 0.6430288461538461 0.49759615384615385 0.019230769230769232 0.11177884615384616
2 0.6430288461538461 0.49399038461538464 0.018028846153846152 0.10576923076923077
2 0.6670673076923077 0.49278846153846156 0.021634615384615384 0.11177884615384616
2 0.8485576923076923 0.484375 0.021634615384615384 0.15264423076923078
2 0.8521634615384616 0.49158653846153844 0.025240384615384616 0.14423076923076922
2 0.8509615384615384 0.4723557692307692 0.021634615384615384 0.1346153846153846
2 0.8545673076923077 0.49399038461538464 0.027644230769230768 0.14423076923076922
2 0.9086538461538461 0.48677884615384615 0.03125 0.16346153846153846
2 0.9507211538461539 0.47596153846153844 0.021634615384615384 0.15264423076923078
2 0.9543269230769231 0.4855769230769231 0.028846153846153848 0.14903846153846154
2 0.9927884615384616 0.4795673076923077 0.013221153846153846 0.15264423076923078