1 0.040865384615384616 0.5204326923076923 0.06610576923076923 0.028846153846153848
10 0.12259615384615384 0.49158653846153844 0.15264423076923078 0.07451923076923077
1 0.15264423076923078 0.53125 0.078125 0.037259615384615384
1 0.27163461538461536 0.5240384615384616 0.038461538461538464 0.03365384615384615
1 0.27403846153846156 0.5240384615384616 0.040865384615384616 0.037259615384615384
1 0.3173076923076923 0.5132211538461539 0.02403846153846154 0.037259615384615384
1 0.34615384615384615 0.5336538461538461 0.04326923076923077 0.06490384615384616
1 0.3473557692307692 0.5324519230769231 0.040865384615384616 0.05889423076923077
1 0.44350961538461536 0.5829326923076923 0.16826923076923078 0.22115384615384615
1 0.37259615384615385 0.5252403846153846 0.018028846153846152 0.03125
7 0.4254807692307692 0.3942307692307692 0.018028846153846152 0.038461538461538464
3 0.4254807692307692 0.38822115384615385 0.009615384615384616 0.027644230769230768
4 0.47716346153846156 0.3942307692307692 0.013221153846153846 0.027644230769230768
1 0.5108173076923077 0.5180288461538461 0.03365384615384615 0.09134615384615384
1 0.5300480769230769 0.53125 0.013221153846153846 0.046875
4 0.5564903846153846 0.45552884615384615 0.009615384615384616 0.027644230769230768
2 0.796875 0.5288461538461539 0.028846153846153848 0.1875