1 0.08774038461538461 0.5300480769230769 0.17548076923076922 0.16105769230769232
3 0.07091346153846154 0.08533653846153846 0.109375 0.15625
1 0.17668269230769232 0.49759615384615385 0.09975961538461539 0.06009615384615385
1 0.29447115384615385 0.5240384615384616 0.10336538461538461 0.09975961538461539
1 0.38341346153846156 0.4951923076923077 0.055288461538461536 0.056490384615384616
1 0.46634615384615385 0.49278846153846156 0.03485576923076923 0.038461538461538464
3 0.5661057692307693 0.3605769230769231 0.013221153846153846 0.05048076923076923
1 0.6754807692307693 0.4987980769230769 0.07211538461538461 0.09134615384615384
3 0.6526442307692307 0.3557692307692308 0.015625 0.040865384615384616
1 0.7175480769230769 0.4987980769230769 0.037259615384615384 0.09134615384615384
1 0.7632211538461539 0.5108173076923077 0.09615384615384616 0.10576923076923077
4 0.7259615384615384 0.41346153846153844 0.018028846153846152 0.04927884615384615
3 0.8004807692307693 0.07451923076923077 0.025240384615384616 0.09134615384615384
1 0.9014423076923077 0.5096153846153846 0.17548076923076922 0.17427884615384615