10 0.052884615384615384 0.49759615384615385 0.10576923076923077 0.09134615384615384
1 0.025240384615384616 0.5480769230769231 0.05048076923076923 0.052884615384615384
1 0.0985576923076923 0.5480769230769231 0.06490384615384616 0.040865384615384616
1 0.18509615384615385 0.5420673076923077 0.05889423076923077 0.037259615384615384
1 0.18870192307692307 0.5372596153846154 0.06490384615384616 0.038461538461538464
1 0.25240384615384615 0.5288461538461539 0.04326923076923077 0.05889423076923077
1 0.2536057692307692 0.5288461538461539 0.040865384615384616 0.04927884615384615
1 0.3004807692307692 0.5456730769230769 0.052884615384615384 0.07211538461538461
1 0.3016826923076923 0.5492788461538461 0.04927884615384615 0.07451923076923077
1 0.33653846153846156 0.5444711538461539 0.025240384615384616 0.05048076923076923
1 0.4254807692307692 0.5865384615384616 0.125 0.15985576923076922
7 0.39302884615384615 0.3894230769230769 0.018028846153846152 0.04326923076923077
3 0.3918269230769231 0.3858173076923077 0.01201923076923077 0.03125
4 0.44591346153846156 0.38822115384615385 0.01201923076923077 0.038461538461538464
1 0.48677884615384615 0.5516826923076923 0.03365384615384615 0.13221153846153846
1 0.5072115384615384 0.5372596153846154 0.015625 0.04447115384615385
1 0.5264423076923077 0.53125 0.03365384615384615 0.046875
4 0.5300480769230769 0.45072115384615385 0.01201923076923077 0.025240384615384616
4 0.5420673076923077 0.4411057692307692 0.01201923076923077 0.04326923076923077
2 0.9050480769230769 0.5336538461538461 0.05048076923076923 0.1814903846153846