1 0.016826923076923076 0.5901442307692307 0.03365384615384615 0.10697115384615384
1 0.859375 0.6237980769230769 0.2776442307692308 0.38100961538461536
1 0.037259615384615384 0.5685096153846154 0.06009615384615385 0.06971153846153846
1 0.08173076923076923 0.5540865384615384 0.055288461538461536 0.09014423076923077
1 0.22596153846153846 0.5504807692307693 0.046875 0.04447115384615385
1 0.33774038461538464 0.5432692307692307 0.109375 0.15384615384615385
1 0.4026442307692308 0.5432692307692307 0.027644230769230768 0.06610576923076923
1 0.42427884615384615 0.5432692307692307 0.03125 0.06009615384615385
1 0.44591346153846156 0.5300480769230769 0.027644230769230768 0.09014423076923077
1 0.4675480769230769 0.5276442307692307 0.037259615384615384 0.07572115384615384
1 0.4699519230769231 0.5252403846153846 0.03485576923076923 0.07451923076923077
1 0.48677884615384615 0.5360576923076923 0.040865384615384616 0.10576923076923077
1 0.4855769230769231 0.5432692307692307 0.03485576923076923 0.08173076923076923
1 0.5540865384615384 0.5348557692307693 0.125 0.14423076923076922
1 0.5600961538461539 0.5336538461538461 0.12860576923076922 0.12259615384615384
1 0.6454326923076923 0.5600961538461539 0.13221153846153846 0.171875
1 0.7463942307692307 0.5733173076923077 0.1346153846153846 0.2247596153846154