0 0.9110576923076923 0.59375 0.14423076923076922 0.53125
5 0.1310096153846154 0.43990384615384615 0.009615384615384616 0.03125
1 0.18509615384615385 0.5252403846153846 0.08052884615384616 0.046875
1 0.18509615384615385 0.5264423076923077 0.07211538461538461 0.046875
1 0.34615384615384615 0.5192307692307693 0.07211538461538461 0.05048076923076923
1 0.41947115384615385 0.5336538461538461 0.04927884615384615 0.05889423076923077
5 0.4026442307692308 0.3786057692307692 0.01201923076923077 0.03485576923076923
5 0.40384615384615385 0.3798076923076923 0.01201923076923077 0.03365384615384615
3 0.46634615384615385 0.43509615384615385 0.01201923076923077 0.03125
3 0.46634615384615385 0.4423076923076923 0.013221153846153846 0.03485576923076923
4 0.5444711538461539 0.41586538461538464 0.013221153846153846 0.052884615384615384
4 0.5480769230769231 0.41346153846153844 0.018028846153846152 0.04927884615384615