1 0.07451923076923077 0.5480769230769231 0.14903846153846154 0.21875
1 0.1935096153846154 0.5252403846153846 0.10096153846153846 0.13221153846153846
1 0.2800480769230769 0.5024038461538461 0.08413461538461539 0.11298076923076923
1 0.4483173076923077 0.49158653846153844 0.1346153846153846 0.08653846153846154
1 0.5216346153846154 0.47475961538461536 0.038461538461538464 0.04447115384615385
1 0.6706730769230769 0.4735576923076923 0.0625 0.056490384615384616
1 0.7740384615384616 0.4723557692307692 0.03365384615384615 0.040865384615384616
1 0.7944711538461539 0.4723557692307692 0.038461538461538464 0.040865384615384616
1 0.8774038461538461 0.46875 0.08413461538461539 0.056490384615384616
1 0.9459134615384616 0.4651442307692308 0.07211538461538461 0.052884615384615384
1 0.9459134615384616 0.46274038461538464 0.052884615384615384 0.038461538461538464