1 0.04927884615384615 0.5949519230769231 0.09735576923076923 0.15625
1 0.11778846153846154 0.5757211538461539 0.08173076923076923 0.11177884615384616
1 0.12139423076923077 0.5829326923076923 0.06610576923076923 0.11899038461538461
2 0.17908653846153846 0.5300480769230769 0.02403846153846154 0.06009615384615385
1 0.32091346153846156 0.6105769230769231 0.30649038461538464 0.39302884615384615
1 0.46033653846153844 0.5600961538461539 0.06971153846153846 0.18509615384615385
4 0.5288461538461539 0.4495192307692308 0.019230769230769232 0.040865384615384616
1 0.5444711538461539 0.5685096153846154 0.037259615384615384 0.1310096153846154
1 0.5961538461538461 0.5637019230769231 0.09134615384615384 0.1971153846153846
1 0.7319711538461539 0.5961538461538461 0.29447115384615385 0.31490384615384615
2 0.7512019230769231 0.44471153846153844 0.02403846153846154 0.028846153846153848