2 0.018028846153846152 0.5456730769230769 0.03365384615384615 0.1310096153846154
2 0.010817307692307692 0.5552884615384616 0.019230769230769232 0.13221153846153846
1 0.06490384615384616 0.5384615384615384 0.11538461538461539 0.12740384615384615
1 0.13701923076923078 0.5276442307692307 0.019230769230769232 0.040865384615384616
2 0.14543269230769232 0.5264423076923077 0.018028846153846152 0.052884615384615384
2 0.203125 0.5564903846153846 0.038461538461538464 0.13221153846153846
1 0.31490384615384615 0.5288461538461539 0.08653846153846154 0.109375
6 0.41586538461538464 0.3401442307692308 0.02403846153846154 0.08413461538461539
2 0.6213942307692307 0.5216346153846154 0.028846153846153848 0.1502403846153846
2 0.6887019230769231 0.5132211538461539 0.03485576923076923 0.1346153846153846
2 0.7860576923076923 0.5132211538461539 0.03485576923076923 0.1502403846153846