2 0.9735576923076923 0.5516826923076923 0.02403846153846154 0.11177884615384616
2 0.9507211538461539 0.5504807692307693 0.021634615384615384 0.09975961538461539
1 0.06129807692307692 0.5889423076923077 0.12259615384615384 0.25
1 0.15384615384615385 0.5673076923076923 0.08173076923076923 0.08173076923076923
1 0.24158653846153846 0.5360576923076923 0.055288461538461536 0.078125
1 0.4050480769230769 0.5492788461538461 0.04927884615384615 0.078125
1 0.4807692307692308 0.5396634615384616 0.06009615384615385 0.09735576923076923
1 0.5528846153846154 0.5588942307692307 0.07451923076923077 0.12740384615384615
1 0.6574519230769231 0.5769230769230769 0.17548076923076922 0.15625
1 0.7524038461538461 0.5540865384615384 0.07211538461538461 0.13701923076923078
1 0.8774038461538461 0.5216346153846154 0.05048076923076923 0.04326923076923077
1 0.8870192307692307 0.5432692307692307 0.04447115384615385 0.055288461538461536