1 0.040865384615384616 0.5 0.08173076923076923 0.1201923076923077
1 0.24879807692307693 0.4987980769230769 0.03485576923076923 0.04326923076923077
1 0.3076923076923077 0.4951923076923077 0.03365384615384615 0.04326923076923077
7 0.3401442307692308 0.18509615384615385 0.037259615384615384 0.11177884615384616
1 0.3449519230769231 0.49278846153846156 0.027644230769230768 0.03485576923076923
1 0.5024038461538461 0.5360576923076923 0.13221153846153846 0.18028846153846154
4 0.5432692307692307 0.1814903846153846 0.03365384615384615 0.09375
1 0.6165865384615384 0.4699519230769231 0.03485576923076923 0.056490384615384616
1 0.6153846153846154 0.47115384615384615 0.028846153846153848 0.05889423076923077
1 0.7704326923076923 0.5192307692307693 0.20072115384615385 0.24759615384615385
4 0.7451923076923077 0.21634615384615385 0.03365384615384615 0.09735576923076923
4 0.9254807692307693 0.33774038461538464 0.04447115384615385 0.09375