2 0.09615384615384616 0.5132211538461539 0.013221153846153846 0.04447115384615385
2 0.109375 0.5132211538461539 0.019230769230769232 0.05048076923076923
1 0.14182692307692307 0.5144230769230769 0.04447115384615385 0.04927884615384615
1 0.38822115384615385 0.53125 0.10336538461538461 0.1466346153846154
1 0.484375 0.4963942307692308 0.052884615384615384 0.04326923076923077
1 0.5216346153846154 0.5060096153846154 0.027644230769230768 0.05889423076923077
1 0.5492788461538461 0.5072115384615384 0.04927884615384615 0.06009615384615385
2 0.5540865384615384 0.5048076923076923 0.04447115384615385 0.08052884615384616
1 0.6442307692307693 0.5084134615384616 0.14302884615384615 0.10697115384615384
2 0.7992788461538461 0.4735576923076923 0.028846153846153848 0.11298076923076923
2 0.8329326923076923 0.4735576923076923 0.03125 0.11778846153846154