10 0.06129807692307692 0.47836538461538464 0.12139423076923077 0.15384615384615385
1 0.11778846153846154 0.5576923076923077 0.09134615384615384 0.09134615384615384
1 0.18509615384615385 0.47716346153846156 0.14423076923076922 0.11899038461538461
10 0.17668269230769232 0.5012019230769231 0.078125 0.1346153846153846
1 0.28125 0.6225961538461539 0.2692307692307692 0.3125
10 0.39903846153846156 0.5108173076923077 0.12139423076923077 0.19951923076923078
1 0.4326923076923077 0.5144230769230769 0.08413461538461539 0.26802884615384615
1 0.5048076923076923 0.5288461538461539 0.05048076923076923 0.06490384615384616
1 0.5528846153846154 0.5264423076923077 0.046875 0.15625
1 0.5793269230769231 0.5240384615384616 0.09375 0.12740384615384615
1 0.6514423076923077 0.5540865384615384 0.1658653846153846 0.16346153846153846
10 0.7391826923076923 0.47596153846153844 0.11899038461538461 0.1875
1 0.75 0.47596153846153844 0.08774038461538461 0.14903846153846154