1 0.056490384615384616 0.47836538461538464 0.11298076923076923 0.3173076923076923
10 0.14783653846153846 0.40384615384615385 0.18990384615384615 0.28125
1 0.28365384615384615 0.49038461538461536 0.09735576923076923 0.1310096153846154
6 0.34615384615384615 0.3701923076923077 0.019230769230769232 0.03365384615384615
1 0.35096153846153844 0.4987980769230769 0.027644230769230768 0.07211538461538461
6 0.34615384615384615 0.38221153846153844 0.015625 0.03365384615384615
6 0.38461538461538464 0.37259615384615385 0.015625 0.027644230769230768
6 0.3858173076923077 0.38100961538461536 0.013221153846153846 0.025240384615384616
1 0.41346153846153844 0.49759615384615385 0.0625 0.09375
6 0.4411057692307692 0.375 0.015625 0.03125
6 0.4423076923076923 0.37740384615384615 0.015625 0.028846153846153848
1 0.5060096153846154 0.5072115384615384 0.06850961538461539 0.09375
6 0.4855769230769231 0.37740384615384615 0.019230769230769232 0.037259615384615384
6 0.4831730769230769 0.37740384615384615 0.015625 0.027644230769230768
1 0.6081730769230769 0.48197115384615385 0.09735576923076923 0.078125
6 0.5685096153846154 0.41947115384615385 0.013221153846153846 0.027644230769230768
1 0.6117788461538461 0.484375 0.09375 0.0625
6 0.7391826923076923 0.35697115384615385 0.02403846153846154 0.037259615384615384
1 0.8269230769230769 0.46875 0.08173076923076923 0.056490384615384616