2 0.6947115384615384 0.5012019230769231 0.015625 0.07211538461538461
2 0.6814903846153846 0.5024038461538461 0.015625 0.05889423076923077
2 0.6274038461538461 0.4987980769230769 0.018028846153846152 0.06610576923076923
2 0.6141826923076923 0.5 0.015625 0.06971153846153846
2 0.03485576923076923 0.5444711538461539 0.019230769230769232 0.09375
2 0.04567307692307692 0.5180288461538461 0.019230769230769232 0.04326923076923077
1 0.10336538461538461 0.5408653846153846 0.11177884615384616 0.07211538461538461
1 0.2980769230769231 0.6610576923076923 0.3401442307692308 0.41586538461538464
4 0.2536057692307692 0.41947115384615385 0.02403846153846154 0.056490384615384616
1 0.4639423076923077 0.5372596153846154 0.09134615384615384 0.18389423076923078
1 0.5108173076923077 0.515625 0.06009615384615385 0.0625
4 0.5120192307692307 0.4074519230769231 0.021634615384615384 0.0625
2 0.5516826923076923 0.5300480769230769 0.028846153846153848 0.12259615384615384
2 0.5637019230769231 0.5180288461538461 0.015625 0.11177884615384616
2 0.5793269230769231 0.49759615384615385 0.021634615384615384 0.06971153846153846
2 0.5841346153846154 0.5132211538461539 0.021634615384615384 0.11538461538461539
2 0.7211538461538461 0.5024038461538461 0.040865384615384616 0.08774038461538461
1 0.8641826923076923 0.5997596153846154 0.25721153846153844 0.45913461538461536
2 0.7632211538461539 0.453125 0.03365384615384615 0.06610576923076923