1 0.9134615384615384 0.6189903846153846 0.16826923076923078 0.4963942307692308
1 0.06009615384615385 0.5805288461538461 0.11899038461538461 0.38100961538461536
1 0.28125 0.5 0.04447115384615385 0.05048076923076923
1 0.2824519230769231 0.5024038461538461 0.046875 0.052884615384615384
1 0.32211538461538464 0.49759615384615385 0.040865384615384616 0.04326923076923077
1 0.3545673076923077 0.49158653846153844 0.028846153846153848 0.046875
1 0.41346153846153844 0.49278846153846156 0.056490384615384616 0.07572115384615384
1 0.43990384615384615 0.49038461538461536 0.03485576923076923 0.05048076923076923
1 0.5432692307692307 0.49038461538461536 0.038461538461538464 0.046875
1 0.6009615384615384 0.5048076923076923 0.06490384615384616 0.08052884615384616
1 0.7716346153846154 0.5252403846153846 0.21875 0.265625
1 0.7740384615384616 0.5240384615384616 0.20552884615384615 0.25600961538461536