2 0.057692307692307696 0.6418269230769231 0.109375 0.6658653846153846
2 0.34134615384615385 0.6237980769230769 0.13822115384615385 0.5288461538461539
1 0.3918269230769231 0.48197115384615385 0.05889423076923077 0.06971153846153846
1 0.41225961538461536 0.5084134615384616 0.07572115384615384 0.06850961538461539
1 0.53125 0.49278846153846156 0.04447115384615385 0.040865384615384616
1 0.5288461538461539 0.49158653846153844 0.038461538461538464 0.03485576923076923
7 0.5600961538461539 0.24519230769230768 0.02403846153846154 0.07451923076923077
1 0.6574519230769231 0.48197115384615385 0.03485576923076923 0.038461538461538464
1 0.6586538461538461 0.48197115384615385 0.03485576923076923 0.037259615384615384
2 0.7271634615384616 0.6117788461538461 0.1622596153846154 0.4963942307692308
6 0.6778846153846154 0.24879807692307693 0.025240384615384616 0.078125
1 0.7740384615384616 0.5012019230769231 0.046875 0.0625
6 0.9795673076923077 0.38221153846153844 0.028846153846153848 0.06610576923076923