8 0.4495192307692308 0.39783653846153844 0.019230769230769232 0.03125
1 0.4963942307692308 0.49399038461538464 0.052884615384615384 0.06610576923076923
1 0.5480769230769231 0.4831730769230769 0.046875 0.05048076923076923
1 0.5492788461538461 0.4807692307692308 0.04326923076923077 0.06009615384615385
1 0.6394230769230769 0.47475961538461536 0.0625 0.03125
1 0.6778846153846154 0.484375 0.04447115384615385 0.03485576923076923
1 0.7163461538461539 0.48677884615384615 0.025240384615384616 0.03365384615384615
1 0.7427884615384616 0.4879807692307692 0.028846153846153848 0.03125
1 0.7644230769230769 0.49278846153846156 0.025240384615384616 0.03485576923076923
1 0.7920673076923077 0.49278846153846156 0.037259615384615384 0.03485576923076923
1 0.8461538461538461 0.48677884615384615 0.03125 0.03485576923076923