6 0.33413461538461536 0.4855769230769231 0.01201923076923077 0.037259615384615384
1 0.3762019230769231 0.5216346153846154 0.08653846153846154 0.12740384615384615
1 0.4230769230769231 0.5240384615384616 0.021634615384615384 0.08653846153846154
1 0.45072115384615385 0.5132211538461539 0.040865384615384616 0.046875
1 0.48677884615384615 0.5096153846153846 0.037259615384615384 0.038461538461538464
1 0.4891826923076923 0.5084134615384616 0.02403846153846154 0.03485576923076923
4 0.5120192307692307 0.39663461538461536 0.013221153846153846 0.04326923076923077
4 0.5120192307692307 0.4026442307692308 0.01201923076923077 0.03485576923076923
1 0.5432692307692307 0.5072115384615384 0.055288461538461536 0.07451923076923077
4 0.5841346153846154 0.46875 0.01201923076923077 0.03365384615384615
4 0.6959134615384616 0.4230769230769231 0.013221153846153846 0.03125
4 0.6959134615384616 0.43509615384615385 0.01201923076923077 0.03125
1 0.7836538461538461 0.49759615384615385 0.08052884615384616 0.0625
1 0.7836538461538461 0.4963942307692308 0.06850961538461539 0.040865384615384616
1 0.8461538461538461 0.5024038461538461 0.03485576923076923 0.03125