1 0.5084134615384616 0.5384615384615384 0.040865384615384616 0.05048076923076923
1 0.18509615384615385 0.6394230769230769 0.36899038461538464 0.6310096153846154
1 0.3942307692307692 0.5757211538461539 0.1466346153846154 0.2127403846153846
7 0.34615384615384615 0.4375 0.019230769230769232 0.055288461538461536
4 0.47475961538461536 0.35697115384615385 0.015625 0.055288461538461536
3 0.5240384615384616 0.43509615384615385 0.018028846153846152 0.05048076923076923
3 0.7055288461538461 0.31490384615384615 0.040865384615384616 0.11899038461538461
2 0.7127403846153846 0.5264423076923077 0.021634615384615384 0.0625
2 0.7319711538461539 0.5288461538461539 0.021634615384615384 0.07572115384615384
1 0.9026442307692307 0.5348557692307693 0.11177884615384616 0.109375
1 0.9399038461538461 0.5444711538461539 0.10697115384615384 0.11177884615384616
1 0.9723557692307693 0.5336538461538461 0.052884615384615384 0.10096153846153846