1 0.14903846153846154 0.5360576923076923 0.055288461538461536 0.055288461538461536
1 0.1466346153846154 0.53125 0.04326923076923077 0.056490384615384616
1 0.5901442307692307 0.5036057692307693 0.06610576923076923 0.04927884615384615
1 0.6334134615384616 0.5024038461538461 0.02403846153846154 0.04326923076923077
1 0.6742788461538461 0.5012019230769231 0.05889423076923077 0.04927884615384615
1 0.6778846153846154 0.5024038461538461 0.0625 0.04326923076923077
1 0.7716346153846154 0.49158653846153844 0.06490384615384616 0.08413461538461539
1 0.8413461538461539 0.5072115384615384 0.09735576923076923 0.09014423076923077
1 0.8413461538461539 0.5084134615384616 0.09014423076923077 0.08413461538461539
1 0.9254807692307693 0.5024038461538461 0.08173076923076923 0.0625
1 0.9350961538461539 0.5024038461538461 0.09735576923076923 0.06971153846153846