2 0.12980769230769232 0.53125 0.052884615384615384 0.08052884615384616
2 0.12980769230769232 0.5204326923076923 0.02403846153846154 0.06610576923076923
1 0.21754807692307693 0.5372596153846154 0.10697115384615384 0.12259615384615384
4 0.21754807692307693 0.41346153846153844 0.019230769230769232 0.056490384615384616
1 0.3942307692307692 0.5961538461538461 0.20072115384615385 0.2283653846153846
1 0.31850961538461536 0.5216346153846154 0.04927884615384615 0.06490384615384616
1 0.4723557692307692 0.5480769230769231 0.12139423076923077 0.17548076923076922
4 0.5180288461538461 0.3954326923076923 0.019230769230769232 0.05889423076923077
2 0.5721153846153846 0.49759615384615385 0.019230769230769232 0.06490384615384616
2 0.5853365384615384 0.5420673076923077 0.037259615384615384 0.140625
2 0.6021634615384616 0.53125 0.018028846153846152 0.16826923076923078
2 0.6225961538461539 0.5252403846153846 0.03365384615384615 0.12860576923076922
1 0.7019230769230769 0.5096153846153846 0.14903846153846154 0.10697115384615384
2 0.6850961538461539 0.5216346153846154 0.019230769230769232 0.140625
2 0.7151442307692307 0.5036057692307693 0.03365384615384615 0.09975961538461539
2 0.7151442307692307 0.49158653846153844 0.025240384615384616 0.09014423076923077
2 0.7788461538461539 0.4723557692307692 0.027644230769230768 0.078125
2 0.7824519230769231 0.49759615384615385 0.03125 0.12259615384615384
2 0.8533653846153846 0.5012019230769231 0.06490384615384616 0.09615384615384616