1 0.11658653846153846 0.5384615384615384 0.078125 0.06490384615384616
1 0.11899038461538461 0.5396634615384616 0.08173076923076923 0.06971153846153846
1 0.23317307692307693 0.5228365384615384 0.05048076923076923 0.07211538461538461
1 0.23677884615384615 0.5240384615384616 0.05048076923076923 0.055288461538461536
1 0.36538461538461536 0.5240384615384616 0.0625 0.08413461538461539
1 0.4543269230769231 0.5540865384615384 0.10576923076923077 0.1310096153846154
10 0.453125 0.46634615384615385 0.08173076923076923 0.12259615384615384
1 0.45552884615384615 0.4495192307692308 0.08774038461538461 0.08774038461538461
4 0.4651442307692308 0.3858173076923077 0.025240384615384616 0.04447115384615385
1 0.5649038461538461 0.5180288461538461 0.09134615384615384 0.078125
4 0.5769230769230769 0.41346153846153844 0.021634615384615384 0.04927884615384615