7 0.15865384615384615 0.47836538461538464 0.028846153846153848 0.07451923076923077
1 0.21033653846153846 0.5432692307692307 0.06009615384615385 0.05889423076923077
1 0.21514423076923078 0.5480769230769231 0.06490384615384616 0.078125
1 0.2956730769230769 0.5432692307692307 0.04927884615384615 0.05889423076923077
1 0.296875 0.5384615384615384 0.04447115384615385 0.046875
4 0.43028846153846156 0.36899038461538464 0.021634615384615384 0.0625
4 0.42908653846153844 0.36658653846153844 0.019230769230769232 0.055288461538461536
4 0.5564903846153846 0.43990384615384615 0.019230769230769232 0.0625
4 0.5564903846153846 0.44471153846153844 0.015625 0.046875
1 0.7524038461538461 0.5324519230769231 0.11899038461538461 0.05889423076923077
1 0.7524038461538461 0.5324519230769231 0.11177884615384616 0.09134615384615384
4 0.7584134615384616 0.34615384615384615 0.027644230769230768 0.09014423076923077