2 0.38100961538461536 0.5108173076923077 0.013221153846153846 0.0625
0 0.1814903846153846 0.5180288461538461 0.025240384615384616 0.06850961538461539
1 0.0673076923076923 0.5276442307692307 0.09375 0.055288461538461536
1 0.0673076923076923 0.5324519230769231 0.09375 0.052884615384615384
1 0.2512019230769231 0.5204326923076923 0.07572115384615384 0.04447115384615385
1 0.25240384615384615 0.5228365384615384 0.07451923076923077 0.04326923076923077
1 0.3161057692307692 0.5144230769230769 0.021634615384615384 0.037259615384615384
1 0.34975961538461536 0.5168269230769231 0.04927884615384615 0.055288461538461536
7 0.38822115384615385 0.3605769230769231 0.01201923076923077 0.03365384615384615
1 0.41586538461538464 0.5180288461538461 0.052884615384615384 0.07451923076923077
6 0.45552884615384615 0.3762019230769231 0.013221153846153846 0.03485576923076923
6 0.45552884615384615 0.3737980769230769 0.009615384615384616 0.028846153846153848
1 0.5384615384615384 0.5168269230769231 0.06610576923076923 0.078125
10 0.5961538461538461 0.47115384615384615 0.17427884615384615 0.07451923076923077
6 0.5432692307692307 0.4254807692307692 0.01201923076923077 0.015625
6 0.5444711538461539 0.43149038461538464 0.01201923076923077 0.019230769230769232
6 0.6225961538461539 0.3858173076923077 0.013221153846153846 0.03485576923076923
6 0.6225961538461539 0.38822115384615385 0.013221153846153846 0.038461538461538464
2 0.6911057692307693 0.49278846153846156 0.018028846153846152 0.06971153846153846
2 0.6923076923076923 0.4963942307692308 0.018028846153846152 0.07211538461538461