1 0.5240384615384616 0.5420673076923077 0.12740384615384615 0.11177884615384616
2 0.8725961538461539 0.46634615384615385 0.025240384615384616 0.08774038461538461
1 0.028846153846153848 0.5552884615384616 0.056490384615384616 0.10697115384615384
1 0.009615384615384616 0.5805288461538461 0.019230769230769232 0.09014423076923077
1 0.09495192307692307 0.5444711538461539 0.05048076923076923 0.055288461538461536
1 0.13221153846153846 0.5360576923076923 0.025240384615384616 0.03125
1 0.24639423076923078 0.5252403846153846 0.03125 0.040865384615384616
1 0.33052884615384615 0.546875 0.10576923076923077 0.140625
1 0.41586538461538464 0.5252403846153846 0.06971153846153846 0.08774038461538461
1 0.4519230769230769 0.5324519230769231 0.0625 0.08653846153846154
2 0.5925480769230769 0.5024038461538461 0.021634615384615384 0.08052884615384616
2 0.7475961538461539 0.48197115384615385 0.028846153846153848 0.08173076923076923
1 0.8990384615384616 0.5528846153846154 0.19110576923076922 0.27163461538461536
2 0.8173076923076923 0.4831730769230769 0.025240384615384616 0.078125