1 0.5757211538461539 0.5348557692307693 0.12860576923076922 0.08052884615384616
10 0.054086538461538464 0.5216346153846154 0.10576923076923077 0.109375
1 0.08774038461538461 0.5853365384615384 0.12740384615384615 0.18389423076923078
1 0.29447115384615385 0.5985576923076923 0.3125 0.4254807692307692
3 0.3161057692307692 0.33653846153846156 0.021634615384615384 0.055288461538461536
6 0.41346153846153844 0.3269230769230769 0.025240384615384616 0.056490384615384616
6 0.41586538461538464 0.33774038461538464 0.018028846153846152 0.055288461538461536
1 0.4891826923076923 0.5120192307692307 0.025240384615384616 0.028846153846153848
1 0.4879807692307692 0.5180288461538461 0.021634615384615384 0.04326923076923077
6 0.49278846153846156 0.33052884615384615 0.025240384615384616 0.06971153846153846
6 0.49278846153846156 0.33052884615384615 0.018028846153846152 0.046875
10 0.5216346153846154 0.5036057692307693 0.028846153846153848 0.040865384615384616
1 0.6286057692307693 0.5432692307692307 0.04447115384615385 0.11778846153846154
1 0.7980769230769231 0.625 0.37259615384615385 0.35697115384615385
6 0.6802884615384616 0.42908653846153844 0.019230769230769232 0.056490384615384616
1 0.9423076923076923 0.5192307692307693 0.08052884615384616 0.06009615384615385
6 0.9350961538461539 0.25841346153846156 0.052884615384615384 0.1502403846153846
2 0.9555288461538461 0.5204326923076923 0.038461538461538464 0.07451923076923077
2 0.9543269230769231 0.5216346153846154 0.025240384615384616 0.06610576923076923