2 0.31971153846153844 0.5384615384615384 0.01201923076923077 0.052884615384615384
2 0.2704326923076923 0.5336538461538461 0.015625 0.056490384615384616
2 0.07451923076923077 0.5360576923076923 0.013221153846153846 0.0625
2 0.09375 0.5384615384615384 0.013221153846153846 0.06009615384615385
2 0.12379807692307693 0.5336538461538461 0.018028846153846152 0.06490384615384616
2 0.055288461538461536 0.5480769230769231 0.03485576923076923 0.12139423076923077
1 0.15985576923076922 0.5384615384615384 0.10336538461538461 0.08052884615384616
1 0.2091346153846154 0.5360576923076923 0.037259615384615384 0.0625
2 0.24158653846153846 0.5637019230769231 0.03485576923076923 0.15384615384615385
1 0.25961538461538464 0.5576923076923077 0.03485576923076923 0.1346153846153846
1 0.4182692307692308 0.5192307692307693 0.15264423076923078 0.09014423076923077
1 0.5276442307692307 0.5072115384615384 0.10576923076923077 0.078125
2 0.49759615384615385 0.5516826923076923 0.03125 0.16947115384615385
0 0.609375 0.5649038461538461 0.11298076923076923 0.19110576923076922