1 0.6045673076923077 0.53125 0.12139423076923077 0.08653846153846154
10 0.057692307692307696 0.5168269230769231 0.11298076923076923 0.11298076923076923
1 0.09134615384615384 0.5829326923076923 0.12740384615384615 0.18028846153846154
1 0.2920673076923077 0.5961538461538461 0.31490384615384615 0.421875
3 0.3161057692307692 0.33413461538461536 0.019230769230769232 0.05889423076923077
6 0.41346153846153844 0.32572115384615385 0.025240384615384616 0.055288461538461536
6 0.41586538461538464 0.33774038461538464 0.018028846153846152 0.055288461538461536
1 0.49759615384615385 0.5132211538461539 0.040865384615384616 0.03125
6 0.49278846153846156 0.3293269230769231 0.025240384615384616 0.06850961538461539
1 0.5 0.5192307692307693 0.03485576923076923 0.04447115384615385
6 0.49278846153846156 0.328125 0.018028846153846152 0.046875
10 0.5216346153846154 0.5036057692307693 0.028846153846153848 0.04326923076923077
1 0.6298076923076923 0.5432692307692307 0.046875 0.11778846153846154
1 0.7980769230769231 0.6274038461538461 0.375 0.359375
6 0.6790865384615384 0.4254807692307692 0.019230769230769232 0.055288461538461536
1 0.9423076923076923 0.5192307692307693 0.08052884615384616 0.06009615384615385
6 0.9350961538461539 0.25721153846153844 0.055288461538461536 0.15625
2 0.9591346153846154 0.5240384615384616 0.027644230769230768 0.06610576923076923