2 0.013221153846153846 0.5649038461538461 0.019230769230769232 0.07211538461538461
2 0.013221153846153846 0.5649038461538461 0.018028846153846152 0.07211538461538461
2 0.03125 0.5396634615384616 0.018028846153846152 0.06009615384615385
2 0.054086538461538464 0.5408653846153846 0.019230769230769232 0.06850961538461539
2 0.055288461538461536 0.5444711538461539 0.015625 0.07451923076923077
2 0.06490384615384616 0.5420673076923077 0.018028846153846152 0.08413461538461539
2 0.0733173076923077 0.5336538461538461 0.015625 0.078125
1 0.16826923076923078 0.5456730769230769 0.11899038461538461 0.11538461538461539
1 0.2824519230769231 0.6310096153846154 0.265625 0.29927884615384615
6 0.16826923076923078 0.40865384615384615 0.015625 0.038461538461538464
2 0.3293269230769231 0.4795673076923077 0.04326923076923077 0.10096153846153846
2 0.3858173076923077 0.4855769230769231 0.037259615384615384 0.10096153846153846
6 0.5012019230769231 0.38221153846153844 0.018028846153846152 0.056490384615384616
2 0.6225961538461539 0.5288461538461539 0.02403846153846154 0.08653846153846154
2 0.6262019230769231 0.5288461538461539 0.02403846153846154 0.09134615384615384
2 0.8112980769230769 0.5348557692307693 0.06850961538461539 0.2127403846153846
2 0.8461538461538461 0.47836538461538464 0.03485576923076923 0.056490384615384616