1 0.08533653846153846 0.5264423076923077 0.14423076923076922 0.125
1 0.17427884615384615 0.5084134615384616 0.08173076923076923 0.078125
1 0.1814903846153846 0.5180288461538461 0.07451923076923077 0.09014423076923077
1 0.28365384615384615 0.5096153846153846 0.10697115384615384 0.109375
6 0.32572115384615385 0.39302884615384615 0.013221153846153846 0.04326923076923077
1 0.36177884615384615 0.49158653846153844 0.025240384615384616 0.03485576923076923
4 0.4050480769230769 0.3293269230769231 0.013221153846153846 0.040865384615384616
1 0.4338942307692308 0.4855769230769231 0.027644230769230768 0.03485576923076923
4 0.5649038461538461 0.41225961538461536 0.015625 0.04927884615384615
4 0.5685096153846154 0.41225961538461536 0.019230769230769232 0.04326923076923077
4 0.6730769230769231 0.3641826923076923 0.019230769230769232 0.055288461538461536
4 0.6742788461538461 0.37259615384615385 0.013221153846153846 0.038461538461538464