1 0.08533653846153846 0.5036057692307693 0.08052884615384616 0.07572115384615384
1 0.16466346153846154 0.49759615384615385 0.06490384615384616 0.06610576923076923
1 0.23677884615384615 0.49759615384615385 0.07211538461538461 0.06850961538461539
1 0.2439903846153846 0.4963942307692308 0.06610576923076923 0.055288461538461536
1 0.2776442307692308 0.48197115384615385 0.046875 0.0625
1 0.2824519230769231 0.49759615384615385 0.038461538461538464 0.07451923076923077
5 0.3004807692307692 0.30288461538461536 0.018028846153846152 0.055288461538461536
5 0.29927884615384615 0.3016826923076923 0.013221153846153846 0.05048076923076923
1 0.3954326923076923 0.4951923076923077 0.03485576923076923 0.040865384615384616
4 0.38822115384615385 0.3088942307692308 0.018028846153846152 0.06009615384615385
4 0.3894230769230769 0.30528846153846156 0.015625 0.052884615384615384
1 0.4326923076923077 0.49158653846153844 0.03485576923076923 0.05048076923076923
1 0.45072115384615385 0.49158653846153844 0.03125 0.04326923076923077
1 0.5024038461538461 0.49759615384615385 0.03125 0.046875
4 0.6274038461538461 0.40625 0.013221153846153846 0.040865384615384616
4 0.6274038461538461 0.4098557692307692 0.013221153846153846 0.046875
2 0.7944711538461539 0.5144230769230769 0.03365384615384615 0.12139423076923077
1 0.8377403846153846 0.49158653846153844 0.056490384615384616 0.03365384615384615