3 0.2932692307692308 0.41346153846153844 0.019230769230769232 0.056490384615384616
1 0.44591346153846156 0.5805288461538461 0.17427884615384615 0.234375
4 0.4723557692307692 0.421875 0.01201923076923077 0.05048076923076923
2 0.6742788461538461 0.5180288461538461 0.021634615384615384 0.06610576923076923
2 0.6766826923076923 0.5288461538461539 0.013221153846153846 0.07211538461538461
2 0.6947115384615384 0.5264423076923077 0.013221153846153846 0.06971153846153846
2 0.6959134615384616 0.53125 0.013221153846153846 0.06971153846153846
2 0.8100961538461539 0.49399038461538464 0.018028846153846152 0.06850961538461539
2 0.8112980769230769 0.5060096153846154 0.018028846153846152 0.08774038461538461
2 0.8305288461538461 0.5 0.018028846153846152 0.09375
2 0.8365384615384616 0.5084134615384616 0.02403846153846154 0.09615384615384616
2 0.9230769230769231 0.5036057692307693 0.03125 0.1310096153846154
2 0.9783653846153846 0.5060096153846154 0.028846153846153848 0.12860576923076922