1 0.06009615384615385 0.53125 0.11298076923076923 0.109375
1 0.16466346153846154 0.5396634615384616 0.07451923076923077 0.078125
1 0.18870192307692307 0.5072115384615384 0.06850961538461539 0.052884615384615384
10 0.2860576923076923 0.4831730769230769 0.11899038461538461 0.16826923076923078
1 0.3557692307692308 0.5288461538461539 0.037259615384615384 0.037259615384615384
1 0.38461538461538464 0.5180288461538461 0.037259615384615384 0.038461538461538464
7 0.4230769230769231 0.31971153846153844 0.019230769230769232 0.0625
6 0.5 0.3173076923076923 0.02403846153846154 0.06610576923076923
1 0.5540865384615384 0.5168269230769231 0.02403846153846154 0.037259615384615384
6 0.6442307692307693 0.41466346153846156 0.027644230769230768 0.06971153846153846
0 0.9459134615384616 0.5144230769230769 0.06009615384615385 0.09975961538461539
10 0.9795673076923077 0.5144230769230769 0.037259615384615384 0.10096153846153846