1 0.40384615384615385 0.5276442307692307 0.027644230769230768 0.03485576923076923
1 0.4362980769230769 0.5288461538461539 0.02403846153846154 0.03125
1 0.19471153846153846 0.5384615384615384 0.055288461538461536 0.037259615384615384
1 0.1201923076923077 0.5492788461538461 0.046875 0.046875
1 0.15144230769230768 0.546875 0.03485576923076923 0.055288461538461536
1 0.15384615384615385 0.5492788461538461 0.03485576923076923 0.04447115384615385
1 0.32091346153846156 0.5348557692307693 0.04326923076923077 0.055288461538461536
1 0.31850961538461536 0.5336538461538461 0.03365384615384615 0.038461538461538464
1 0.3641826923076923 0.5288461538461539 0.03125 0.03485576923076923
1 0.47596153846153844 0.5264423076923077 0.04326923076923077 0.055288461538461536
1 0.5336538461538461 0.5504807692307693 0.09375 0.12259615384615384
1 0.5913461538461539 0.5180288461538461 0.046875 0.078125
10 0.5901442307692307 0.5180288461538461 0.04326923076923077 0.06971153846153846
1 0.6790865384615384 0.5432692307692307 0.06850961538461539 0.06610576923076923
1 0.7752403846153846 0.5697115384615384 0.15384615384615385 0.1346153846153846