1 0.06370192307692307 0.5685096153846154 0.12740384615384615 0.140625
1 0.16346153846153846 0.5492788461538461 0.07572115384615384 0.08774038461538461
1 0.1466346153846154 0.5480769230769231 0.03365384615384615 0.09615384615384616
1 0.18028846153846154 0.5444711538461539 0.040865384615384616 0.07572115384615384
1 0.21995192307692307 0.5492788461538461 0.046875 0.06490384615384616
1 0.34975961538461536 0.5336538461538461 0.02403846153846154 0.040865384615384616
1 0.39663461538461536 0.5540865384615384 0.08173076923076923 0.109375
10 0.5709134615384616 0.4855769230769231 0.31009615384615385 0.16826923076923078
10 0.5576923076923077 0.484375 0.2692307692307692 0.14423076923076922
1 0.7740384615384616 0.5372596153846154 0.056490384615384616 0.10096153846153846
1 0.7776442307692307 0.5264423076923077 0.056490384615384616 0.0625