2 0.020432692307692308 0.5516826923076923 0.021634615384615384 0.09615384615384616
2 0.021634615384615384 0.5492788461538461 0.019230769230769232 0.09375
2 0.046875 0.5480769230769231 0.021634615384615384 0.09615384615384616
2 0.04807692307692308 0.5480769230769231 0.018028846153846152 0.09134615384615384
2 0.06009615384615385 0.5456730769230769 0.018028846153846152 0.10096153846153846
2 0.07572115384615384 0.5637019230769231 0.018028846153846152 0.052884615384615384
2 0.09615384615384616 0.5408653846153846 0.019230769230769232 0.11177884615384616
1 0.12740384615384615 0.5552884615384616 0.078125 0.08173076923076923
1 0.22716346153846154 0.5444711538461539 0.08413461538461539 0.09375
1 0.2824519230769231 0.5288461538461539 0.03125 0.06490384615384616
1 0.31009615384615385 0.5192307692307693 0.028846153846153848 0.06490384615384616
1 0.35697115384615385 0.5180288461538461 0.052884615384615384 0.078125
1 0.43509615384615385 0.5216346153846154 0.04927884615384615 0.052884615384615384
2 0.5120192307692307 0.49759615384615385 0.01201923076923077 0.08052884615384616
2 0.5324519230769231 0.5024038461538461 0.013221153846153846 0.08173076923076923
2 0.5420673076923077 0.5084134615384616 0.01201923076923077 0.06850961538461539
3 0.5817307692307693 0.3137019230769231 0.025240384615384616 0.09615384615384616
1 0.9471153846153846 0.5108173076923077 0.10096153846153846 0.18990384615384615
2 0.9855769230769231 0.47836538461538464 0.025240384615384616 0.15625