0 0.16947115384615385 0.5336538461538461 0.04326923076923077 0.06850961538461539
1 0.07211538461538461 0.5865384615384616 0.14423076923076922 0.1778846153846154
1 0.23677884615384615 0.546875 0.08774038461538461 0.08653846153846154
4 0.24639423076923078 0.42427884615384615 0.018028846153846152 0.05048076923076923
1 0.35697115384615385 0.6237980769230769 0.2247596153846154 0.2848557692307692
1 0.45552884615384615 0.5420673076923077 0.10336538461538461 0.17548076923076922
1 0.5096153846153846 0.5324519230769231 0.05889423076923077 0.11538461538461539
4 0.5180288461538461 0.40625 0.019230769230769232 0.05889423076923077
1 0.5841346153846154 0.5180288461538461 0.10576923076923077 0.09735576923076923
1 0.5961538461538461 0.5180288461538461 0.11899038461538461 0.08173076923076923
2 0.5661057692307693 0.5276442307692307 0.028846153846153848 0.125
2 0.5817307692307693 0.53125 0.018028846153846152 0.14302884615384615
2 0.5985576923076923 0.5228365384615384 0.02403846153846154 0.11177884615384616
2 0.6394230769230769 0.5180288461538461 0.025240384615384616 0.10697115384615384
2 0.7163461538461539 0.49759615384615385 0.021634615384615384 0.08653846153846154
2 0.7536057692307693 0.5048076923076923 0.04447115384615385 0.07451923076923077
1 0.9014423076923077 0.6045673076923077 0.19471153846153846 0.5252403846153846