1 0.09134615384615384 0.5192307692307693 0.08173076923076923 0.056490384615384616
3 0.08653846153846154 0.26802884615384615 0.019230769230769232 0.06850961538461539
1 0.17307692307692307 0.5228365384615384 0.04326923076923077 0.03485576923076923
1 0.34975961538461536 0.5817307692307693 0.23677884615384615 0.2439903846153846
1 0.24158653846153846 0.5168269230769231 0.018028846153846152 0.028846153846153848
3 0.2620192307692308 0.36177884615384615 0.019230769230769232 0.055288461538461536
3 0.33052884615384615 0.30528846153846156 0.018028846153846152 0.04927884615384615
4 0.37740384615384615 0.40865384615384615 0.01201923076923077 0.025240384615384616
4 0.41466346153846156 0.43990384615384615 0.013221153846153846 0.03365384615384615
1 0.4495192307692308 0.5072115384615384 0.025240384615384616 0.05048076923076923
1 0.4543269230769231 0.5144230769230769 0.027644230769230768 0.04326923076923077
1 0.4987980769230769 0.5204326923076923 0.027644230769230768 0.04927884615384615
4 0.5 0.3942307692307692 0.019230769230769232 0.037259615384615384
1 0.5637019230769231 0.5204326923076923 0.03365384615384615 0.040865384615384616
1 0.6057692307692307 0.5324519230769231 0.08653846153846154 0.078125
1 0.7439903846153846 0.5336538461538461 0.08173076923076923 0.09975961538461539
10 0.7536057692307693 0.49158653846153844 0.08653846153846154 0.06850961538461539
1 0.8786057692307693 0.5769230769230769 0.2403846153846154 0.19951923076923078
4 0.7776442307692307 0.4074519230769231 0.018028846153846152 0.05048076923076923
1 0.8870192307692307 0.8257211538461539 0.21514423076923078 0.32572115384615385
3 0.8088942307692307 0.35336538461538464 0.018028846153846152 0.04326923076923077