1 0.010817307692307692 0.5324519230769231 0.021634615384615384 0.09134615384615384
2 0.008413461538461538 0.5180288461538461 0.015625 0.055288461538461536
1 0.12259615384615384 0.5516826923076923 0.09735576923076923 0.10697115384615384
1 0.11899038461538461 0.5576923076923077 0.06850961538461539 0.08653846153846154
1 0.20072115384615385 0.5576923076923077 0.12259615384615384 0.15264423076923078
1 0.20072115384615385 0.5528846153846154 0.10576923076923077 0.125
1 0.3629807692307692 0.5192307692307693 0.05889423076923077 0.09615384615384616
1 0.39903846153846156 0.5144230769230769 0.013221153846153846 0.046875
1 0.4326923076923077 0.5192307692307693 0.056490384615384616 0.06850961538461539
1 0.43509615384615385 0.5192307692307693 0.046875 0.05889423076923077
3 0.5805288461538461 0.30528846153846156 0.028846153846153848 0.09134615384615384
2 0.5949519230769231 0.5144230769230769 0.019230769230769232 0.12740384615384615
2 0.6237980769230769 0.5072115384615384 0.027644230769230768 0.1310096153846154
2 0.6394230769230769 0.5024038461538461 0.019230769230769232 0.1310096153846154
2 0.6586538461538461 0.5024038461538461 0.027644230769230768 0.11899038461538461