1 0.04807692307692308 0.6334134615384616 0.09134615384615384 0.35697115384615385
1 0.24759615384615385 0.5096153846153846 0.037259615384615384 0.06009615384615385
1 0.25240384615384615 0.5012019230769231 0.028846153846153848 0.038461538461538464
1 0.2860576923076923 0.5072115384615384 0.03485576923076923 0.03485576923076923
1 0.31490384615384615 0.5024038461538461 0.03125 0.04326923076923077
1 0.31971153846153844 0.5036057692307693 0.03365384615384615 0.038461538461538464
4 0.44591346153846156 0.4014423076923077 0.019230769230769232 0.03365384615384615
1 0.47115384615384615 0.49038461538461536 0.028846153846153848 0.038461538461538464
4 0.4795673076923077 0.40625 0.013221153846153846 0.028846153846153848
1 0.5204326923076923 0.5132211538461539 0.08413461538461539 0.10576923076923077
4 0.578125 0.4338942307692308 0.013221153846153846 0.028846153846153848
1 0.734375 0.49038461538461536 0.13221153846153846 0.08653846153846154