1 0.4326923076923077 0.515625 0.04447115384615385 0.05889423076923077
2 0.027644230769230768 0.5456730769230769 0.018028846153846152 0.10096153846153846
2 0.04326923076923077 0.5697115384615384 0.018028846153846152 0.052884615384615384
2 0.05889423076923077 0.5480769230769231 0.025240384615384616 0.12259615384615384
2 0.06370192307692307 0.5444711538461539 0.025240384615384616 0.11298076923076923
2 0.09495192307692307 0.5324519230769231 0.018028846153846152 0.07211538461538461
1 0.12740384615384615 0.5552884615384616 0.078125 0.08173076923076923
1 0.22716346153846154 0.5444711538461539 0.08413461538461539 0.09375
1 0.2824519230769231 0.5288461538461539 0.03125 0.06490384615384616
1 0.31009615384615385 0.5192307692307693 0.028846153846153848 0.06490384615384616
1 0.5973557692307693 0.5252403846153846 0.23677884615384615 0.1346153846153846
3 0.5817307692307693 0.3137019230769231 0.025240384615384616 0.09615384615384616
2 0.8617788461538461 0.48677884615384615 0.021634615384615384 0.12259615384615384
2 0.8629807692307693 0.484375 0.018028846153846152 0.1310096153846154
2 0.8822115384615384 0.4807692307692308 0.019230769230769232 0.12139423076923077
2 0.9855769230769231 0.4807692307692308 0.025240384615384616 0.15985576923076922