1 0.052884615384615384 0.5336538461538461 0.10576923076923077 0.19110576923076922
1 0.09134615384615384 0.47475961538461536 0.10697115384615384 0.078125
1 0.20072115384615385 0.49759615384615385 0.10697115384615384 0.055288461538461536
4 0.32091346153846156 0.4182692307692308 0.019230769230769232 0.038461538461538464
4 0.31971153846153844 0.41225961538461536 0.015625 0.06009615384615385
1 0.4230769230769231 0.4831730769230769 0.038461538461538464 0.05048076923076923
1 0.5913461538461539 0.5168269230769231 0.16947115384615385 0.25
4 0.5288461538461539 0.33774038461538464 0.019230769230769232 0.03125
4 0.5324519230769231 0.3245192307692308 0.018028846153846152 0.04927884615384615
4 0.6213942307692307 0.41225961538461536 0.018028846153846152 0.040865384615384616
4 0.6742788461538461 0.3605769230769231 0.027644230769230768 0.07572115384615384
4 0.6730769230769231 0.37259615384615385 0.018028846153846152 0.04326923076923077
1 0.8028846153846154 0.5480769230769231 0.203125 0.2283653846153846