1 0.16466346153846154 0.5168269230769231 0.09735576923076923 0.06009615384615385
1 0.16706730769230768 0.5168269230769231 0.09975961538461539 0.056490384615384616
1 0.25240384615384615 0.5144230769230769 0.04927884615384615 0.04326923076923077
1 0.2848557692307692 0.5252403846153846 0.0625 0.08774038461538461
1 0.3894230769230769 0.5324519230769231 0.11899038461538461 0.171875
6 0.42427884615384615 0.41947115384615385 0.01201923076923077 0.03125
6 0.44471153846153844 0.4387019230769231 0.01201923076923077 0.03365384615384615
0 0.4951923076923077 0.5132211538461539 0.018028846153846152 0.07211538461538461
6 0.49399038461538464 0.4338942307692308 0.013221153846153846 0.03125
6 0.5697115384615384 0.38341346153846156 0.019230769230769232 0.052884615384615384
6 0.5709134615384616 0.38221153846153844 0.018028846153846152 0.046875
1 0.7391826923076923 0.49759615384615385 0.078125 0.046875