1 0.016826923076923076 0.5300480769230769 0.028846153846153848 0.046875
6 0.0625 0.4423076923076923 0.021634615384615384 0.04326923076923077
7 0.06490384615384616 0.46153846153846156 0.018028846153846152 0.04927884615384615
1 0.12740384615384615 0.5204326923076923 0.03485576923076923 0.04447115384615385
1 0.17307692307692307 0.515625 0.03485576923076923 0.04326923076923077
1 0.22115384615384615 0.5096153846153846 0.046875 0.055288461538461536
7 0.21394230769230768 0.36899038461538464 0.019230769230769232 0.055288461538461536
1 0.42788461538461536 0.5805288461538461 0.38822115384615385 0.5444711538461539
1 0.2668269230769231 0.5084134615384616 0.046875 0.09014423076923077
3 0.5853365384615384 0.3629807692307692 0.03365384615384615 0.06009615384615385
1 0.6634615384615384 0.5336538461538461 0.11177884615384616 0.10336538461538461
1 0.6466346153846154 0.47115384615384615 0.06850961538461539 0.0625
2 0.7548076923076923 0.5252403846153846 0.06971153846153846 0.19110576923076922
2 0.7548076923076923 0.5276442307692307 0.03485576923076923 0.14423076923076922
1 0.9350961538461539 0.6682692307692307 0.12740384615384615 0.31009615384615385