1 0.11177884615384616 0.5757211538461539 0.1622596153846154 0.1466346153846154
1 0.2536057692307692 0.5408653846153846 0.07211538461538461 0.08774038461538461
1 0.35096153846153844 0.6310096153846154 0.2403846153846154 0.28846153846153844
4 0.24759615384615385 0.4266826923076923 0.018028846153846152 0.05048076923076923
1 0.45913461538461536 0.5432692307692307 0.11177884615384616 0.1778846153846154
1 0.5024038461538461 0.5288461538461539 0.04927884615384615 0.10697115384615384
1 0.5576923076923077 0.5252403846153846 0.10576923076923077 0.09735576923076923
4 0.5180288461538461 0.4074519230769231 0.019230769230769232 0.05889423076923077
1 0.5697115384615384 0.5216346153846154 0.10576923076923077 0.08413461538461539
2 0.5649038461538461 0.5276442307692307 0.028846153846153848 0.125
2 0.5805288461538461 0.53125 0.015625 0.140625
2 0.5961538461538461 0.5240384615384616 0.028846153846153848 0.11298076923076923
2 0.6358173076923077 0.5192307692307693 0.025240384615384616 0.10697115384615384
2 0.7211538461538461 0.4987980769230769 0.018028846153846152 0.08653846153846154
2 0.7512019230769231 0.5048076923076923 0.04447115384615385 0.07451923076923077
1 0.8978365384615384 0.6021634615384616 0.203125 0.5252403846153846