1 0.08413461538461539 0.39903846153846156 0.16826923076923078 0.15384615384615385
1 0.0829326923076923 0.5757211538461539 0.1658653846153846 0.3245192307692308
1 0.2091346153846154 0.4951923076923077 0.028846153846153848 0.06009615384615385
10 0.28125 0.44350961538461536 0.12740384615384615 0.16947115384615385
1 0.3641826923076923 0.47115384615384615 0.06009615384615385 0.07572115384615384
6 0.35096153846153844 0.40024038461538464 0.019230769230769232 0.03365384615384615
6 0.35216346153846156 0.4014423076923077 0.013221153846153846 0.027644230769230768
6 0.37740384615384615 0.3918269230769231 0.013221153846153846 0.027644230769230768
6 0.38100961538461536 0.4026442307692308 0.01201923076923077 0.028846153846153848
1 0.39903846153846156 0.47596153846153844 0.027644230769230768 0.038461538461538464
1 0.4206730769230769 0.47475961538461536 0.03485576923076923 0.052884615384615384
6 0.421875 0.3918269230769231 0.013221153846153846 0.028846153846153848
6 0.421875 0.3954326923076923 0.013221153846153846 0.028846153846153848
6 0.45072115384615385 0.38822115384615385 0.013221153846153846 0.037259615384615384
6 0.45552884615384615 0.39903846153846156 0.013221153846153846 0.028846153846153848
1 0.4735576923076923 0.47596153846153844 0.04927884615384615 0.052884615384615384
1 0.5144230769230769 0.4651442307692308 0.055288461538461536 0.05048076923076923
6 0.5144230769230769 0.421875 0.01201923076923077 0.027644230769230768
1 0.6983173076923077 0.45072115384615385 0.06490384615384616 0.04326923076923077