1 0.25841346153846156 0.5012019230769231 0.05048076923076923 0.04927884615384615
1 0.31490384615384615 0.49759615384615385 0.07211538461538461 0.09134615384615384
1 0.43149038461538464 0.49399038461538464 0.03125 0.05889423076923077
1 0.47836538461538464 0.49278846153846156 0.028846153846153848 0.040865384615384616
1 0.5036057692307693 0.4951923076923077 0.040865384615384616 0.055288461538461536
1 0.5721153846153846 0.48677884615384615 0.04927884615384615 0.078125
1 0.5649038461538461 0.49759615384615385 0.02403846153846154 0.08413461538461539
1 0.5961538461538461 0.49759615384615385 0.05048076923076923 0.078125
1 0.6514423076923077 0.49158653846153844 0.05048076923076923 0.056490384615384616
1 0.6514423076923077 0.4951923076923077 0.05048076923076923 0.04326923076923077
1 0.7560096153846154 0.48197115384615385 0.07572115384615384 0.037259615384615384
1 0.7584134615384616 0.4879807692307692 0.078125 0.046875
1 0.8305288461538461 0.4831730769230769 0.05889423076923077 0.04326923076923077