1 0.042067307692307696 0.5961538461538461 0.08413461538461539 0.12860576923076922
1 0.11177884615384616 0.5709134615384616 0.07451923076923077 0.11298076923076923
1 0.16826923076923078 0.5516826923076923 0.04447115384615385 0.06610576923076923
1 0.16826923076923078 0.5625 0.04326923076923077 0.08173076923076923
1 0.21153846153846154 0.5336538461538461 0.055288461538461536 0.04326923076923077
1 0.32572115384615385 0.5673076923076923 0.18028846153846154 0.26802884615384615
1 0.4423076923076923 0.5192307692307693 0.040865384615384616 0.04927884615384615
1 0.4411057692307692 0.5192307692307693 0.03125 0.06971153846153846
1 0.5805288461538461 0.5552884615384616 0.1346153846153846 0.16947115384615385
2 0.8052884615384616 0.5372596153846154 0.05048076923076923 0.17427884615384615
2 0.8064903846153846 0.5384615384615384 0.046875 0.1875
2 0.8858173076923077 0.5240384615384616 0.03365384615384615 0.21634615384615385
2 0.8834134615384616 0.5240384615384616 0.027644230769230768 0.20552884615384615