1 0.22596153846153846 0.5252403846153846 0.14423076923076922 0.11778846153846154
1 0.22716346153846154 0.5096153846153846 0.12139423076923077 0.109375
1 0.4254807692307692 0.49278846153846156 0.040865384615384616 0.055288461538461536
1 0.42427884615384615 0.49399038461538464 0.028846153846153848 0.038461538461538464
1 0.4723557692307692 0.49158653846153844 0.03485576923076923 0.04927884615384615
1 0.5276442307692307 0.4855769230769231 0.04447115384615385 0.052884615384615384
3 0.5697115384615384 0.028846153846153848 0.025240384615384616 0.056490384615384616
3 0.5661057692307693 0.3605769230769231 0.01201923076923077 0.05048076923076923
6 0.6538461538461539 0.3557692307692308 0.013221153846153846 0.038461538461538464
6 0.7259615384615384 0.4014423076923077 0.015625 0.04326923076923077
6 0.7295673076923077 0.4050480769230769 0.013221153846153846 0.027644230769230768
6 0.7980769230769231 0.07451923076923077 0.025240384615384616 0.09134615384615384
2 0.8112980769230769 0.47596153846153844 0.03125 0.08774038461538461
2 0.8100961538461539 0.47596153846153844 0.019230769230769232 0.05889423076923077
2 0.9735576923076923 0.47716346153846156 0.028846153846153848 0.15384615384615385
0 0.9735576923076923 0.49278846153846156 0.025240384615384616 0.10096153846153846
2 0.9915865384615384 0.48197115384615385 0.01201923076923077 0.08413461538461539