1 0.05048076923076923 0.5528846153846154 0.10096153846153846 0.1346153846153846
1 0.3076923076923077 0.5961538461538461 0.40384615384615385 0.5288461538461539
7 0.12860576923076922 0.42908653846153844 0.019230769230769232 0.019230769230769232
3 0.3605769230769231 0.31971153846153844 0.01201923076923077 0.040865384615384616
4 0.45552884615384615 0.3269230769230769 0.018028846153846152 0.046875
10 0.7151442307692307 0.40384615384615385 0.39302884615384615 0.5600961538461539
1 0.9134615384615384 0.6875 0.1658653846153846 0.4651442307692308
10 0.9387019230769231 0.4362980769230769 0.06610576923076923 0.05048076923076923
2 0.9206730769230769 0.4987980769230769 0.01201923076923077 0.09134615384615384
2 0.9314903846153846 0.49158653846153844 0.018028846153846152 0.08173076923076923
2 0.9543269230769231 0.46875 0.019230769230769232 0.06850961538461539