1 0.5600961538461539 0.5168269230769231 0.028846153846153848 0.046875
2 0.6382211538461539 0.5048076923076923 0.021634615384615384 0.056490384615384616
2 0.027644230769230768 0.5444711538461539 0.015625 0.07211538461538461
2 0.04447115384615385 0.5480769230769231 0.013221153846153846 0.056490384615384616
2 0.04927884615384615 0.5492788461538461 0.01201923076923077 0.07572115384615384
7 0.055288461538461536 0.43509615384615385 0.018028846153846152 0.04927884615384615
2 0.06009615384615385 0.546875 0.013221153846153846 0.06971153846153846
2 0.08052884615384616 0.5384615384615384 0.02403846153846154 0.08052884615384616
2 0.08413461538461539 0.5372596153846154 0.018028846153846152 0.07211538461538461
2 0.09495192307692307 0.5408653846153846 0.018028846153846152 0.07211538461538461
0 0.0985576923076923 0.5384615384615384 0.018028846153846152 0.06610576923076923
2 0.140625 0.6045673076923077 0.06850961538461539 0.42788461538461536
2 0.14302884615384615 0.5925480769230769 0.06850961538461539 0.43509615384615385
1 0.171875 0.5252403846153846 0.08774038461538461 0.07451923076923077
10 0.17668269230769232 0.5216346153846154 0.078125 0.08413461538461539
10 0.2403846153846154 0.5120192307692307 0.056490384615384616 0.056490384615384616
1 0.24519230769230768 0.515625 0.0625 0.05889423076923077
1 0.24759615384615385 0.5324519230769231 0.056490384615384616 0.04927884615384615
2 0.2848557692307692 0.5132211538461539 0.02403846153846154 0.07451923076923077
10 0.3293269230769231 0.48197115384615385 0.09975961538461539 0.1466346153846154
2 0.4735576923076923 0.6069711538461539 0.15384615384615385 0.38100961538461536
7 0.4483173076923077 0.31971153846153844 0.019230769230769232 0.052884615384615384
1 0.5024038461538461 0.5192307692307693 0.04447115384615385 0.0625
1 0.5024038461538461 0.515625 0.038461538461538464 0.055288461538461536
6 0.5192307692307693 0.3245192307692308 0.021634615384615384 0.06850961538461539
6 0.65625 0.4074519230769231 0.021634615384615384 0.0625
1 0.8810096153846154 0.5072115384615384 0.16947115384615385 0.09735576923076923