1 0.09134615384615384 0.4855769230769231 0.03365384615384615 0.025240384615384616
1 0.09375 0.5132211538461539 0.027644230769230768 0.027644230769230768
1 0.17668269230769232 0.4963942307692308 0.08774038461538461 0.06850961538461539
1 0.31490384615384615 0.5060096153846154 0.08413461538461539 0.07211538461538461
1 0.4362980769230769 0.4987980769230769 0.040865384615384616 0.040865384615384616
1 0.47836538461538464 0.49759615384615385 0.037259615384615384 0.037259615384615384
3 0.5697115384615384 0.028846153846153848 0.025240384615384616 0.056490384615384616
3 0.5649038461538461 0.3605769230769231 0.01201923076923077 0.05048076923076923
6 0.6526442307692307 0.3557692307692308 0.015625 0.038461538461538464
6 0.7259615384615384 0.40625 0.013221153846153846 0.04326923076923077
6 0.7295673076923077 0.40865384615384615 0.013221153846153846 0.027644230769230768
6 0.8016826923076923 0.07091346153846154 0.02403846153846154 0.09014423076923077
10 0.8858173076923077 0.46274038461538464 0.13822115384615385 0.10697115384615384
0 0.9663461538461539 0.49278846153846156 0.028846153846153848 0.10096153846153846
2 0.9723557692307693 0.48677884615384615 0.028846153846153848 0.13822115384615385
2 0.9915865384615384 0.48197115384615385 0.01201923076923077 0.08413461538461539