4 0.9711538461538461 0.16826923076923078 0.038461538461538464 0.1346153846153846
1 0.9158653846153846 0.47596153846153844 0.1658653846153846 0.15865384615384615
1 0.020432692307692308 0.5432692307692307 0.038461538461538464 0.07451923076923077
7 0.04447115384615385 0.43509615384615385 0.018028846153846152 0.055288461538461536
7 0.04567307692307692 0.43509615384615385 0.018028846153846152 0.055288461538461536
1 0.07572115384615384 0.5360576923076923 0.04927884615384615 0.04927884615384615
1 0.26802884615384615 0.5084134615384616 0.06490384615384616 0.07451923076923077
7 0.25721153846153844 0.2920673076923077 0.019230769230769232 0.056490384615384616
4 0.3581730769230769 0.3004807692307692 0.019230769230769232 0.05889423076923077
1 0.3713942307692308 0.5036057692307693 0.03125 0.04927884615384615
1 0.40024038461538464 0.5048076923076923 0.03365384615384615 0.038461538461538464
4 0.49759615384615385 0.3954326923076923 0.021634615384615384 0.04927884615384615
1 0.7956730769230769 0.4579326923076923 0.07451923076923077 0.08653846153846154