6 0.05889423076923077 0.4387019230769231 0.019230769230769232 0.04326923076923077
7 0.05889423076923077 0.44711538461538464 0.018028846153846152 0.04927884615384615
1 0.13341346153846154 0.5024038461538461 0.10576923076923077 0.10336538461538461
3 0.20673076923076922 0.35096153846153844 0.019230769230769232 0.037259615384615384
1 0.2776442307692308 0.5084134615384616 0.07451923076923077 0.09134615384615384
1 0.2800480769230769 0.5084134615384616 0.07572115384615384 0.11778846153846154
6 0.2764423076923077 0.35697115384615385 0.019230769230769232 0.03365384615384615
1 0.4326923076923077 0.5528846153846154 0.2932692307692308 0.4182692307692308
6 0.5649038461538461 0.37740384615384615 0.027644230769230768 0.08653846153846154
6 0.5721153846153846 0.36177884615384615 0.03365384615384615 0.06009615384615385
1 0.625 0.5264423076923077 0.11538461538461539 0.12740384615384615
2 0.7572115384615384 0.5024038461538461 0.052884615384615384 0.13701923076923078
2 0.7632211538461539 0.5180288461538461 0.03485576923076923 0.14423076923076922
1 0.8762019230769231 0.6189903846153846 0.2439903846153846 0.2848557692307692