1 0.21153846153846154 0.5360576923076923 0.03365384615384615 0.04326923076923077
7 0.28846153846153844 0.23557692307692307 0.021634615384615384 0.046875
7 0.28846153846153844 0.25240384615384615 0.021634615384615384 0.07451923076923077
1 0.3004807692307692 0.5300480769230769 0.038461538461538464 0.037259615384615384
4 0.4170673076923077 0.25961538461538464 0.027644230769230768 0.04326923076923077
4 0.4170673076923077 0.23918269230769232 0.019230769230769232 0.0625
4 0.6189903846153846 0.37740384615384615 0.02403846153846154 0.078125
4 0.6201923076923077 0.39302884615384615 0.021634615384615384 0.04447115384615385
1 0.8425480769230769 0.5108173076923077 0.07451923076923077 0.109375
1 0.8942307692307693 0.5024038461538461 0.16346153846153846 0.10697115384615384
1 0.9387019230769231 0.5072115384615384 0.11899038461538461 0.12259615384615384