2 0.18990384615384615 0.5228365384615384 0.009615384615384616 0.040865384615384616
10 0.06490384615384616 0.49759615384615385 0.11177884615384616 0.11538461538461539
10 0.07211538461538461 0.5024038461538461 0.11778846153846154 0.08653846153846154
1 0.21514423076923078 0.5084134615384616 0.038461538461538464 0.05889423076923077
6 0.24278846153846154 0.43509615384615385 0.021634615384615384 0.04927884615384615
1 0.2668269230769231 0.5192307692307693 0.037259615384615384 0.028846153846153848
1 0.3473557692307692 0.5192307692307693 0.040865384615384616 0.05048076923076923
1 0.47596153846153844 0.5180288461538461 0.046875 0.05048076923076923
1 0.47596153846153844 0.5240384615384616 0.03485576923076923 0.040865384615384616
3 0.5180288461538461 0.41947115384615385 0.018028846153846152 0.046875
1 0.6802884615384616 0.5036057692307693 0.14903846153846154 0.08173076923076923
1 0.8149038461538461 0.5 0.12860576923076922 0.0625