1 0.018028846153846152 0.5384615384615384 0.028846153846153848 0.046875
6 0.06009615384615385 0.4543269230769231 0.021634615384615384 0.04326923076923077
7 0.0625 0.4675480769230769 0.018028846153846152 0.04927884615384615
1 0.11899038461538461 0.5240384615384616 0.03365384615384615 0.04927884615384615
1 0.15384615384615385 0.5288461538461539 0.046875 0.055288461538461536
1 0.1778846153846154 0.5192307692307693 0.025240384615384616 0.055288461538461536
1 0.17908653846153846 0.5192307692307693 0.021634615384615384 0.04326923076923077
1 0.22115384615384615 0.5132211538461539 0.046875 0.055288461538461536
7 0.21514423076923078 0.37259615384615385 0.019230769230769232 0.055288461538461536
1 0.27403846153846156 0.5144230769230769 0.046875 0.06971153846153846
1 0.27884615384615385 0.5144230769230769 0.052884615384615384 0.06971153846153846
4 0.28725961538461536 0.36899038461538464 0.015625 0.04447115384615385
1 0.31490384615384615 0.5048076923076923 0.027644230769230768 0.06490384615384616
1 0.4519230769230769 0.5649038461538461 0.27163461538461536 0.3942307692307692
1 0.59375 0.4807692307692308 0.052884615384615384 0.0625
3 0.5925480769230769 0.3894230769230769 0.03365384615384615 0.06009615384615385
3 0.5913461538461539 0.38221153846153844 0.027644230769230768 0.08653846153846154
1 0.6502403846153846 0.5480769230769231 0.1346153846153846 0.1346153846153846
2 0.6574519230769231 0.4795673076923077 0.03365384615384615 0.03485576923076923
1 0.9387019230769231 0.6694711538461539 0.11899038461538461 0.3125