1 0.18509615384615385 0.6358173076923077 0.36899038461538464 0.6286057692307693
1 0.39663461538461536 0.5769230769230769 0.140625 0.21875
7 0.34615384615384615 0.4362980769230769 0.019230769230769232 0.056490384615384616
4 0.47475961538461536 0.35697115384615385 0.015625 0.052884615384615384
1 0.5108173076923077 0.5372596153846154 0.03125 0.038461538461538464
3 0.5240384615384616 0.42908653846153844 0.018028846153846152 0.05048076923076923
3 0.7055288461538461 0.31490384615384615 0.040865384615384616 0.11899038461538461
2 0.7007211538461539 0.5276442307692307 0.009615384615384616 0.06850961538461539
2 0.7079326923076923 0.5252403846153846 0.021634615384615384 0.06490384615384616
2 0.7223557692307693 0.5168269230769231 0.015625 0.052884615384615384
2 0.7283653846153846 0.5264423076923077 0.021634615384615384 0.07572115384615384
1 0.9026442307692307 0.5348557692307693 0.11177884615384616 0.109375
1 0.8689903846153846 0.5540865384615384 0.04326923076923077 0.06971153846153846
1 0.9399038461538461 0.5444711538461539 0.10697115384615384 0.11177884615384616
1 0.9266826923076923 0.5504807692307693 0.06610576923076923 0.08653846153846154
1 0.9735576923076923 0.5348557692307693 0.05048076923076923 0.10336538461538461