1 0.2668269230769231 0.5036057692307693 0.07451923076923077 0.06610576923076923
1 0.27163461538461536 0.5 0.06850961538461539 0.055288461538461536
1 0.3293269230769231 0.5024038461538461 0.05048076923076923 0.055288461538461536
1 0.328125 0.49759615384615385 0.04927884615384615 0.05048076923076923
1 0.45552884615384615 0.48197115384615385 0.025240384615384616 0.046875
1 0.4963942307692308 0.4951923076923077 0.09134615384615384 0.11778846153846154
1 0.5552884615384616 0.4879807692307692 0.027644230769230768 0.06009615384615385
4 0.5685096153846154 0.1658653846153846 0.028846153846153848 0.09975961538461539
1 0.5913461538461539 0.4963942307692308 0.056490384615384616 0.078125
4 0.7451923076923077 0.35216346153846156 0.028846153846153848 0.04927884615384615
4 0.7427884615384616 0.33052884615384615 0.019230769230769232 0.09014423076923077