1 0.22355769230769232 0.515625 0.08052884615384616 0.08173076923076923
1 0.22355769230769232 0.5216346153846154 0.078125 0.08413461538461539
1 0.28966346153846156 0.5072115384615384 0.052884615384615384 0.08774038461538461
1 0.3449519230769231 0.49278846153846156 0.056490384615384616 0.08052884615384616
1 0.3954326923076923 0.4963942307692308 0.03365384615384615 0.052884615384615384
1 0.4891826923076923 0.49038461538461536 0.04447115384615385 0.07451923076923077
1 0.5733173076923077 0.5024038461538461 0.021634615384615384 0.055288461538461536
1 0.5889423076923077 0.5060096153846154 0.025240384615384616 0.0625
1 0.6310096153846154 0.5216346153846154 0.06490384615384616 0.09735576923076923
1 0.6394230769230769 0.5180288461538461 0.07211538461538461 0.07572115384615384
1 0.7283653846153846 0.5444711538461539 0.1310096153846154 0.14423076923076922