1 0.11899038461538461 0.5588942307692307 0.08413461538461539 0.09014423076923077
2 0.2536057692307692 0.6141826923076923 0.2620192307692308 0.7127403846153846
1 0.27524038461538464 0.5324519230769231 0.03365384615384615 0.08653846153846154
1 0.2824519230769231 0.5288461538461539 0.03125 0.06610576923076923
1 0.30528846153846156 0.5180288461538461 0.03125 0.06610576923076923
1 0.35697115384615385 0.5144230769230769 0.03125 0.04447115384615385
1 0.4338942307692308 0.515625 0.046875 0.05889423076923077
1 0.6814903846153846 0.5384615384615384 0.34615384615384615 0.21634615384615385
2 0.5637019230769231 0.49278846153846156 0.013221153846153846 0.08173076923076923
3 0.5817307692307693 0.3137019230769231 0.027644230769230768 0.09735576923076923
2 0.5901442307692307 0.4951923076923077 0.01201923076923077 0.08052884615384616
2 0.9855769230769231 0.47115384615384615 0.025240384615384616 0.14423076923076922