3 0.0625 0.06971153846153846 0.08774038461538461 0.1346153846153846
1 0.13221153846153846 0.48677884615384615 0.052884615384615384 0.05048076923076923
1 0.19110576923076922 0.5228365384615384 0.1466346153846154 0.125
1 0.2764423076923077 0.5 0.05048076923076923 0.078125
1 0.4735576923076923 0.49399038461538464 0.04326923076923077 0.052884615384615384
3 0.5721153846153846 0.027644230769230768 0.028846153846153848 0.052884615384615384
6 0.5649038461538461 0.3629807692307692 0.015625 0.046875
1 0.5913461538461539 0.49399038461538464 0.05048076923076923 0.038461538461538464
1 0.6574519230769231 0.5036057692307693 0.11298076923076923 0.05889423076923077
6 0.6538461538461539 0.3581730769230769 0.018028846153846152 0.05048076923076923
6 0.7283653846153846 0.41947115384615385 0.013221153846153846 0.04927884615384615
6 0.8004807692307693 0.07572115384615384 0.028846153846153848 0.09375
1 0.8617788461538461 0.4891826923076923 0.07211538461538461 0.055288461538461536
1 0.9206730769230769 0.48677884615384615 0.10336538461538461 0.056490384615384616