1 0.17668269230769232 0.5444711538461539 0.11177884615384616 0.13701923076923078
1 0.25240384615384615 0.5324519230769231 0.06610576923076923 0.06850961538461539
1 0.25600961538461536 0.5360576923076923 0.06610576923076923 0.08173076923076923
1 0.3088942307692308 0.5180288461538461 0.06490384615384616 0.06971153846153846
1 0.31490384615384615 0.5252403846153846 0.0625 0.07211538461538461
1 0.34615384615384615 0.515625 0.037259615384615384 0.055288461538461536
1 0.35216346153846156 0.5180288461538461 0.027644230769230768 0.05889423076923077
1 0.3701923076923077 0.5108173076923077 0.038461538461538464 0.0625
1 0.3737980769230769 0.5108173076923077 0.025240384615384616 0.055288461538461536
1 0.49278846153846156 0.5072115384615384 0.046875 0.08413461538461539
1 0.5444711538461539 0.5060096153846154 0.021634615384615384 0.05889423076923077
1 0.5745192307692307 0.5084134615384616 0.04927884615384615 0.08413461538461539