1 0.06971153846153846 0.6177884615384616 0.13822115384615385 0.3942307692307692
2 0.17427884615384615 0.5372596153846154 0.01201923076923077 0.038461538461538464
1 0.30528846153846156 0.5492788461538461 0.08774038461538461 0.09615384615384616
1 0.3545673076923077 0.5240384615384616 0.040865384615384616 0.07211538461538461
1 0.35336538461538464 0.5336538461538461 0.027644230769230768 0.08052884615384616
1 0.41346153846153844 0.546875 0.10697115384615384 0.1502403846153846
6 0.43509615384615385 0.39903846153846156 0.01201923076923077 0.037259615384615384
6 0.4362980769230769 0.40024038461538464 0.013221153846153846 0.028846153846153848
1 0.46634615384615385 0.5288461538461539 0.027644230769230768 0.06490384615384616
6 0.5396634615384616 0.4519230769230769 0.007211538461538462 0.028846153846153848
2 0.6237980769230769 0.5108173076923077 0.018028846153846152 0.055288461538461536
2 0.6262019230769231 0.5084134615384616 0.009615384615384616 0.05889423076923077