1 0.4411057692307692 0.5264423076923077 0.09014423076923077 0.09014423076923077
3 0.0733173076923077 0.4579326923076923 0.03365384615384615 0.056490384615384616
8 0.07692307692307693 0.46153846153846156 0.019230769230769232 0.04326923076923077
1 0.14302884615384615 0.5396634615384616 0.07211538461538461 0.06971153846153846
0 0.25961538461538464 0.515625 0.037259615384615384 0.08173076923076923
1 0.3737980769230769 0.5552884615384616 0.109375 0.1346153846153846
8 0.36658653846153844 0.34375 0.03125 0.08052884615384616
8 0.3701923076923077 0.3449519230769231 0.021634615384615384 0.05048076923076923
8 0.4831730769230769 0.43028846153846156 0.018028846153846152 0.04326923076923077
2 0.5168269230769231 0.4987980769230769 0.027644230769230768 0.08653846153846154
0 0.5600961538461539 0.5552884615384616 0.056490384615384616 0.23197115384615385