10 0.046875 0.5252403846153846 0.09375 0.10336538461538461
10 0.04927884615384615 0.5288461538461539 0.09615384615384616 0.10576923076923077
1 0.11177884615384616 0.5817307692307693 0.12740384615384615 0.18509615384615385
1 0.2980769230769231 0.6045673076923077 0.31009615384615385 0.43509615384615385
3 0.3161057692307692 0.3389423076923077 0.021634615384615384 0.052884615384615384
3 0.41346153846153844 0.3269230769230769 0.025240384615384616 0.056490384615384616
3 0.41586538461538464 0.3389423076923077 0.018028846153846152 0.055288461538461536
1 0.48197115384615385 0.5120192307692307 0.009615384615384616 0.03125
3 0.49278846153846156 0.33052884615384615 0.027644230769230768 0.07211538461538461
3 0.49278846153846156 0.33052884615384615 0.018028846153846152 0.046875
1 0.5348557692307693 0.5240384615384616 0.046875 0.05889423076923077
1 0.6274038461538461 0.5432692307692307 0.046875 0.11778846153846154
1 0.796875 0.6213942307692307 0.37259615384615385 0.35096153846153844
3 0.6802884615384616 0.43149038461538464 0.019230769230769232 0.056490384615384616
1 0.9423076923076923 0.5192307692307693 0.08052884615384616 0.06009615384615385
1 0.9435096153846154 0.5192307692307693 0.078125 0.07572115384615384
3 0.9375 0.25841346153846156 0.05048076923076923 0.14423076923076922