1 0.04807692307692308 0.5132211538461539 0.038461538461538464 0.037259615384615384
1 0.07572115384615384 0.5180288461538461 0.056490384615384616 0.046875
1 0.07572115384615384 0.5132211538461539 0.04927884615384615 0.03365384615384615
1 0.17548076923076922 0.5072115384615384 0.06490384615384616 0.040865384615384616
1 0.36177884615384615 0.49278846153846156 0.08052884615384616 0.08052884615384616
4 0.43028846153846156 0.37740384615384615 0.013221153846153846 0.037259615384615384
4 0.43028846153846156 0.3762019230769231 0.013221153846153846 0.03125
4 0.47115384615384615 0.375 0.018028846153846152 0.027644230769230768
4 0.47115384615384615 0.38221153846153844 0.013221153846153846 0.028846153846153848
1 0.5132211538461539 0.4855769230769231 0.038461538461538464 0.038461538461538464
4 0.5769230769230769 0.4362980769230769 0.013221153846153846 0.027644230769230768
4 0.5817307692307693 0.4338942307692308 0.018028846153846152 0.037259615384615384
1 0.6574519230769231 0.5072115384615384 0.12259615384615384 0.09615384615384616
4 0.6117788461538461 0.41225961538461536 0.013221153846153846 0.038461538461538464
4 0.6117788461538461 0.4230769230769231 0.013221153846153846 0.037259615384615384
0 0.7788461538461539 0.5324519230769231 0.06610576923076923 0.24278846153846154