1 0.06009615384615385 0.5805288461538461 0.11778846153846154 0.11778846153846154
1 0.25961538461538464 0.578125 0.19471153846153846 0.2127403846153846
7 0.2127403846153846 0.43028846153846156 0.015625 0.04927884615384615
7 0.2127403846153846 0.4230769230769231 0.013221153846153846 0.03365384615384615
1 0.3641826923076923 0.5600961538461539 0.09014423076923077 0.11298076923076923
7 0.49158653846153844 0.32572115384615385 0.015625 0.04927884615384615
7 0.49158653846153844 0.3269230769230769 0.015625 0.04927884615384615
1 0.5276442307692307 0.5408653846153846 0.07572115384615384 0.09134615384615384
4 0.5745192307692307 0.32091346153846156 0.013221153846153846 0.04927884615384615
1 0.6502403846153846 0.5024038461538461 0.05048076923076923 0.05048076923076923
1 0.6658653846153846 0.5432692307692307 0.04447115384615385 0.13701923076923078
1 0.7560096153846154 0.5540865384615384 0.203125 0.25240384615384615
4 0.7019230769230769 0.41947115384615385 0.013221153846153846 0.04447115384615385
3 0.8533653846153846 0.30528846153846156 0.027644230769230768 0.10336538461538461
2 0.8677884615384616 0.5240384615384616 0.025240384615384616 0.12139423076923077
2 0.8713942307692307 0.5252403846153846 0.028846153846153848 0.12740384615384615
2 0.8894230769230769 0.5252403846153846 0.015625 0.11298076923076923
2 0.9050480769230769 0.5132211538461539 0.025240384615384616 0.12259615384615384
2 0.9290865384615384 0.5132211538461539 0.03125 0.13221153846153846