0 0.6634615384615384 0.5288461538461539 0.027644230769230768 0.09134615384615384
1 0.1201923076923077 0.5408653846153846 0.07211538461538461 0.07451923076923077
1 0.33052884615384615 0.6502403846153846 0.3245192307692308 0.4098557692307692
7 0.28125 0.2764423076923077 0.019230769230769232 0.052884615384615384
7 0.28365384615384615 0.27524038461538464 0.019230769230769232 0.06009615384615385
6 0.3918269230769231 0.28725961538461536 0.013221153846153846 0.05889423076923077
2 0.5673076923076923 0.5180288461538461 0.027644230769230768 0.07451923076923077
6 0.5649038461538461 0.40865384615384615 0.015625 0.052884615384615384
2 0.5649038461538461 0.5228365384615384 0.018028846153846152 0.08173076923076923
2 0.5733173076923077 0.5180288461538461 0.013221153846153846 0.06971153846153846
2 0.5853365384615384 0.5120192307692307 0.019230769230769232 0.0625
1 0.7548076923076923 0.5324519230769231 0.1778846153846154 0.09735576923076923
0 0.7944711538461539 0.49038461538461536 0.03365384615384615 0.028846153846153848
1 0.9555288461538461 0.5120192307692307 0.08774038461538461 0.08413461538461539