1 0.16105769230769232 0.5877403846153846 0.29927884615384615 0.34134615384615385
1 0.35697115384615385 0.49158653846153844 0.07211538461538461 0.09375
7 0.3329326923076923 0.3317307692307692 0.018028846153846152 0.055288461538461536
1 0.41346153846153844 0.5024038461538461 0.06850961538461539 0.0625
4 0.4254807692307692 0.3317307692307692 0.013221153846153846 0.046875
1 0.45072115384615385 0.49038461538461536 0.03365384615384615 0.040865384615384616
1 0.47596153846153844 0.49038461538461536 0.015625 0.05048076923076923
4 0.4855769230769231 0.34615384615384615 0.015625 0.038461538461538464
1 0.5108173076923077 0.4891826923076923 0.03365384615384615 0.04326923076923077
10 0.5444711538461539 0.47115384615384615 0.028846153846153848 0.04927884615384615
1 0.6262019230769231 0.5144230769230769 0.06490384615384616 0.09975961538461539
4 0.6045673076923077 0.4170673076923077 0.018028846153846152 0.055288461538461536
4 0.6045673076923077 0.41466346153846156 0.015625 0.037259615384615384
1 0.7007211538461539 0.5300480769230769 0.11778846153846154 0.11177884615384616
4 0.6634615384615384 0.38221153846153844 0.018028846153846152 0.055288461538461536
4 0.6706730769230769 0.38341346153846156 0.021634615384615384 0.052884615384615384
1 0.8930288461538461 0.4855769230769231 0.08173076923076923 0.046875
1 0.9002403846153846 0.4795673076923077 0.09014423076923077 0.06850961538461539