1 0.009615384615384616 0.5492788461538461 0.018028846153846152 0.07572115384615384
1 0.06971153846153846 0.5348557692307693 0.11538461538461539 0.12740384615384615
1 0.13822115384615385 0.5252403846153846 0.03125 0.037259615384615384
2 0.19951923076923078 0.5420673076923077 0.03365384615384615 0.1310096153846154
1 0.24278846153846154 0.515625 0.018028846153846152 0.03485576923076923
1 0.3112980769230769 0.5336538461538461 0.09375 0.11177884615384616
2 0.38341346153846156 0.5600961538461539 0.05048076923076923 0.14903846153846154
6 0.41346153846153844 0.33653846153846156 0.02403846153846154 0.08413461538461539
2 0.6286057692307693 0.53125 0.03125 0.15865384615384615
2 0.6850961538461539 0.5132211538461539 0.03485576923076923 0.13701923076923078
2 0.7620192307692307 0.5168269230769231 0.03485576923076923 0.1502403846153846