2 0.006009615384615385 0.5384615384615384 0.01201923076923077 0.078125
0 0.03245192307692308 0.5516826923076923 0.03365384615384615 0.08774038461538461
0 0.027644230769230768 0.5432692307692307 0.019230769230769232 0.06971153846153846
1 0.13221153846153846 0.5288461538461539 0.09615384615384616 0.09735576923076923
10 0.13341346153846154 0.5264423076923077 0.08173076923076923 0.08413461538461539
1 0.2091346153846154 0.5384615384615384 0.07572115384615384 0.06610576923076923
10 0.20072115384615385 0.5144230769230769 0.056490384615384616 0.05048076923076923
1 0.2091346153846154 0.5024038461538461 0.06610576923076923 0.037259615384615384
10 0.296875 0.484375 0.109375 0.17548076923076922
1 0.3641826923076923 0.5228365384615384 0.03365384615384615 0.03485576923076923
1 0.39903846153846156 0.5192307692307693 0.03485576923076923 0.038461538461538464
7 0.4266826923076923 0.31490384615384615 0.019230769230769232 0.055288461538461536
6 0.5024038461538461 0.3173076923076923 0.021634615384615384 0.0625
1 0.6213942307692307 0.5192307692307693 0.11899038461538461 0.09134615384615384
6 0.6478365384615384 0.40865384615384615 0.021634615384615384 0.06490384615384616