1 0.17668269230769232 0.5384615384615384 0.10336538461538461 0.11778846153846154
1 0.24278846153846154 0.5456730769230769 0.03485576923076923 0.038461538461538464
1 0.2620192307692308 0.5336538461538461 0.037259615384615384 0.04927884615384615
1 0.33052884615384615 0.53125 0.04326923076923077 0.04326923076923077
1 0.4206730769230769 0.5420673076923077 0.06971153846153846 0.09014423076923077
4 0.40625 0.44350961538461536 0.013221153846153846 0.03365384615384615
4 0.4050480769230769 0.4411057692307692 0.009615384615384616 0.027644230769230768
4 0.44350961538461536 0.43990384615384615 0.009615384615384616 0.025240384615384616
4 0.44471153846153844 0.4387019230769231 0.01201923076923077 0.03365384615384615
1 0.4831730769230769 0.5264423076923077 0.028846153846153848 0.037259615384615384
1 0.6514423076923077 0.5528846153846154 0.12860576923076922 0.1310096153846154