1 0.09615384615384616 0.5865384615384616 0.19110576923076922 0.2127403846153846
1 0.24519230769230768 0.5492788461538461 0.07211538461538461 0.078125
1 0.24759615384615385 0.5480769230769231 0.056490384615384616 0.056490384615384616
1 0.28966346153846156 0.5420673076923077 0.025240384615384616 0.06971153846153846
1 0.3161057692307692 0.5384615384615384 0.03365384615384615 0.055288461538461536
1 0.3389423076923077 0.5444711538461539 0.040865384615384616 0.06490384615384616
1 0.39302884615384615 0.5492788461538461 0.11899038461538461 0.09014423076923077
1 0.39903846153846156 0.5432692307692307 0.10096153846153846 0.06850961538461539
10 0.3858173076923077 0.5024038461538461 0.03365384615384615 0.040865384615384616
1 0.46153846153846156 0.5216346153846154 0.04927884615384615 0.06490384615384616
10 0.46153846153846156 0.5180288461538461 0.03485576923076923 0.055288461538461536
1 0.5120192307692307 0.5288461538461539 0.040865384615384616 0.05048076923076923
1 0.6237980769230769 0.5612980769230769 0.11177884615384616 0.11778846153846154