1 0.04447115384615385 0.47716346153846156 0.04326923076923077 0.04447115384615385
2 0.12740384615384615 0.48677884615384615 0.018028846153846152 0.05889423076923077
1 0.2439903846153846 0.4831730769230769 0.05889423076923077 0.06610576923076923
2 0.31490384615384615 0.46875 0.013221153846153846 0.040865384615384616
1 0.36177884615384615 0.4807692307692308 0.04447115384615385 0.040865384615384616
1 0.4266826923076923 0.4735576923076923 0.08173076923076923 0.11298076923076923
1 0.4254807692307692 0.4807692307692308 0.05889423076923077 0.08173076923076923
1 0.49759615384615385 0.46274038461538464 0.027644230769230768 0.038461538461538464
2 0.6454326923076923 0.4735576923076923 0.028846153846153848 0.09975961538461539
2 0.6478365384615384 0.47596153846153844 0.018028846153846152 0.08052884615384616
1 0.7379807692307693 0.46634615384615385 0.14302884615384615 0.07451923076923077