1 0.06129807692307692 0.6009615384615384 0.12259615384615384 0.16346153846153846
1 0.13581730769230768 0.5709134615384616 0.07451923076923077 0.11298076923076923
1 0.13581730769230768 0.5805288461538461 0.0625 0.10336538461538461
1 0.31490384615384615 0.6069711538461539 0.31971153846153844 0.39302884615384615
2 0.17548076923076922 0.5348557692307693 0.025240384615384616 0.06009615384615385
1 0.44471153846153844 0.5576923076923077 0.06971153846153846 0.18509615384615385
1 0.5300480769230769 0.5733173076923077 0.038461538461538464 0.11778846153846154
4 0.5240384615384616 0.45552884615384615 0.019230769230769232 0.04326923076923077
1 0.5709134615384616 0.5757211538461539 0.07451923076923077 0.18389423076923078
1 0.6862980769230769 0.5985576923076923 0.23197115384615385 0.26322115384615385
2 0.7475961538461539 0.4675480769230769 0.04326923076923077 0.07572115384615384
2 0.7403846153846154 0.4639423076923077 0.027644230769230768 0.055288461538461536