1 0.03245192307692308 0.5492788461538461 0.06490384615384616 0.10576923076923077
1 0.15865384615384615 0.5192307692307693 0.09735576923076923 0.11177884615384616
1 0.16826923076923078 0.5168269230769231 0.078125 0.08052884615384616
1 0.20793269230769232 0.5192307692307693 0.04326923076923077 0.07451923076923077
1 0.22235576923076922 0.5192307692307693 0.046875 0.06610576923076923
1 0.27163461538461536 0.5144230769230769 0.04927884615384615 0.055288461538461536
1 0.34615384615384615 0.49278846153846156 0.027644230769230768 0.03485576923076923
1 0.35336538461538464 0.5 0.027644230769230768 0.03125
1 0.36658653846153844 0.49759615384615385 0.015625 0.03125
1 0.43509615384615385 0.49158653846153844 0.02403846153846154 0.037259615384615384
1 0.4699519230769231 0.48677884615384615 0.02403846153846154 0.03125
1 0.49759615384615385 0.49158653846153844 0.019230769230769232 0.027644230769230768
1 0.5180288461538461 0.5012019230769231 0.028846153846153848 0.038461538461538464