1 0.9194711538461539 0.6754807692307693 0.15625 0.40625
1 0.13701923076923078 0.5180288461538461 0.04447115384615385 0.06490384615384616
1 0.24879807692307693 0.5372596153846154 0.0625 0.06610576923076923
1 0.3137019230769231 0.5252403846153846 0.03485576923076923 0.04927884615384615
1 0.43028846153846156 0.5252403846153846 0.04447115384615385 0.05048076923076923
1 0.5709134615384616 0.5492788461538461 0.05048076923076923 0.1346153846153846
1 0.5841346153846154 0.5480769230769231 0.0625 0.12259615384615384
1 0.6514423076923077 0.5540865384615384 0.14423076923076922 0.1622596153846154
1 0.625 0.5600961538461539 0.08052884615384616 0.15625
1 0.7932692307692307 0.6057692307692307 0.2692307692307692 0.2536057692307692
1 0.7572115384615384 0.6057692307692307 0.1935096153846154 0.26802884615384615