2 0.8882211538461539 0.48677884615384615 0.040865384615384616 0.1658653846153846
1 0.9158653846153846 0.6526442307692307 0.16346153846153846 0.4254807692307692
1 0.06009615384615385 0.5805288461538461 0.10336538461538461 0.10697115384615384
1 0.06370192307692307 0.5865384615384616 0.08774038461538461 0.09134615384615384
1 0.28725961538461536 0.5336538461538461 0.078125 0.046875
2 0.28365384615384615 0.5408653846153846 0.018028846153846152 0.06850961538461539
2 0.28365384615384615 0.5432692307692307 0.01201923076923077 0.055288461538461536
2 0.3389423076923077 0.5360576923076923 0.018028846153846152 0.05889423076923077
2 0.36177884615384615 0.5300480769230769 0.021634615384615384 0.06009615384615385
2 0.36177884615384615 0.5264423076923077 0.015625 0.052884615384615384
1 0.41466346153846156 0.5528846153846154 0.06971153846153846 0.08653846153846154