2 0.48677884615384615 0.5180288461538461 0.01201923076923077 0.07211538461538461
0 0.10096153846153846 0.5384615384615384 0.021634615384615384 0.0625
0 0.1045673076923077 0.5372596153846154 0.02403846153846154 0.0625
10 0.21754807692307693 0.5048076923076923 0.09735576923076923 0.09014423076923077
1 0.23677884615384615 0.5336538461538461 0.09615384615384616 0.038461538461538464
1 0.23918269230769232 0.53125 0.09615384615384616 0.05048076923076923
1 0.32211538461538464 0.5324519230769231 0.06490384615384616 0.07451923076923077
1 0.35697115384615385 0.5240384615384616 0.01201923076923077 0.03125
7 0.3798076923076923 0.35096153846153844 0.01201923076923077 0.04326923076923077
1 0.4110576923076923 0.5348557692307693 0.06490384615384616 0.08052884615384616
2 0.44711538461538464 0.5180288461538461 0.013221153846153846 0.08413461538461539
2 0.4519230769230769 0.5276442307692307 0.018028846153846152 0.07211538461538461
6 0.45552884615384615 0.3701923076923077 0.01201923076923077 0.038461538461538464
6 0.45552884615384615 0.37259615384615385 0.01201923076923077 0.038461538461538464
10 0.5721153846153846 0.47596153846153844 0.17548076923076922 0.08052884615384616
1 0.5336538461538461 0.5228365384615384 0.078125 0.11177884615384616
1 0.5180288461538461 0.5180288461538461 0.037259615384615384 0.10336538461538461
1 0.5733173076923077 0.5408653846153846 0.09735576923076923 0.10576923076923077
6 0.5588942307692307 0.43028846153846156 0.01201923076923077 0.013221153846153846
6 0.5588942307692307 0.43028846153846156 0.01201923076923077 0.018028846153846152
6 0.6682692307692307 0.36899038461538464 0.01201923076923077 0.038461538461538464
6 0.6694711538461539 0.3713942307692308 0.01201923076923077 0.04927884615384615
2 0.7524038461538461 0.5084134615384616 0.025240384615384616 0.09375
2 0.7536057692307693 0.5072115384615384 0.025240384615384616 0.09375