1 0.9699519230769231 0.6466346153846154 0.05889423076923077 0.15865384615384615
1 0.056490384615384616 0.5625 0.11177884615384616 0.11538461538461539
2 0.8918269230769231 0.5192307692307693 0.028846153846153848 0.1814903846153846
2 0.8509615384615384 0.5300480769230769 0.03365384615384615 0.1622596153846154
1 0.13942307692307693 0.5384615384615384 0.09014423076923077 0.10697115384615384
1 0.14783653846153846 0.53125 0.08052884615384616 0.1310096153846154
1 0.20072115384615385 0.5240384615384616 0.05889423076923077 0.07572115384615384
1 0.23197115384615385 0.5192307692307693 0.025240384615384616 0.06971153846153846
1 0.2536057692307692 0.5192307692307693 0.02403846153846154 0.0625
1 0.40384615384615385 0.5180288461538461 0.056490384615384616 0.09014423076923077
1 0.4579326923076923 0.5348557692307693 0.09375 0.109375
1 0.45552884615384615 0.5348557692307693 0.07572115384615384 0.09615384615384616
1 0.6081730769230769 0.53125 0.08052884615384616 0.14302884615384615
1 0.7091346153846154 0.5600961538461539 0.1622596153846154 0.15865384615384615