1 0.12740384615384615 0.5552884615384616 0.078125 0.07572115384615384
1 0.22716346153846154 0.546875 0.09134615384615384 0.10576923076923077
2 0.08052884615384616 0.5384615384615384 0.025240384615384616 0.07572115384615384
1 0.2824519230769231 0.5288461538461539 0.021634615384615384 0.04927884615384615
1 0.5180288461538461 0.5384615384615384 0.3125 0.16826923076923078
1 0.4014423076923077 0.5132211538461539 0.018028846153846152 0.04326923076923077
1 0.43509615384615385 0.5204326923076923 0.055288461538461536 0.06610576923076923
2 0.4699519230769231 0.49759615384615385 0.021634615384615384 0.06850961538461539
3 0.5805288461538461 0.3088942307692308 0.028846153846153848 0.09375
2 0.6069711538461539 0.47475961538461536 0.021634615384615384 0.06490384615384616
2 0.8317307692307693 0.49759615384615385 0.021634615384615384 0.1466346153846154
2 0.8329326923076923 0.49158653846153844 0.018028846153846152 0.14903846153846154
2 0.8413461538461539 0.49278846153846156 0.025240384615384616 0.15264423076923078
2 0.8473557692307693 0.49759615384615385 0.028846153846153848 0.14903846153846154
2 0.8810096153846154 0.49038461538461536 0.03125 0.16346153846153846
2 0.9026442307692307 0.4855769230769231 0.025240384615384616 0.1466346153846154
2 0.9158653846153846 0.47475961538461536 0.019230769230769232 0.1346153846153846
2 0.9182692307692307 0.42427884615384615 0.013221153846153846 0.04326923076923077
2 0.9242788461538461 0.4855769230769231 0.025240384615384616 0.14423076923076922
2 0.9242788461538461 0.48677884615384615 0.021634615384615384 0.15625
2 0.9435096153846154 0.48677884615384615 0.03125 0.18389423076923078