1 0.06610576923076923 0.5649038461538461 0.13221153846153846 0.13701923076923078
6 0.030048076923076924 0.4699519230769231 0.025240384615384616 0.046875
6 0.03125 0.46033653846153844 0.01201923076923077 0.028846153846153848
7 0.31850961538461536 0.3293269230769231 0.021634615384615384 0.040865384615384616
7 0.3173076923076923 0.3269230769230769 0.013221153846153846 0.03485576923076923
1 0.4014423076923077 0.5444711538461539 0.10697115384615384 0.12860576923076922
6 0.4014423076923077 0.3293269230769231 0.018028846153846152 0.040865384615384616
6 0.5336538461538461 0.4230769230769231 0.013221153846153846 0.038461538461538464
2 0.5348557692307693 0.5132211538461539 0.015625 0.06009615384615385
0 0.6153846153846154 0.5120192307692307 0.028846153846153848 0.08413461538461539
0 0.6177884615384616 0.5132211538461539 0.019230769230769232 0.06610576923076923
6 0.6646634615384616 0.27163461538461536 0.027644230769230768 0.10336538461538461
6 0.6622596153846154 0.28365384615384615 0.019230769230769232 0.11899038461538461
0 0.6850961538461539 0.5072115384615384 0.05048076923076923 0.05889423076923077
0 0.6899038461538461 0.5060096153846154 0.025240384615384616 0.07451923076923077
1 0.7524038461538461 0.5084134615384616 0.12139423076923077 0.06009615384615385
2 0.7776442307692307 0.5144230769230769 0.02403846153846154 0.11298076923076923
2 0.7824519230769231 0.515625 0.027644230769230768 0.09134615384615384
1 0.8389423076923077 0.5024038461538461 0.055288461538461536 0.07451923076923077