1 0.038461538461538464 0.6105769230769231 0.07572115384615384 0.4375
1 0.038461538461538464 0.5649038461538461 0.07451923076923077 0.29086538461538464
7 0.1141826923076923 0.15865384615384615 0.028846153846153848 0.07451923076923077
7 0.11177884615384616 0.1622596153846154 0.021634615384615384 0.08653846153846154
1 0.21514423076923078 0.5036057692307693 0.040865384615384616 0.05889423076923077
4 0.28365384615384615 0.20552884615384615 0.027644230769230768 0.04326923076923077
1 0.29447115384615385 0.5144230769230769 0.04326923076923077 0.052884615384615384
4 0.2848557692307692 0.18509615384615385 0.02403846153846154 0.07572115384615384
1 0.29927884615384615 0.5180288461538461 0.040865384615384616 0.052884615384615384
1 0.3485576923076923 0.5144230769230769 0.03365384615384615 0.06850961538461539
1 0.38100961538461536 0.5144230769230769 0.03485576923076923 0.07572115384615384
1 0.3786057692307692 0.5192307692307693 0.028846153846153848 0.07451923076923077
1 0.421875 0.5264423076923077 0.08052884615384616 0.09615384615384616
4 0.5384615384615384 0.3762019230769231 0.025240384615384616 0.055288461538461536
4 0.5396634615384616 0.39663461538461536 0.027644230769230768 0.05048076923076923