1 0.3473557692307692 0.4891826923076923 0.040865384615384616 0.03485576923076923
1 0.38822115384615385 0.4891826923076923 0.038461538461538464 0.05889423076923077
1 0.4182692307692308 0.4855769230769231 0.019230769230769232 0.04326923076923077
1 0.5288461538461539 0.48197115384615385 0.03125 0.03125
6 0.5372596153846154 0.35216346153846156 0.018028846153846152 0.03485576923076923
1 0.5612980769230769 0.4879807692307692 0.037259615384615384 0.05048076923076923
6 0.5961538461538461 0.36899038461538464 0.018028846153846152 0.04326923076923077
1 0.6526442307692307 0.4951923076923077 0.046875 0.06490384615384616
6 0.6670673076923077 0.4254807692307692 0.015625 0.04326923076923077
6 0.6850961538461539 0.41225961538461536 0.018028846153846152 0.03485576923076923
2 0.8365384615384616 0.47716346153846156 0.021634615384615384 0.078125
2 0.9399038461538461 0.4855769230769231 0.03365384615384615 0.12139423076923077