1 0.026442307692307692 0.5432692307692307 0.052884615384615384 0.08653846153846154
1 0.12379807692307693 0.5396634615384616 0.06009615384615385 0.05048076923076923
1 0.2512019230769231 0.5264423076923077 0.06490384615384616 0.07451923076923077
1 0.29927884615384615 0.5276442307692307 0.040865384615384616 0.05048076923076923
1 0.42908653846153844 0.5528846153846154 0.125 0.18509615384615385
1 0.6790865384615384 0.5168269230769231 0.08653846153846154 0.06971153846153846
1 0.7091346153846154 0.5276442307692307 0.08052884615384616 0.06850961538461539
2 0.6947115384615384 0.5252403846153846 0.027644230769230768 0.09615384615384616
1 0.7956730769230769 0.5216346153846154 0.10096153846153846 0.11298076923076923
1 0.8293269230769231 0.5168269230769231 0.125 0.10336538461538461
1 0.8834134615384616 0.5180288461538461 0.16947115384615385 0.14302884615384615
1 0.8509615384615384 0.5288461538461539 0.10096153846153846 0.11778846153846154
1 0.8942307692307693 0.5408653846153846 0.07211538461538461 0.10576923076923077
1 0.9338942307692307 0.5192307692307693 0.12740384615384615 0.16346153846153846