2 0.9855769230769231 0.5072115384615384 0.025240384615384616 0.23197115384615385
1 0.06129807692307692 0.5456730769230769 0.04447115384615385 0.05889423076923077
7 0.12259615384615384 0.4338942307692308 0.013221153846153846 0.037259615384615384
1 0.171875 0.5372596153846154 0.021634615384615384 0.03125
1 0.21394230769230768 0.546875 0.08052884615384616 0.11298076923076923
4 0.21514423076923078 0.43990384615384615 0.019230769230769232 0.03365384615384615
4 0.2127403846153846 0.43990384615384615 0.01201923076923077 0.037259615384615384
1 0.2824519230769231 0.5444711538461539 0.03485576923076923 0.04447115384615385
4 0.2824519230769231 0.484375 0.013221153846153846 0.03125
4 0.28725961538461536 0.4855769230769231 0.015625 0.038461538461538464
10 0.33774038461538464 0.49158653846153844 0.08774038461538461 0.16826923076923078
1 0.38822115384615385 0.5649038461538461 0.09615384615384616 0.11538461538461539
1 0.6165865384615384 0.5709134615384616 0.23677884615384615 0.2439903846153846
1 0.8774038461538461 0.5180288461538461 0.08173076923076923 0.08653846153846154