10 0.03125 0.5 0.0625 0.11778846153846154
10 0.03125 0.49759615384615385 0.0625 0.11298076923076923
2 0.12740384615384615 0.5252403846153846 0.021634615384615384 0.055288461538461536
1 0.18028846153846154 0.5132211538461539 0.052884615384615384 0.08052884615384616
6 0.19951923076923078 0.41947115384615385 0.021634615384615384 0.06490384615384616
1 0.23317307692307693 0.5228365384615384 0.05048076923076923 0.04447115384615385
1 0.23317307692307693 0.5024038461538461 0.046875 0.037259615384615384
1 0.3269230769230769 0.5252403846153846 0.046875 0.06490384615384616
1 0.3894230769230769 0.5072115384615384 0.027644230769230768 0.03365384615384615
1 0.49038461538461536 0.5180288461538461 0.052884615384615384 0.04927884615384615
1 0.49158653846153844 0.5228365384615384 0.046875 0.055288461538461536
3 0.5456730769230769 0.3894230769230769 0.018028846153846152 0.06610576923076923
1 0.9399038461538461 0.49759615384615385 0.11778846153846154 0.09975961538461539