2 0.9627403846153846 0.6382211538461539 0.07211538461538461 0.7223557692307693
2 0.020432692307692308 0.5649038461538461 0.038461538461538464 0.11538461538461539
1 0.14783653846153846 0.5432692307692307 0.06009615384615385 0.08173076923076923
1 0.14903846153846154 0.5396634615384616 0.04927884615384615 0.0625
1 0.2127403846153846 0.5324519230769231 0.09975961538461539 0.125
1 0.20673076923076922 0.5396634615384616 0.08653846153846154 0.10697115384615384
1 0.31971153846153844 0.5192307692307693 0.052884615384615384 0.08052884615384616
1 0.41947115384615385 0.5228365384615384 0.07451923076923077 0.09134615384615384
1 0.4182692307692308 0.5276442307692307 0.06009615384615385 0.08774038461538461
6 0.5108173076923077 0.35096153846153844 0.025240384615384616 0.08774038461538461
2 0.5817307692307693 0.5132211538461539 0.03365384615384615 0.11177884615384616
2 0.7884615384615384 0.6225961538461539 0.09615384615384616 0.6466346153846154
2 0.9038461538461539 0.5829326923076923 0.09014423076923077 0.6177884615384616