1 0.890625 0.6274038461538461 0.21514423076923078 0.6213942307692307
1 0.08533653846153846 0.5540865384615384 0.06850961538461539 0.08413461538461539
1 0.21634615384615385 0.53125 0.13822115384615385 0.22235576923076922
1 0.29447115384615385 0.5492788461538461 0.04447115384615385 0.11899038461538461
1 0.2956730769230769 0.5420673076923077 0.028846153846153848 0.109375
1 0.31009615384615385 0.5396634615384616 0.04927884615384615 0.10336538461538461
1 0.32572115384615385 0.5372596153846154 0.03485576923076923 0.10336538461538461
1 0.3954326923076923 0.5288461538461539 0.04927884615384615 0.06009615384615385
1 0.48677884615384615 0.546875 0.06009615384615385 0.08413461538461539
1 0.4855769230769231 0.5432692307692307 0.055288461538461536 0.08413461538461539
1 0.5144230769230769 0.5588942307692307 0.03365384615384615 0.12259615384615384
1 0.5709134615384616 0.5408653846153846 0.12259615384615384 0.171875
1 0.5661057692307693 0.546875 0.10576923076923077 0.1935096153846154
1 0.6899038461538461 0.5877403846153846 0.21153846153846154 0.42427884615384615
1 0.7391826923076923 0.5805288461538461 0.28846153846153844 0.33052884615384615