1 0.030048076923076924 0.5649038461538461 0.06009615384615385 0.10096153846153846
1 0.055288461538461536 0.5540865384615384 0.10336538461538461 0.12259615384615384
1 0.078125 0.5540865384615384 0.052884615384615384 0.10096153846153846
1 0.12620192307692307 0.5480769230769231 0.078125 0.10096153846153846
1 0.17548076923076922 0.5480769230769231 0.04326923076923077 0.06610576923076923
1 0.1971153846153846 0.5384615384615384 0.07211538461538461 0.05889423076923077
2 0.1778846153846154 0.5348557692307693 0.025240384615384616 0.08413461538461539
1 0.25961538461538464 0.5240384615384616 0.05889423076923077 0.052884615384615384
1 0.3449519230769231 0.5504807692307693 0.14423076923076922 0.23197115384615385
1 0.48677884615384615 0.5144230769230769 0.03365384615384615 0.04927884615384615
1 0.6862980769230769 0.5480769230769231 0.1346153846153846 0.1466346153846154
1 0.8401442307692307 0.5853365384615384 0.27403846153846156 0.22115384615384615