1 0.025240384615384616 0.5685096153846154 0.05048076923076923 0.06971153846153846
1 0.17307692307692307 0.5649038461538461 0.09375 0.11177884615384616
1 0.22956730769230768 0.5588942307692307 0.05048076923076923 0.06971153846153846
1 0.28846153846153844 0.5372596153846154 0.037259615384615384 0.05048076923076923
1 0.375 0.5336538461538461 0.06971153846153846 0.0625
1 0.41947115384615385 0.515625 0.027644230769230768 0.03485576923076923
1 0.5036057692307693 0.5408653846153846 0.028846153846153848 0.07451923076923077
2 0.6225961538461539 0.5192307692307693 0.03125 0.10576923076923077
2 0.6225961538461539 0.5096153846153846 0.027644230769230768 0.09375
2 0.7331730769230769 0.6322115384615384 0.15384615384615385 0.6911057692307693
2 0.7379807692307693 0.6334134615384616 0.14423076923076922 0.6971153846153846
2 0.7211538461538461 0.5372596153846154 0.04326923076923077 0.15384615384615385
2 0.9723557692307693 0.6213942307692307 0.052884615384615384 0.20552884615384615