2 0.18389423076923078 0.6502403846153846 0.140625 0.5721153846153846
1 0.23317307692307693 0.4951923076923077 0.038461538461538464 0.06490384615384616
1 0.32211538461538464 0.49278846153846156 0.08052884615384616 0.10096153846153846
1 0.41225961538461536 0.5084134615384616 0.07572115384615384 0.06850961538461539
1 0.4855769230769231 0.49278846153846156 0.056490384615384616 0.052884615384615384
1 0.48677884615384615 0.49278846153846156 0.05889423076923077 0.055288461538461536
7 0.5600961538461539 0.24759615384615385 0.02403846153846154 0.07451923076923077
6 0.6790865384615384 0.25 0.027644230769230768 0.078125
1 0.7127403846153846 0.49399038461538464 0.06610576923076923 0.09975961538461539
1 0.7163461538461539 0.49759615384615385 0.04927884615384615 0.06971153846153846
1 0.8557692307692307 0.49399038461538464 0.03125 0.04447115384615385
6 0.9795673076923077 0.38221153846153844 0.03125 0.06610576923076923