1 0.17668269230769232 0.4963942307692308 0.09014423076923077 0.06850961538461539
1 0.27524038461538464 0.5180288461538461 0.10336538461538461 0.08653846153846154
1 0.40384615384615385 0.4891826923076923 0.04447115384615385 0.052884615384615384
1 0.4026442307692308 0.49158653846153844 0.040865384615384616 0.052884615384615384
1 0.45552884615384615 0.4963942307692308 0.037259615384615384 0.038461538461538464
10 0.5480769230769231 0.47475961538461536 0.06009615384615385 0.07211538461538461
3 0.5697115384615384 0.028846153846153848 0.027644230769230768 0.056490384615384616
3 0.5661057692307693 0.3605769230769231 0.013221153846153846 0.052884615384615384
6 0.6538461538461539 0.3557692307692308 0.015625 0.040865384615384616
6 0.7259615384615384 0.4050480769230769 0.015625 0.04326923076923077
6 0.7295673076923077 0.40865384615384615 0.013221153846153846 0.027644230769230768
1 0.7932692307692307 0.4795673076923077 0.11778846153846154 0.0625
6 0.8016826923076923 0.06971153846153846 0.025240384615384616 0.09014423076923077
0 0.96875 0.49278846153846156 0.028846153846153848 0.10096153846153846
2 0.9747596153846154 0.47716346153846156 0.03125 0.15625
2 0.9915865384615384 0.48197115384615385 0.01201923076923077 0.08413461538461539