1 0.35697115384615385 0.5348557692307693 0.052884615384615384 0.078125
4 0.38461538461538464 0.36658653846153844 0.01201923076923077 0.03125
4 0.38461538461538464 0.3641826923076923 0.009615384615384616 0.03125
1 0.43509615384615385 0.5336538461538461 0.06009615384615385 0.08774038461538461
4 0.44711538461538464 0.37740384615384615 0.01201923076923077 0.027644230769230768
4 0.44711538461538464 0.37259615384615385 0.009615384615384616 0.028846153846153848
0 0.4891826923076923 0.5240384615384616 0.015625 0.0625
4 0.5132211538461539 0.44471153846153844 0.013221153846153846 0.03125
4 0.5132211538461539 0.44711538461538464 0.01201923076923077 0.04326923076923077
4 0.5396634615384616 0.4170673076923077 0.01201923076923077 0.040865384615384616
4 0.5420673076923077 0.41947115384615385 0.013221153846153846 0.046875
2 0.5961538461538461 0.53125 0.025240384615384616 0.12139423076923077
2 0.5961538461538461 0.53125 0.019230769230769232 0.1346153846153846
2 0.6153846153846154 0.5204326923076923 0.015625 0.125
2 0.6274038461538461 0.5288461538461539 0.021634615384615384 0.12259615384615384
2 0.625 0.53125 0.013221153846153846 0.12740384615384615
2 0.6454326923076923 0.5180288461538461 0.02403846153846154 0.11538461538461539
2 0.6454326923076923 0.5240384615384616 0.021634615384615384 0.1346153846153846