2 0.9723557692307693 0.5396634615384616 0.05048076923076923 0.31490384615384615
1 0.021634615384615384 0.6009615384615384 0.04326923076923077 0.12860576923076922
1 0.0829326923076923 0.5817307692307693 0.09735576923076923 0.1466346153846154
1 0.1466346153846154 0.5721153846153846 0.037259615384615384 0.08653846153846154
1 0.29927884615384615 0.6009615384615384 0.2776442307692308 0.40384615384615385
1 0.44591346153846156 0.5625 0.03125 0.13221153846153846
1 0.46634615384615385 0.5192307692307693 0.040865384615384616 0.05889423076923077
1 0.46634615384615385 0.5168269230769231 0.03125 0.06971153846153846
4 0.5108173076923077 0.4423076923076923 0.01201923076923077 0.03485576923076923
1 0.5360576923076923 0.5588942307692307 0.03125 0.140625
1 0.6334134615384616 0.5576923076923077 0.17427884615384615 0.19110576923076922