2 0.5384615384615384 0.49278846153846156 0.006009615384615385 0.03125
1 0.16105769230769232 0.5540865384615384 0.25600961538461536 0.24759615384615385
1 0.30408653846153844 0.49759615384615385 0.05048076923076923 0.04927884615384615
7 0.2980769230769231 0.32091346153846156 0.02403846153846154 0.06009615384615385
1 0.30528846153846156 0.49399038461538464 0.037259615384615384 0.04447115384615385
1 0.36899038461538464 0.49158653846153844 0.028846153846153848 0.04326923076923077
4 0.3798076923076923 0.3173076923076923 0.019230769230769232 0.055288461538461536
4 0.38221153846153844 0.3317307692307692 0.015625 0.03125
4 0.44471153846153844 0.33653846153846156 0.019230769230769232 0.04326923076923077
4 0.44471153846153844 0.34615384615384615 0.015625 0.027644230769230768
1 0.5024038461538461 0.49158653846153844 0.03125 0.038461538461538464
4 0.5733173076923077 0.41225961538461536 0.019230769230769232 0.040865384615384616
4 0.5721153846153846 0.4266826923076923 0.013221153846153846 0.03125
1 0.5949519230769231 0.49399038461538464 0.046875 0.052884615384615384
1 0.5961538461538461 0.49158653846153844 0.03365384615384615 0.052884615384615384
4 0.5949519230769231 0.38221153846153844 0.021634615384615384 0.05889423076923077
4 0.5961538461538461 0.3894230769230769 0.019230769230769232 0.040865384615384616
1 0.71875 0.48197115384615385 0.12740384615384615 0.06971153846153846
1 0.8677884615384616 0.4807692307692308 0.11177884615384616 0.0625