2 0.8846153846153846 0.6081730769230769 0.18389423076923078 0.4723557692307692
1 0.04447115384615385 0.5384615384615384 0.08774038461538461 0.140625
2 0.24759615384615385 0.6382211538461539 0.15865384615384615 0.6658653846153846
1 0.36658653846153844 0.48677884615384615 0.07211538461538461 0.08052884615384616
2 0.5264423076923077 0.6129807692307693 0.12259615384615384 0.5276442307692307
7 0.5600961538461539 0.24519230769230768 0.02403846153846154 0.07451923076923077
1 0.6310096153846154 0.4831730769230769 0.03485576923076923 0.037259615384615384
1 0.6346153846153846 0.4855769230769231 0.03365384615384615 0.046875
6 0.6778846153846154 0.24879807692307693 0.027644230769230768 0.078125
1 0.7896634615384616 0.49759615384615385 0.040865384615384616 0.055288461538461536
6 0.9795673076923077 0.38221153846153844 0.03125 0.06610576923076923