2 0.39302884615384615 0.5132211538461539 0.018028846153846152 0.04326923076923077
2 0.8257211538461539 0.49759615384615385 0.02403846153846154 0.14423076923076922
2 0.8617788461538461 0.5024038461538461 0.028846153846153848 0.15625
1 0.15745192307692307 0.5528846153846154 0.09735576923076923 0.09975961538461539
1 0.15504807692307693 0.5492788461538461 0.08653846153846154 0.09975961538461539
1 0.21634615384615385 0.5288461538461539 0.027644230769230768 0.028846153846153848
1 0.2608173076923077 0.5300480769230769 0.04447115384615385 0.055288461538461536
10 0.421875 0.5072115384615384 0.02403846153846154 0.03125
2 0.7487980769230769 0.49759615384615385 0.019230769230769232 0.10096153846153846
2 0.7524038461538461 0.5024038461538461 0.018028846153846152 0.09735576923076923
2 0.7740384615384616 0.48197115384615385 0.028846153846153848 0.10336538461538461
2 0.7728365384615384 0.49038461538461536 0.021634615384615384 0.10697115384615384
2 0.8004807692307693 0.48677884615384615 0.021634615384615384 0.12860576923076922
2 0.8028846153846154 0.4951923076923077 0.025240384615384616 0.1310096153846154