2 0.03485576923076923 0.5456730769230769 0.028846153846153848 0.11177884615384616
1 0.26802884615384615 0.6526442307692307 0.33413461538461536 0.38221153846153844
2 0.14182692307692307 0.5372596153846154 0.028846153846153848 0.08774038461538461
3 0.14783653846153846 0.39903846153846156 0.018028846153846152 0.055288461538461536
1 0.45072115384615385 0.5288461538461539 0.021634615384615384 0.03365384615384615
3 0.5276442307692307 0.37259615384615385 0.019230769230769232 0.06850961538461539
2 0.6586538461538461 0.5276442307692307 0.018028846153846152 0.07572115384615384
2 0.6730769230769231 0.5336538461538461 0.027644230769230768 0.09615384615384616
2 0.6838942307692307 0.5192307692307693 0.021634615384615384 0.07572115384615384
2 0.7992788461538461 0.5372596153846154 0.052884615384615384 0.23677884615384615
2 0.8605769230769231 0.53125 0.04927884615384615 0.2403846153846154
2 0.9122596153846154 0.5432692307692307 0.05048076923076923 0.2127403846153846
2 0.9771634615384616 0.5697115384615384 0.04326923076923077 0.2247596153846154