3 0.06490384615384616 0.06610576923076923 0.07572115384615384 0.12740384615384615
1 0.12860576923076922 0.49759615384615385 0.12139423076923077 0.07572115384615384
1 0.21394230769230768 0.5144230769230769 0.06490384615384616 0.08052884615384616
1 0.23197115384615385 0.5132211538461539 0.08052884615384616 0.078125
1 0.26322115384615385 0.5240384615384616 0.10576923076923077 0.078125
1 0.33533653846153844 0.5120192307692307 0.08052884615384616 0.08653846153846154
1 0.4735576923076923 0.49399038461538464 0.040865384615384616 0.05048076923076923
1 0.47475961538461536 0.4951923076923077 0.027644230769230768 0.037259615384615384
3 0.5721153846153846 0.028846153846153848 0.027644230769230768 0.055288461538461536
6 0.5649038461538461 0.3629807692307692 0.013221153846153846 0.04326923076923077
6 0.6538461538461539 0.3581730769230769 0.018028846153846152 0.05048076923076923
6 0.6526442307692307 0.35697115384615385 0.009615384615384616 0.038461538461538464
6 0.7283653846153846 0.41947115384615385 0.013221153846153846 0.04927884615384615
6 0.8004807692307693 0.07572115384615384 0.028846153846153848 0.09134615384615384
1 0.8209134615384616 0.49038461538461536 0.052884615384615384 0.04326923076923077
1 0.8605769230769231 0.4855769230769231 0.07211538461538461 0.04326923076923077
1 0.9206730769230769 0.48677884615384615 0.10336538461538461 0.056490384615384616