2 0.5733173076923077 0.5180288461538461 0.027644230769230768 0.06850961538461539
2 0.5444711538461539 0.5252403846153846 0.015625 0.06971153846153846
0 0.06370192307692307 0.5516826923076923 0.06009615384615385 0.08774038461538461
2 0.06009615384615385 0.5204326923076923 0.018028846153846152 0.03125
1 0.12259615384615384 0.5384615384615384 0.07451923076923077 0.078125
2 0.10096153846153846 0.5480769230769231 0.013221153846153846 0.06610576923076923
1 0.18028846153846154 0.5408653846153846 0.052884615384615384 0.052884615384615384
1 0.17908653846153846 0.5396634615384616 0.046875 0.06610576923076923
1 0.33052884615384615 0.6538461538461539 0.33413461538461536 0.41947115384615385
7 0.28125 0.2776442307692308 0.021634615384615384 0.06610576923076923
6 0.390625 0.2860576923076923 0.021634615384615384 0.07211538461538461
2 0.5096153846153846 0.53125 0.03485576923076923 0.08774038461538461
0 0.5096153846153846 0.5300480769230769 0.03365384615384615 0.07451923076923077
6 0.5637019230769231 0.4098557692307692 0.02403846153846154 0.06490384615384616
0 0.6298076923076923 0.5252403846153846 0.06009615384615385 0.08774038461538461
0 0.6610576923076923 0.5288461538461539 0.025240384615384616 0.09014423076923077
0 0.6634615384615384 0.5192307692307693 0.025240384615384616 0.08052884615384616
1 0.7668269230769231 0.5348557692307693 0.15865384615384615 0.09375
1 0.9615384615384616 0.515625 0.07451923076923077 0.08653846153846154