0 0.16947115384615385 0.5372596153846154 0.037259615384615384 0.07211538461538461
0 0.16947115384615385 0.5336538461538461 0.02403846153846154 0.056490384615384616
1 0.27403846153846156 0.5324519230769231 0.05889423076923077 0.055288461538461536
1 0.27524038461538464 0.5324519230769231 0.046875 0.055288461538461536
7 0.4230769230769231 0.31971153846153844 0.019230769230769232 0.06009615384615385
3 0.49759615384615385 0.31971153846153844 0.02403846153846154 0.06850961538461539
1 0.5372596153846154 0.5132211538461539 0.03485576923076923 0.052884615384615384
10 0.5637019230769231 0.49278846153846156 0.027644230769230768 0.027644230769230768
3 0.6442307692307693 0.41225961538461536 0.021634615384615384 0.06610576923076923
1 0.7572115384615384 0.5228365384615384 0.15264423076923078 0.09735576923076923
1 0.9663461538461539 0.6334134615384616 0.06490384615384616 0.33052884615384615