1 0.47115384615384615 0.5024038461538461 0.046875 0.038461538461538464
1 0.9543269230769231 0.49399038461538464 0.08774038461538461 0.27403846153846156
1 0.055288461538461536 0.5396634615384616 0.10697115384615384 0.06971153846153846
1 0.10817307692307693 0.5384615384615384 0.07451923076923077 0.06971153846153846
1 0.2512019230769231 0.5432692307692307 0.05889423076923077 0.06850961538461539
1 0.43028846153846156 0.5072115384615384 0.04447115384615385 0.06490384615384616
6 0.4651442307692308 0.44591346153846156 0.013221153846153846 0.03365384615384615
0 0.49158653846153844 0.53125 0.018028846153846152 0.09375
1 0.5276442307692307 0.49278846153846156 0.0625 0.040865384615384616
1 0.5805288461538461 0.5108173076923077 0.078125 0.08173076923076923
1 0.7175480769230769 0.5288461538461539 0.18509615384615385 0.17548076923076922