1 0.15384615384615385 0.5709134615384616 0.10096153846153846 0.10697115384615384
1 0.21033653846153846 0.5709134615384616 0.040865384615384616 0.06009615384615385
5 0.21514423076923078 0.22355769230769232 0.028846153846153848 0.07572115384615384
7 0.2127403846153846 0.22716346153846154 0.019230769230769232 0.07451923076923077
1 0.24519230769230768 0.5685096153846154 0.038461538461538464 0.06009615384615385
1 0.27884615384615385 0.5552884615384616 0.03365384615384615 0.06850961538461539
10 0.32572115384615385 0.5372596153846154 0.05889423076923077 0.078125
1 0.37259615384615385 0.5600961538461539 0.04927884615384615 0.06490384615384616
4 0.375 0.23317307692307693 0.013221153846153846 0.0625
1 0.4362980769230769 0.5649038461538461 0.06971153846153846 0.09735576923076923
4 0.6225961538461539 0.40024038461538464 0.013221153846153846 0.06610576923076923
2 0.7632211538461539 0.5685096153846154 0.03485576923076923 0.1466346153846154
2 0.8100961538461539 0.5673076923076923 0.03485576923076923 0.15384615384615385