1 0.030048076923076924 0.5949519230769231 0.05889423076923077 0.1875
1 0.9230769230769231 0.6225961538461539 0.1502403846153846 0.3473557692307692
1 0.18028846153846154 0.5600961538461539 0.1502403846153846 0.15865384615384615
1 0.17908653846153846 0.5492788461538461 0.12860576923076922 0.1310096153846154
1 0.3317307692307692 0.5252403846153846 0.06009615384615385 0.07572115384615384
1 0.33653846153846156 0.5180288461538461 0.06610576923076923 0.09134615384615384
1 0.3713942307692308 0.5168269230769231 0.038461538461538464 0.07572115384615384
1 0.36778846153846156 0.5180288461538461 0.025240384615384616 0.07451923076923077
1 0.4639423076923077 0.5180288461538461 0.03365384615384615 0.052884615384615384
1 0.4987980769230769 0.5144230769230769 0.03125 0.04447115384615385
1 0.6045673076923077 0.5240384615384616 0.04927884615384615 0.07572115384615384
1 0.6009615384615384 0.5252403846153846 0.037259615384615384 0.07451923076923077
1 0.6358173076923077 0.5276442307692307 0.04326923076923077 0.125
1 0.6983173076923077 0.5516826923076923 0.10697115384615384 0.1310096153846154