1 0.014423076923076924 0.5600961538461539 0.027644230769230768 0.12740384615384615
0 0.18990384615384615 0.5360576923076923 0.055288461538461536 0.09615384615384616
2 0.5288461538461539 0.5240384615384616 0.01201923076923077 0.06610576923076923
2 0.5420673076923077 0.5240384615384616 0.013221153846153846 0.06850961538461539
1 0.12139423076923077 0.5396634615384616 0.078125 0.06971153846153846
1 0.33052884615384615 0.6514423076923077 0.3245192307692308 0.4098557692307692
7 0.2800480769230769 0.27524038461538464 0.019230769230769232 0.05889423076923077
6 0.390625 0.28725961538461536 0.018028846153846152 0.06610576923076923
6 0.5625 0.4074519230769231 0.019230769230769232 0.0625
1 0.6778846153846154 0.5180288461538461 0.23197115384615385 0.1310096153846154
1 0.953125 0.5180288461538461 0.09134615384615384 0.08653846153846154