1 0.052884615384615384 0.5709134615384616 0.10336538461538461 0.109375
1 0.13221153846153846 0.5600961538461539 0.07572115384615384 0.09975961538461539
1 0.13701923076923078 0.5540865384615384 0.06610576923076923 0.11177884615384616
1 0.18990384615384615 0.5396634615384616 0.06490384615384616 0.09735576923076923
1 0.19110576923076922 0.5504807692307693 0.046875 0.06850961538461539
1 0.28125 0.5372596153846154 0.052884615384615384 0.06490384615384616
1 0.2860576923076923 0.5288461538461539 0.037259615384615384 0.04927884615384615
1 0.3173076923076923 0.5336538461538461 0.03125 0.04447115384615385
1 0.3870192307692308 0.5276442307692307 0.040865384615384616 0.04927884615384615
1 0.4338942307692308 0.5276442307692307 0.04927884615384615 0.07211538461538461
1 0.5612980769230769 0.5264423076923077 0.038461538461538464 0.06971153846153846