1 0.703125 0.49399038461538464 0.07211538461538461 0.04447115384615385
1 0.12620192307692307 0.5444711538461539 0.0625 0.07572115384615384
1 0.19110576923076922 0.5432692307692307 0.05048076923076923 0.0625
1 0.34975961538461536 0.5637019230769231 0.20552884615384615 0.28365384615384615
3 0.2620192307692308 0.35697115384615385 0.018028846153846152 0.056490384615384616
4 0.31971153846153844 0.33653846153846156 0.01201923076923077 0.037259615384615384
4 0.3786057692307692 0.35096153846153844 0.013221153846153846 0.038461538461538464
1 0.44591346153846156 0.5432692307692307 0.04927884615384615 0.125
4 0.47596153846153844 0.42908653846153844 0.01201923076923077 0.03485576923076923
1 0.6177884615384616 0.5072115384615384 0.09134615384615384 0.06009615384615385
4 0.5961538461538461 0.31490384615384615 0.037259615384615384 0.09134615384615384