1 0.056490384615384616 0.5444711538461539 0.11298076923076923 0.15985576923076922
1 0.11899038461538461 0.5456730769230769 0.08653846153846154 0.10096153846153846
10 0.1310096153846154 0.49759615384615385 0.08653846153846154 0.06490384615384616
1 0.24519230769230768 0.5492788461538461 0.11177884615384616 0.11177884615384616
1 0.37259615384615385 0.5384615384615384 0.14302884615384615 0.1778846153846154
3 0.33533653846153844 0.35096153846153844 0.015625 0.037259615384615384
6 0.4170673076923077 0.34615384615384615 0.013221153846153846 0.037259615384615384
6 0.4831730769230769 0.34975961538461536 0.013221153846153846 0.040865384615384616
1 0.6189903846153846 0.5396634615384616 0.10576923076923077 0.12259615384615384
6 0.6430288461538461 0.4230769230769231 0.018028846153846152 0.046875
6 0.6430288461538461 0.4230769230769231 0.015625 0.03365384615384615
1 0.7079326923076923 0.5084134615384616 0.10336538461538461 0.09975961538461539
1 0.7091346153846154 0.5084134615384616 0.10336538461538461 0.07451923076923077
6 0.7608173076923077 0.3269230769230769 0.028846153846153848 0.08774038461538461
1 0.875 0.5228365384615384 0.24759615384615385 0.2692307692307692