1 0.19471153846153846 0.5384615384615384 0.027644230769230768 0.037259615384615384
1 0.09014423076923077 0.5432692307692307 0.052884615384615384 0.040865384615384616
1 0.15745192307692307 0.5336538461538461 0.04447115384615385 0.038461538461538464
1 0.2692307692307692 0.5528846153846154 0.09975961538461539 0.08774038461538461
1 0.3076923076923077 0.5360576923076923 0.028846153846153848 0.040865384615384616
1 0.39302884615384615 0.5805288461538461 0.1466346153846154 0.1971153846153846
4 0.375 0.38822115384615385 0.018028846153846152 0.04326923076923077
4 0.4230769230769231 0.41586538461538464 0.018028846153846152 0.03125
1 0.46875 0.5288461538461539 0.028846153846153848 0.0625
1 0.49278846153846156 0.5372596153846154 0.04927884615384615 0.056490384615384616
1 0.5132211538461539 0.5456730769230769 0.03485576923076923 0.09615384615384616
1 0.5913461538461539 0.5444711538461539 0.125 0.16346153846153846
4 0.5456730769230769 0.36658653846153844 0.018028846153846152 0.04447115384615385
2 0.6610576923076923 0.5336538461538461 0.018028846153846152 0.0625
2 0.703125 0.5336538461538461 0.019230769230769232 0.055288461538461536
4 0.7235576923076923 0.4723557692307692 0.01201923076923077 0.03125
1 0.8509615384615384 0.5913461538461539 0.23076923076923078 0.1971153846153846