1 0.9026442307692307 0.5576923076923077 0.1935096153846154 0.29927884615384615
1 0.14903846153846154 0.5252403846153846 0.09735576923076923 0.09615384615384616
1 0.15504807692307693 0.53125 0.10576923076923077 0.08774038461538461
1 0.33413461538461536 0.5060096153846154 0.040865384615384616 0.04447115384615385
1 0.33533653846153844 0.5072115384615384 0.040865384615384616 0.038461538461538464
1 0.3545673076923077 0.49278846153846156 0.019230769230769232 0.05048076923076923
1 0.4987980769230769 0.49038461538461536 0.04447115384615385 0.07451923076923077
1 0.6225961538461539 0.5192307692307693 0.037259615384615384 0.08413461538461539
1 0.6514423076923077 0.5228365384615384 0.038461538461538464 0.10576923076923077
1 0.7007211538461539 0.5168269230769231 0.09615384615384616 0.1346153846153846
1 0.6959134615384616 0.5180288461538461 0.07451923076923077 0.15384615384615385
1 0.7704326923076923 0.5240384615384616 0.11778846153846154 0.1971153846153846
1 0.7668269230769231 0.5300480769230769 0.10096153846153846 0.22115384615384615