1 0.9711538461538461 0.6189903846153846 0.055288461538461536 0.1658653846153846
1 0.07572115384615384 0.5204326923076923 0.10336538461538461 0.08173076923076923
1 0.15144230769230768 0.5336538461538461 0.06610576923076923 0.052884615384615384
1 0.14903846153846154 0.5372596153846154 0.052884615384615384 0.04326923076923077
1 0.25240384615384615 0.5552884615384616 0.109375 0.12259615384615384
1 0.3545673076923077 0.5372596153846154 0.056490384615384616 0.06610576923076923
1 0.41225961538461536 0.5432692307692307 0.06490384615384616 0.078125
1 0.6117788461538461 0.5240384615384616 0.06009615384615385 0.055288461538461536
1 0.6153846153846154 0.5288461538461539 0.06490384615384616 0.06971153846153846
1 0.6814903846153846 0.5240384615384616 0.06610576923076923 0.07451923076923077
8 0.7079326923076923 0.2692307692307692 0.019230769230769232 0.09975961538461539
2 0.7367788461538461 0.5408653846153846 0.06009615384615385 0.18509615384615385