1 0.1141826923076923 0.5745192307692307 0.2283653846153846 0.21875
1 0.28725961538461536 0.5420673076923077 0.10336538461538461 0.12139423076923077
1 0.3545673076923077 0.5432692307692307 0.03125 0.055288461538461536
1 0.4098557692307692 0.5240384615384616 0.04447115384615385 0.06490384615384616
10 0.41466346153846156 0.49158653846153844 0.03365384615384615 0.040865384615384616
1 0.44591346153846156 0.5132211538461539 0.03365384615384615 0.052884615384615384
1 0.49038461538461536 0.5144230769230769 0.04927884615384615 0.09975961538461539
10 0.49278846153846156 0.5096153846153846 0.046875 0.06971153846153846
1 0.5444711538461539 0.5144230769230769 0.03365384615384615 0.055288461538461536
1 0.6021634615384616 0.5384615384615384 0.06490384615384616 0.09975961538461539
2 0.6586538461538461 0.6274038461538461 0.09014423076923077 0.5096153846153846
2 0.6983173076923077 0.5805288461538461 0.06971153846153846 0.4963942307692308