1 0.09134615384615384 0.5024038461538461 0.0625 0.03485576923076923
1 0.23317307692307693 0.4855769230769231 0.046875 0.04447115384615385
1 0.28365384615384615 0.4891826923076923 0.037259615384615384 0.04927884615384615
1 0.33052884615384615 0.4891826923076923 0.038461538461538464 0.05889423076923077
1 0.3293269230769231 0.4891826923076923 0.03485576923076923 0.038461538461538464
1 0.3786057692307692 0.49759615384615385 0.04326923076923077 0.052884615384615384
5 0.36778846153846156 0.36658653846153844 0.013221153846153846 0.04927884615384615
5 0.36778846153846156 0.36778846153846156 0.015625 0.038461538461538464
1 0.4326923076923077 0.5 0.04326923076923077 0.052884615384615384
4 0.42427884615384615 0.36658653846153844 0.01201923076923077 0.04326923076923077
4 0.42788461538461536 0.37259615384615385 0.018028846153846152 0.040865384615384616
1 0.45072115384615385 0.4879807692307692 0.028846153846153848 0.04326923076923077
1 0.4963942307692308 0.49158653846153844 0.028846153846153848 0.046875
4 0.5805288461538461 0.43509615384615385 0.018028846153846152 0.03485576923076923
4 0.5805288461538461 0.43509615384615385 0.013221153846153846 0.03365384615384615
2 0.6298076923076923 0.4987980769230769 0.027644230769230768 0.07211538461538461
4 0.6490384615384616 0.39783653846153844 0.018028846153846152 0.05889423076923077
4 0.6502403846153846 0.40024038461538464 0.013221153846153846 0.055288461538461536
10 0.8185096153846154 0.44591346153846156 0.04326923076923077 0.09375
10 0.8617788461538461 0.41947115384615385 0.08413461538461539 0.10096153846153846
10 0.9266826923076923 0.4182692307692308 0.140625 0.1310096153846154