1 0.1658653846153846 0.5444711538461539 0.07211538461538461 0.06490384615384616
1 0.16826923076923078 0.5420673076923077 0.07211538461538461 0.06610576923076923
7 0.21394230769230768 0.49038461538461536 0.009615384615384616 0.027644230769230768
1 0.2932692307692308 0.5336538461538461 0.019230769230769232 0.027644230769230768
1 0.31850961538461536 0.5288461538461539 0.040865384615384616 0.055288461538461536
7 0.3401442307692308 0.43509615384615385 0.01201923076923077 0.027644230769230768
1 0.3557692307692308 0.5264423076923077 0.01201923076923077 0.02403846153846154
1 0.37740384615384615 0.5360576923076923 0.04326923076923077 0.06490384615384616
1 0.39903846153846156 0.5216346153846154 0.025240384615384616 0.03365384615384615
4 0.39302884615384615 0.42427884615384615 0.009615384615384616 0.027644230769230768
1 0.4326923076923077 0.5288461538461539 0.05889423076923077 0.08653846153846154
4 0.47836538461538464 0.4723557692307692 0.007211538461538462 0.03125
1 0.5504807692307693 0.5132211538461539 0.052884615384615384 0.040865384615384616
1 0.7908653846153846 0.4831730769230769 0.04326923076923077 0.03365384615384615