1 0.04326923076923077 0.5360576923076923 0.08173076923076923 0.1875
1 0.09254807692307693 0.5252403846153846 0.052884615384615384 0.125
2 0.09495192307692307 0.5300480769230769 0.052884615384615384 0.21153846153846154
2 0.14423076923076922 0.53125 0.03365384615384615 0.19951923076923078
1 0.2283653846153846 0.5024038461538461 0.07572115384615384 0.07451923076923077
2 0.23677884615384615 0.5036057692307693 0.021634615384615384 0.08173076923076923
2 0.23677884615384615 0.5024038461538461 0.018028846153846152 0.08653846153846154
2 0.25240384615384615 0.5084134615384616 0.01201923076923077 0.07211538461538461
2 0.2536057692307692 0.5084134615384616 0.018028846153846152 0.055288461538461536
10 0.2920673076923077 0.4855769230769231 0.056490384615384616 0.08413461538461539
10 0.35096153846153844 0.4735576923076923 0.04927884615384615 0.09975961538461539
10 0.3545673076923077 0.47475961538461536 0.04447115384615385 0.09615384615384616
2 0.3425480769230769 0.49158653846153844 0.018028846153846152 0.09615384615384616
2 0.34615384615384615 0.4891826923076923 0.013221153846153846 0.09615384615384616
2 0.3557692307692308 0.5 0.015625 0.09375
2 0.35697115384615385 0.4963942307692308 0.015625 0.08653846153846154
1 0.39903846153846156 0.5024038461538461 0.038461538461538464 0.055288461538461536
1 0.4026442307692308 0.5024038461538461 0.038461538461538464 0.05048076923076923
10 0.41225961538461536 0.45072115384615385 0.052884615384615384 0.09014423076923077
10 0.4098557692307692 0.4639423076923077 0.04927884615384615 0.11177884615384616
2 0.6274038461538461 0.5913461538461539 0.08413461538461539 0.3245192307692308
1 0.8149038461538461 0.5492788461538461 0.36177884615384615 0.34615384615384615