1 0.054086538461538464 0.5564903846153846 0.07451923076923077 0.056490384615384616
1 0.06009615384615385 0.5528846153846154 0.06971153846153846 0.05889423076923077
1 0.109375 0.5336538461538461 0.04927884615384615 0.052884615384615384
1 0.11538461538461539 0.5432692307692307 0.04927884615384615 0.06490384615384616
1 0.16947115384615385 0.5204326923076923 0.055288461538461536 0.08774038461538461
1 0.16947115384615385 0.5180288461538461 0.055288461538461536 0.07451923076923077
1 0.40024038461538464 0.5408653846153846 0.11538461538461539 0.16346153846153846
6 0.39663461538461536 0.47115384615384615 0.018028846153846152 0.019230769230769232
1 0.4543269230769231 0.5252403846153846 0.056490384615384616 0.09615384615384616
6 0.5024038461538461 0.4675480769230769 0.013221153846153846 0.028846153846153848
1 0.5480769230769231 0.5384615384615384 0.03365384615384615 0.07451923076923077
1 0.5709134615384616 0.5336538461538461 0.04447115384615385 0.09134615384615384
1 0.6334134615384616 0.5372596153846154 0.1310096153846154 0.1346153846153846
1 0.6370192307692307 0.5408653846153846 0.1310096153846154 0.14423076923076922
2 0.7115384615384616 0.5204326923076923 0.03365384615384615 0.11899038461538461
1 0.8485576923076923 0.5997596153846154 0.29927884615384615 0.296875
2 0.7415865384615384 0.5192307692307693 0.02403846153846154 0.08774038461538461
2 0.7632211538461539 0.5072115384615384 0.03485576923076923 0.125