1 0.96875 0.5180288461538461 0.05889423076923077 0.056490384615384616
1 0.10336538461538461 0.5492788461538461 0.056490384615384616 0.05048076923076923
1 0.10817307692307693 0.5552884615384616 0.052884615384615384 0.046875
1 0.14302884615384615 0.546875 0.03365384615384615 0.052884615384615384
1 0.4014423076923077 0.5805288461538461 0.16346153846153846 0.1971153846153846
1 0.5192307692307693 0.5192307692307693 0.038461538461538464 0.04326923076923077
1 0.5600961538461539 0.5132211538461539 0.040865384615384616 0.06490384615384616
10 0.5576923076923077 0.5132211538461539 0.03125 0.05048076923076923
1 0.6598557692307693 0.5372596153846154 0.06850961538461539 0.08052884615384616
1 0.8401442307692307 0.5240384615384616 0.038461538461538464 0.040865384615384616
1 0.8389423076923077 0.5252403846153846 0.028846153846153848 0.038461538461538464