1 0.16346153846153846 0.5240384615384616 0.056490384615384616 0.04326923076923077
1 0.2920673076923077 0.5132211538461539 0.0625 0.03125
1 0.375 0.5096153846153846 0.03125 0.04326923076923077
7 0.39903846153846156 0.38461538461538464 0.009615384615384616 0.027644230769230768
1 0.42427884615384615 0.5180288461538461 0.04447115384615385 0.06490384615384616
6 0.4519230769230769 0.4026442307692308 0.013221153846153846 0.03485576923076923
6 0.453125 0.4014423076923077 0.009615384615384616 0.03125
1 0.5024038461538461 0.5120192307692307 0.038461538461538464 0.046875
6 0.5252403846153846 0.44591346153846156 0.009615384615384616 0.028846153846153848
6 0.5264423076923077 0.44471153846153844 0.01201923076923077 0.019230769230769232
10 0.6081730769230769 0.47836538461538464 0.14302884615384615 0.06610576923076923
6 0.5721153846153846 0.42427884615384615 0.013221153846153846 0.04447115384615385
6 0.5709134615384616 0.4206730769230769 0.009615384615384616 0.028846153846153848
2 0.6237980769230769 0.4951923076923077 0.01201923076923077 0.05048076923076923