1 0.057692307692307696 0.5600961538461539 0.11298076923076923 0.10336538461538461
1 0.13822115384615385 0.5492788461538461 0.12740384615384615 0.16947115384615385
1 0.24879807692307693 0.5348557692307693 0.06490384615384616 0.08413461538461539
1 0.2512019230769231 0.5348557692307693 0.06009615384615385 0.07451923076923077
4 0.28365384615384615 0.45072115384615385 0.01201923076923077 0.03125
1 0.30528846153846156 0.515625 0.05048076923076923 0.07451923076923077
1 0.31009615384615385 0.5144230769230769 0.04927884615384615 0.0625
1 0.3942307692307692 0.5576923076923077 0.1346153846153846 0.17548076923076922
4 0.47596153846153844 0.43990384615384615 0.009615384615384616 0.03125
1 0.5961538461538461 0.5240384615384616 0.07451923076923077 0.14302884615384615
1 0.5973557692307693 0.5252403846153846 0.05889423076923077 0.140625
1 0.6586538461538461 0.5252403846153846 0.08173076923076923 0.2439903846153846
1 0.7439903846153846 0.5252403846153846 0.24759615384615385 0.2247596153846154
1 0.8365384615384616 0.5757211538461539 0.32211538461538464 0.25600961538461536
1 0.8064903846153846 0.5697115384615384 0.23798076923076922 0.2439903846153846