1 0.06490384615384616 0.5072115384615384 0.0625 0.03485576923076923
1 0.20192307692307693 0.4963942307692308 0.046875 0.04447115384615385
1 0.2668269230769231 0.49158653846153844 0.046875 0.052884615384615384
1 0.30649038461538464 0.4891826923076923 0.04447115384615385 0.05048076923076923
1 0.31490384615384615 0.49399038461538464 0.038461538461538464 0.05889423076923077
5 0.3557692307692308 0.35697115384615385 0.013221153846153846 0.046875
5 0.35697115384615385 0.35697115384615385 0.013221153846153846 0.04927884615384615
1 0.38221153846153844 0.49759615384615385 0.04326923076923077 0.052884615384615384
4 0.4182692307692308 0.36177884615384615 0.018028846153846152 0.040865384615384616
1 0.43149038461538464 0.5 0.04326923076923077 0.052884615384615384
4 0.4182692307692308 0.3605769230769231 0.01201923076923077 0.04326923076923077
1 0.44591346153846156 0.49038461538461536 0.028846153846153848 0.04326923076923077
1 0.4951923076923077 0.49158653846153844 0.028846153846153848 0.046875
4 0.5889423076923077 0.43149038461538464 0.013221153846153846 0.03365384615384615
4 0.5889423076923077 0.43028846153846156 0.013221153846153846 0.038461538461538464
2 0.6526442307692307 0.5036057692307693 0.027644230769230768 0.07211538461538461
4 0.6766826923076923 0.3762019230769231 0.021634615384615384 0.06490384615384616
4 0.6766826923076923 0.37740384615384615 0.02403846153846154 0.056490384615384616