1 0.040865384615384616 0.5637019230769231 0.08173076923076923 0.2091346153846154
1 0.14903846153846154 0.5132211538461539 0.140625 0.19471153846153846
1 0.24759615384615385 0.5096153846153846 0.06610576923076923 0.10697115384615384
1 0.29447115384615385 0.5096153846153846 0.037259615384615384 0.09975961538461539
1 0.32211538461538464 0.5024038461538461 0.021634615384615384 0.06009615384615385
1 0.34134615384615385 0.49158653846153844 0.028846153846153848 0.08052884615384616
1 0.4879807692307692 0.47475961538461536 0.027644230769230768 0.03125
1 0.5180288461538461 0.4795673076923077 0.028846153846153848 0.028846153846153848
1 0.5420673076923077 0.47836538461538464 0.028846153846153848 0.037259615384615384
1 0.7439903846153846 0.4735576923076923 0.037259615384615384 0.040865384615384616
1 0.7752403846153846 0.46875 0.037259615384615384 0.038461538461538464
1 0.8461538461538461 0.46634615384615385 0.04447115384615385 0.038461538461538464