3 0.07091346153846154 0.08533653846153846 0.109375 0.15625
1 0.17307692307692307 0.5180288461538461 0.09014423076923077 0.09615384615384616
1 0.16826923076923078 0.5144230769230769 0.06610576923076923 0.08774038461538461
1 0.24278846153846154 0.53125 0.12740384615384615 0.11899038461538461
1 0.24278846153846154 0.5252403846153846 0.12259615384615384 0.09975961538461539
1 0.3329326923076923 0.4951923076923077 0.05889423076923077 0.06009615384615385
1 0.38341346153846156 0.49759615384615385 0.08413461538461539 0.09014423076923077
1 0.4519230769230769 0.49278846153846156 0.056490384615384616 0.055288461538461536
3 0.5697115384615384 0.028846153846153848 0.027644230769230768 0.056490384615384616
3 0.5649038461538461 0.3605769230769231 0.013221153846153846 0.052884615384615384
3 0.6526442307692307 0.3557692307692308 0.015625 0.040865384615384616
4 0.7259615384615384 0.4110576923076923 0.015625 0.04447115384615385
3 0.8004807692307693 0.0733173076923077 0.025240384615384616 0.09014423076923077
2 0.7956730769230769 0.48197115384615385 0.015625 0.052884615384615384
0 0.8665865384615384 0.48677884615384615 0.02403846153846154 0.09975961538461539
2 0.9014423076923077 0.4855769230769231 0.025240384615384616 0.06971153846153846
2 0.9002403846153846 0.48197115384615385 0.021634615384615384 0.055288461538461536
2 0.9194711538461539 0.49759615384615385 0.019230769230769232 0.09014423076923077
2 0.9194711538461539 0.49759615384615385 0.01201923076923077 0.08413461538461539