1 0.05048076923076923 0.5108173076923077 0.040865384615384616 0.09615384615384616
1 0.07451923076923077 0.5024038461538461 0.078125 0.078125
1 0.14182692307692307 0.515625 0.17548076923076922 0.10096153846153846
1 0.14302884615384615 0.5084134615384616 0.171875 0.11298076923076923
6 0.08052884615384616 0.37740384615384615 0.015625 0.055288461538461536
7 0.0829326923076923 0.38822115384615385 0.021634615384615384 0.07211538461538461
1 0.2980769230769231 0.484375 0.1875 0.21514423076923078
3 0.3870192307692308 0.33052884615384615 0.015625 0.038461538461538464
1 0.43028846153846156 0.49038461538461536 0.04447115384615385 0.06610576923076923
1 0.4266826923076923 0.4855769230769231 0.03485576923076923 0.055288461538461536
1 0.4987980769230769 0.5204326923076923 0.125 0.171875
6 0.48197115384615385 0.29447115384615385 0.013221153846153846 0.052884615384615384
6 0.6129807692307693 0.38822115384615385 0.018028846153846152 0.037259615384615384
0 0.6225961538461539 0.49278846153846156 0.03365384615384615 0.10336538461538461
6 0.6165865384615384 0.39302884615384615 0.015625 0.04326923076923077
1 0.6646634615384616 0.5144230769230769 0.10697115384615384 0.16826923076923078
1 0.6766826923076923 0.5252403846153846 0.11899038461538461 0.16826923076923078
1 0.8545673076923077 0.5769230769230769 0.28725961538461536 0.28846153846153844
6 0.7920673076923077 0.33052884615384615 0.021634615384615384 0.06850961538461539
6 0.7944711538461539 0.31490384615384615 0.021634615384615384 0.04326923076923077