1 0.9350961538461539 0.59375 0.12740384615384615 0.22115384615384615
1 0.11778846153846154 0.5384615384615384 0.06009615384615385 0.04326923076923077
1 0.3173076923076923 0.5276442307692307 0.046875 0.055288461538461536
1 0.38100961538461536 0.5240384615384616 0.025240384615384616 0.027644230769230768
1 0.41586538461538464 0.5180288461538461 0.03365384615384615 0.04326923076923077
1 0.46634615384615385 0.5276442307692307 0.04927884615384615 0.052884615384615384
1 0.5060096153846154 0.5240384615384616 0.040865384615384616 0.052884615384615384
1 0.5060096153846154 0.5252403846153846 0.03365384615384615 0.04927884615384615
1 0.5240384615384616 0.53125 0.03125 0.06610576923076923
1 0.5576923076923077 0.5372596153846154 0.052884615384615384 0.07451923076923077
1 0.7824519230769231 0.5036057692307693 0.09975961538461539 0.05889423076923077
1 0.8677884615384616 0.4855769230769231 0.0625 0.078125