1 0.07211538461538461 0.6213942307692307 0.14423076923076922 0.20432692307692307
1 0.27884615384615385 0.5552884615384616 0.078125 0.10576923076923077
1 0.33052884615384615 0.5444711538461539 0.038461538461538464 0.06610576923076923
1 0.3317307692307692 0.5432692307692307 0.04326923076923077 0.05889423076923077
1 0.36658653846153844 0.5336538461538461 0.037259615384615384 0.055288461538461536
1 0.3894230769230769 0.53125 0.028846153846153848 0.040865384615384616
1 0.41346153846153844 0.5336538461538461 0.018028846153846152 0.021634615384615384
1 0.42427884615384615 0.53125 0.018028846153846152 0.027644230769230768
1 0.48197115384615385 0.5264423076923077 0.04326923076923077 0.06009615384615385
1 0.6730769230769231 0.5 0.1346153846153846 0.08774038461538461
1 0.8545673076923077 0.5288461538461539 0.2439903846153846 0.12740384615384615