1 0.051682692307692304 0.5348557692307693 0.10336538461538461 0.19110576923076922
1 0.06971153846153846 0.4879807692307692 0.10336538461538461 0.08774038461538461
1 0.18509615384615385 0.5336538461538461 0.21634615384615385 0.2692307692307692
1 0.19951923076923078 0.5264423076923077 0.1971153846153846 0.203125
4 0.2536057692307692 0.3389423076923077 0.02403846153846154 0.06610576923076923
5 0.2536057692307692 0.33533653846153844 0.019230769230769232 0.05048076923076923
1 0.48197115384615385 0.6586538461538461 0.3786057692307692 0.4807692307692308
3 0.3076923076923077 0.33774038461538464 0.019230769230769232 0.05048076923076923
6 0.38822115384615385 0.33413461538461536 0.019230769230769232 0.055288461538461536
6 0.3918269230769231 0.3329326923076923 0.018028846153846152 0.046875
6 0.44711538461538464 0.3389423076923077 0.03365384615384615 0.07572115384615384
6 0.44591346153846156 0.34134615384615385 0.018028846153846152 0.04927884615384615
6 0.5697115384615384 0.41466346153846156 0.018028846153846152 0.06009615384615385
6 0.5721153846153846 0.40625 0.018028846153846152 0.04447115384615385
1 0.8353365384615384 0.4795673076923077 0.1310096153846154 0.07211538461538461