2 0.9459134615384616 0.5492788461538461 0.021634615384615384 0.11899038461538461
1 0.02403846153846154 0.5757211538461539 0.03485576923076923 0.18389423076923078
1 0.0889423076923077 0.5805288461538461 0.12860576923076922 0.18028846153846154
10 0.08413461538461539 0.48677884615384615 0.11177884615384616 0.08653846153846154
1 0.28365384615384615 0.5901442307692307 0.33052884615384615 0.41947115384615385
3 0.3173076923076923 0.328125 0.018028846153846152 0.055288461538461536
6 0.41346153846153844 0.32572115384615385 0.019230769230769232 0.04927884615384615
1 0.46153846153846156 0.5192307692307693 0.04927884615384615 0.06971153846153846
6 0.49158653846153844 0.32572115384615385 0.019230769230769232 0.055288461538461536
1 0.5324519230769231 0.5252403846153846 0.03485576923076923 0.04447115384615385
1 0.5336538461538461 0.5216346153846154 0.025240384615384616 0.04326923076923077
2 0.6201923076923077 0.5144230769230769 0.015625 0.040865384615384616
1 0.6899038461538461 0.5637019230769231 0.1502403846153846 0.16947115384615385
6 0.6790865384615384 0.4170673076923077 0.018028846153846152 0.046875
1 0.7824519230769231 0.5252403846153846 0.13822115384615385 0.11298076923076923
10 0.8100961538461539 0.4807692307692308 0.10697115384615384 0.11899038461538461
1 0.8774038461538461 0.48197115384615385 0.234375 0.16346153846153846
1 0.8882211538461539 0.5240384615384616 0.1466346153846154 0.08173076923076923
6 0.9290865384615384 0.25721153846153844 0.05048076923076923 0.15384615384615385