1 0.21754807692307693 0.7091346153846154 0.43509615384615385 0.4951923076923077
1 0.052884615384615384 0.5769230769230769 0.10096153846153846 0.14423076923076922
2 0.12740384615384615 0.41586538461538464 0.013221153846153846 0.03125
6 0.15144230769230768 0.39903846153846156 0.018028846153846152 0.052884615384615384
1 0.44711538461538464 0.5432692307692307 0.15865384615384615 0.11778846153846154
6 0.5264423076923077 0.3713942307692308 0.019230769230769232 0.06850961538461539
2 0.6081730769230769 0.5276442307692307 0.015625 0.07451923076923077
2 0.6310096153846154 0.5240384615384616 0.021634615384615384 0.07451923076923077
2 0.6730769230769231 0.5324519230769231 0.025240384615384616 0.09615384615384616
2 0.8389423076923077 0.5288461538461539 0.04326923076923077 0.2403846153846154
2 0.8918269230769231 0.5264423076923077 0.056490384615384616 0.2439903846153846
2 0.9819711538461539 0.5384615384615384 0.028846153846153848 0.21875