2 0.9747596153846154 0.5180288461538461 0.046875 0.20072115384615385
1 0.08173076923076923 0.6177884615384616 0.12740384615384615 0.12740384615384615
1 0.19471153846153846 0.5961538461538461 0.09615384615384616 0.10096153846153846
1 0.19831730769230768 0.5913461538461539 0.08653846153846154 0.09014423076923077
1 0.25240384615384615 0.5817307692307693 0.025240384615384616 0.07451923076923077
1 0.296875 0.5709134615384616 0.028846153846153848 0.05889423076923077
1 0.3858173076923077 0.5889423076923077 0.11298076923076923 0.11899038461538461
1 0.5180288461538461 0.5709134615384616 0.056490384615384616 0.09375
3 0.5432692307692307 0.31490384615384615 0.03125 0.109375
2 0.6201923076923077 0.5685096153846154 0.037259615384615384 0.09375
2 0.6322115384615384 0.53125 0.015625 0.05048076923076923
2 0.6730769230769231 0.5540865384615384 0.015625 0.06971153846153846
2 0.7367788461538461 0.546875 0.028846153846153848 0.16826923076923078