10 0.07211538461538461 0.375 0.14423076923076922 0.3269230769230769
10 0.078125 0.37740384615384615 0.15625 0.2247596153846154
1 0.05048076923076923 0.5372596153846154 0.10096153846153846 0.19471153846153846
1 0.19591346153846154 0.5276442307692307 0.1971153846153846 0.2127403846153846
5 0.2536057692307692 0.33533653846153844 0.019230769230769232 0.05048076923076923
1 0.48197115384615385 0.6550480769230769 0.3870192307692308 0.47596153846153844
5 0.3076923076923077 0.33774038461538464 0.019230769230769232 0.05048076923076923
6 0.3918269230769231 0.3329326923076923 0.018028846153846152 0.046875
6 0.44711538461538464 0.3401442307692308 0.019230769230769232 0.046875
6 0.5709134615384616 0.40625 0.018028846153846152 0.04447115384615385
1 0.7740384615384616 0.4855769230769231 0.1466346153846154 0.09975961538461539
1 0.7800480769230769 0.4891826923076923 0.15625 0.09615384615384616
1 0.8641826923076923 0.47716346153846156 0.08653846153846154 0.06610576923076923