0 0.14423076923076922 0.47475961538461536 0.025240384615384616 0.08173076923076923
1 0.21995192307692307 0.4795673076923077 0.08173076923076923 0.08774038461538461
1 0.27884615384615385 0.47596153846153844 0.046875 0.07451923076923077
1 0.3329326923076923 0.4831730769230769 0.07451923076923077 0.07572115384615384
7 0.40384615384615385 0.21634615384615385 0.019230769230769232 0.06009615384615385
1 0.53125 0.5012019230769231 0.19471153846153846 0.12139423076923077
6 0.5072115384615384 0.22235576923076922 0.013221153846153846 0.06490384615384616
6 0.5108173076923077 0.22115384615384615 0.019230769230769232 0.07211538461538461
6 0.6117788461538461 0.23918269230769232 0.021634615384615384 0.06490384615384616
6 0.8028846153846154 0.35216346153846156 0.018028846153846152 0.05048076923076923
6 0.8028846153846154 0.33774038461538464 0.015625 0.028846153846153848
1 0.9855769230769231 0.45552884615384615 0.027644230769230768 0.055288461538461536