2 0.45552884615384615 0.5180288461538461 0.015625 0.056490384615384616
2 0.4387019230769231 0.5240384615384616 0.015625 0.04447115384615385
2 0.41466346153846156 0.5228365384615384 0.01201923076923077 0.04927884615384615
2 0.14543269230769232 0.5300480769230769 0.028846153846153848 0.09615384615384616
2 0.18389423076923078 0.5336538461538461 0.027644230769230768 0.09975961538461539
2 0.19230769230769232 0.5348557692307693 0.02403846153846154 0.10336538461538461
0 0.27163461538461536 0.5216346153846154 0.019230769230769232 0.056490384615384616
2 0.2956730769230769 0.5444711538461539 0.038461538461538464 0.13221153846153846
1 0.3137019230769231 0.5456730769230769 0.025240384615384616 0.11899038461538461
2 0.3137019230769231 0.5432692307692307 0.021634615384615384 0.1310096153846154
1 0.35096153846153844 0.5216346153846154 0.08774038461538461 0.06610576923076923
1 0.35096153846153844 0.5240384615384616 0.08653846153846154 0.052884615384615384
1 0.5492788461538461 0.5132211538461539 0.14302884615384615 0.09134615384615384
2 0.5600961538461539 0.5516826923076923 0.027644230769230768 0.12740384615384615
1 0.609375 0.5036057692307693 0.09975961538461539 0.07451923076923077
2 0.5925480769230769 0.5324519230769231 0.03365384615384615 0.14423076923076922
1 0.65625 0.5036057692307693 0.10336538461538461 0.078125
1 0.6862980769230769 0.49759615384615385 0.052884615384615384 0.07572115384615384
2 0.9278846153846154 0.5925480769230769 0.052884615384615384 0.45913461538461536