0 0.3858173076923077 0.4795673076923077 0.006009615384615385 0.027644230769230768
1 0.2439903846153846 0.48197115384615385 0.056490384615384616 0.03485576923076923
1 0.40865384615384615 0.47596153846153844 0.025240384615384616 0.037259615384615384
1 0.42427884615384615 0.4807692307692308 0.015625 0.03125
1 0.44471153846153844 0.48197115384615385 0.021634615384615384 0.040865384615384616
8 0.5024038461538461 0.4014423076923077 0.01201923076923077 0.028846153846153848
8 0.5336538461538461 0.4050480769230769 0.009615384615384616 0.028846153846153848
8 0.5925480769230769 0.43990384615384615 0.009615384615384616 0.028846153846153848
8 0.6081730769230769 0.4326923076923077 0.01201923076923077 0.025240384615384616
8 0.6117788461538461 0.43149038461538464 0.013221153846153846 0.038461538461538464
1 0.6526442307692307 0.48197115384615385 0.038461538461538464 0.028846153846153848