1 0.07211538461538461 0.5673076923076923 0.09615384615384616 0.19471153846153846
1 0.10576923076923077 0.5396634615384616 0.07211538461538461 0.13701923076923078
1 0.11538461538461539 0.5444711538461539 0.05889423076923077 0.15625
1 0.16947115384615385 0.5396634615384616 0.10096153846153846 0.12740384615384615
1 0.16466346153846154 0.5480769230769231 0.08413461538461539 0.14423076923076922
2 0.22355769230769232 0.5180288461538461 0.021634615384615384 0.11899038461538461
2 0.23197115384615385 0.5204326923076923 0.03365384615384615 0.12860576923076922
1 0.28966346153846156 0.5288461538461539 0.11538461538461539 0.078125
1 0.29086538461538464 0.53125 0.10336538461538461 0.07572115384615384
1 0.33052884615384615 0.5204326923076923 0.07211538461538461 0.07211538461538461
1 0.3605769230769231 0.5108173076923077 0.10096153846153846 0.078125
10 0.35216346153846156 0.5192307692307693 0.02403846153846154 0.08052884615384616
10 0.37740384615384615 0.5144230769230769 0.06850961538461539 0.078125
10 0.4519230769230769 0.48677884615384615 0.05889423076923077 0.13701923076923078
10 0.4567307692307692 0.49158653846153844 0.06009615384615385 0.1346153846153846
1 0.5144230769230769 0.5252403846153846 0.046875 0.06009615384615385
1 0.5144230769230769 0.5288461538461539 0.04447115384615385 0.05889423076923077
10 0.5240384615384616 0.47596153846153844 0.052884615384615384 0.12740384615384615
10 0.5264423076923077 0.46153846153846156 0.056490384615384616 0.09375
2 0.6382211538461539 0.5072115384615384 0.03365384615384615 0.140625
2 0.6370192307692307 0.5072115384615384 0.025240384615384616 0.15625
2 0.6442307692307693 0.5132211538461539 0.015625 0.12740384615384615
2 0.6802884615384616 0.5697115384615384 0.08413461538461539 0.40384615384615385
2 0.7475961538461539 0.5709134615384616 0.09134615384615384 0.40625