4 0.8221153846153846 0.25 0.021634615384615384 0.06490384615384616
1 0.21995192307692307 0.5480769230769231 0.07211538461538461 0.07572115384615384
1 0.2692307692307692 0.5456730769230769 0.028846153846153848 0.0625
1 0.31009615384615385 0.5432692307692307 0.06009615384615385 0.06971153846153846
1 0.35336538461538464 0.5360576923076923 0.03125 0.0625
1 0.40024038461538464 0.5324519230769231 0.06490384615384616 0.06850961538461539
1 0.43509615384615385 0.5336538461538461 0.021634615384615384 0.056490384615384616
1 0.48197115384615385 0.5360576923076923 0.052884615384615384 0.06610576923076923
5 0.5516826923076923 0.43990384615384615 0.027644230769230768 0.06610576923076923
5 0.5516826923076923 0.44350961538461536 0.01201923076923077 0.04326923076923077
1 0.5865384615384616 0.5132211538461539 0.021634615384615384 0.03485576923076923
1 0.7632211538461539 0.5240384615384616 0.06009615384615385 0.06850961538461539