1 0.23798076923076922 0.5408653846153846 0.07211538461538461 0.08413461538461539
1 0.9411057692307693 0.5769230769230769 0.11298076923076923 0.36177884615384615
1 0.057692307692307696 0.5564903846153846 0.11298076923076923 0.14423076923076922
1 0.06850961538461539 0.5492788461538461 0.09375 0.11899038461538461
1 0.13942307692307693 0.5492788461538461 0.06850961538461539 0.13701923076923078
1 0.14543269230769232 0.5576923076923077 0.05889423076923077 0.09615384615384616
10 0.18269230769230768 0.5084134615384616 0.046875 0.19110576923076922
10 0.18990384615384615 0.5144230769230769 0.04326923076923077 0.15625
10 0.4074519230769231 0.4855769230769231 0.11298076923076923 0.23076923076923078
1 0.5709134615384616 0.546875 0.15985576923076922 0.09375
1 0.5721153846153846 0.5420673076923077 0.1622596153846154 0.08052884615384616
1 0.7860576923076923 0.5540865384615384 0.26802884615384615 0.2692307692307692