1 0.12139423076923077 0.546875 0.06971153846153846 0.07451923076923077
0 0.7824519230769231 0.5276442307692307 0.05889423076923077 0.09615384615384616
1 0.33052884615384615 0.6514423076923077 0.3245192307692308 0.4098557692307692
7 0.2800480769230769 0.27524038461538464 0.019230769230769232 0.05889423076923077
6 0.390625 0.28725961538461536 0.018028846153846152 0.0625
2 0.5204326923076923 0.5180288461538461 0.015625 0.05048076923076923
2 0.5276442307692307 0.5204326923076923 0.01201923076923077 0.06490384615384616
2 0.5372596153846154 0.515625 0.01201923076923077 0.05048076923076923
6 0.5637019230769231 0.4074519230769231 0.018028846153846152 0.05889423076923077
2 0.5685096153846154 0.5240384615384616 0.02403846153846154 0.09615384615384616
2 0.5901442307692307 0.5132211538461539 0.019230769230769232 0.07211538461538461
0 0.6598557692307693 0.5276442307692307 0.037259615384615384 0.09134615384615384
1 0.9254807692307693 0.5084134615384616 0.14423076923076922 0.13221153846153846