10 0.109375 0.4326923076923077 0.21875 0.5649038461538461
1 0.24639423076923078 0.5456730769230769 0.06971153846153846 0.11177884615384616
1 0.24519230769230768 0.5456730769230769 0.05889423076923077 0.11177884615384616
1 0.3713942307692308 0.5564903846153846 0.19110576923076922 0.28725961538461536
3 0.36177884615384615 0.3401442307692308 0.015625 0.040865384615384616
6 0.4495192307692308 0.34134615384615385 0.018028846153846152 0.046875
3 0.4483173076923077 0.34375 0.01201923076923077 0.037259615384615384
1 0.47596153846153844 0.5204326923076923 0.03365384615384615 0.04447115384615385
10 0.6454326923076923 0.42427884615384615 0.28125 0.41947115384615385
1 0.8774038461538461 0.6959134615384616 0.2403846153846154 0.5913461538461539
1 0.8365384615384616 0.46634615384615385 0.10096153846153846 0.10096153846153846
2 0.8185096153846154 0.49759615384615385 0.019230769230769232 0.08774038461538461
2 0.8197115384615384 0.4951923076923077 0.015625 0.08774038461538461
2 0.8353365384615384 0.48197115384615385 0.019230769230769232 0.04927884615384615
2 0.8377403846153846 0.4855769230769231 0.015625 0.052884615384615384
2 0.8461538461538461 0.48677884615384615 0.013221153846153846 0.05889423076923077
2 0.8497596153846154 0.4807692307692308 0.013221153846153846 0.04447115384615385
2 0.8617788461538461 0.4735576923076923 0.013221153846153846 0.055288461538461536
2 0.8617788461538461 0.47475961538461536 0.015625 0.04447115384615385