10 0.08052884615384616 0.5012019230769231 0.13822115384615385 0.08173076923076923
2 0.15865384615384615 0.515625 0.021634615384615384 0.06610576923076923
2 0.20072115384615385 0.5048076923076923 0.02403846153846154 0.055288461538461536
6 0.3762019230769231 0.2127403846153846 0.027644230769230768 0.07572115384615384
6 0.5853365384615384 0.3545673076923077 0.025240384615384616 0.07572115384615384
6 0.5841346153846154 0.35336538461538464 0.018028846153846152 0.06490384615384616
2 0.6153846153846154 0.5 0.021634615384615384 0.08052884615384616
2 0.6610576923076923 0.5060096153846154 0.028846153846153848 0.08774038461538461
1 0.6838942307692307 0.49278846153846156 0.06490384615384616 0.056490384615384616
2 0.7319711538461539 0.5180288461538461 0.04447115384615385 0.1466346153846154
2 0.734375 0.5192307692307693 0.03485576923076923 0.1466346153846154
6 0.7896634615384616 0.18028846153846154 0.07211538461538461 0.1814903846153846
6 0.7848557692307693 0.16947115384615385 0.037259615384615384 0.12259615384615384
2 0.8137019230769231 0.5096153846153846 0.04447115384615385 0.16346153846153846