1 0.0889423076923077 0.5372596153846154 0.06850961538461539 0.06971153846153846
1 0.2091346153846154 0.5564903846153846 0.16346153846153846 0.15985576923076922
7 0.2644230769230769 0.484375 0.018028846153846152 0.04326923076923077
6 0.2668269230769231 0.47475961538461536 0.013221153846153846 0.04326923076923077
1 0.32572115384615385 0.5024038461538461 0.03365384615384615 0.04326923076923077
1 0.3629807692307692 0.5204326923076923 0.06490384615384616 0.06850961538461539
6 0.38341346153846156 0.44350961538461536 0.015625 0.03125
7 0.3858173076923077 0.4483173076923077 0.018028846153846152 0.040865384615384616
4 0.3894230769230769 0.4170673076923077 0.015625 0.037259615384615384
4 0.390625 0.41466346153846156 0.015625 0.03365384615384615
1 0.41466346153846156 0.5072115384615384 0.03485576923076923 0.04927884615384615
1 0.4807692307692308 0.5024038461538461 0.03485576923076923 0.05048076923076923
4 0.47115384615384615 0.39302884615384615 0.015625 0.037259615384615384
4 0.5444711538461539 0.4266826923076923 0.019230769230769232 0.055288461538461536
4 0.5420673076923077 0.44350961538461536 0.01201923076923077 0.03365384615384615