1 0.33413461538461536 0.49759615384615385 0.05889423076923077 0.03125
1 0.33774038461538464 0.5024038461538461 0.05889423076923077 0.038461538461538464
1 0.4182692307692308 0.5012019230769231 0.06009615384615385 0.07572115384615384
1 0.45552884615384615 0.5012019230769231 0.025240384615384616 0.05889423076923077
1 0.4543269230769231 0.5024038461538461 0.019230769230769232 0.056490384615384616
4 0.4639423076923077 0.4254807692307692 0.013221153846153846 0.03485576923076923
5 0.4651442307692308 0.42427884615384615 0.009615384615384616 0.028846153846153848
4 0.5036057692307693 0.42427884615384615 0.015625 0.038461538461538464
4 0.5024038461538461 0.41586538461538464 0.009615384615384616 0.03125
3 0.6117788461538461 0.43509615384615385 0.015625 0.03125
4 0.6117788461538461 0.4362980769230769 0.015625 0.037259615384615384