1 0.06850961538461539 0.5336538461538461 0.13701923076923078 0.22115384615384615
5 0.04927884615384615 0.3737980769230769 0.028846153846153848 0.08173076923076923
1 0.26322115384615385 0.5144230769230769 0.08173076923076923 0.09615384615384616
1 0.3701923076923077 0.5072115384615384 0.06610576923076923 0.08173076923076923
1 0.4110576923076923 0.5060096153846154 0.028846153846153848 0.09134615384615384
1 0.4110576923076923 0.5060096153846154 0.027644230769230768 0.0625
1 0.4675480769230769 0.49038461538461536 0.08413461538461539 0.09615384615384616
1 0.46634615384615385 0.4987980769230769 0.07572115384615384 0.10576923076923077
1 0.5480769230769231 0.5024038461538461 0.056490384615384616 0.07211538461538461
3 0.5348557692307693 0.24278846153846154 0.02403846153846154 0.08173076923076923
1 0.8509615384615384 0.5997596153846154 0.2848557692307692 0.4254807692307692
4 0.7512019230769231 0.36899038461538464 0.027644230769230768 0.07211538461538461