2 0.6394230769230769 0.5072115384615384 0.018028846153846152 0.04326923076923077
2 0.08413461538461539 0.6129807692307693 0.13701923076923078 0.39302884615384615
7 0.056490384615384616 0.43509615384615385 0.018028846153846152 0.04927884615384615
0 0.140625 0.5336538461538461 0.055288461538461536 0.08173076923076923
1 0.171875 0.5252403846153846 0.08774038461538461 0.07451923076923077
2 0.14302884615384615 0.5252403846153846 0.01201923076923077 0.06610576923076923
1 0.24519230769230768 0.515625 0.0625 0.05889423076923077
1 0.2439903846153846 0.5336538461538461 0.05889423076923077 0.04447115384615385
2 0.2848557692307692 0.5132211538461539 0.02403846153846154 0.07451923076923077
10 0.33052884615384615 0.4807692307692308 0.09735576923076923 0.14302884615384615
7 0.4495192307692308 0.31971153846153844 0.021634615384615384 0.052884615384615384
6 0.5204326923076923 0.3245192307692308 0.021634615384615384 0.06850961538461539
1 0.5540865384615384 0.5252403846153846 0.08173076923076923 0.07572115384615384
6 0.6574519230769231 0.4074519230769231 0.019230769230769232 0.0625