1 0.04567307692307692 0.5444711538461539 0.09134615384615384 0.16826923076923078
1 0.19230769230769232 0.5336538461538461 0.19951923076923078 0.23076923076923078
7 0.25 0.33774038461538464 0.018028846153846152 0.046875
6 0.2536057692307692 0.3317307692307692 0.019230769230769232 0.028846153846153848
1 0.4855769230769231 0.6502403846153846 0.39903846153846156 0.4723557692307692
7 0.3076923076923077 0.3317307692307692 0.019230769230769232 0.05048076923076923
1 0.3173076923076923 0.4963942307692308 0.038461538461538464 0.040865384615384616
6 0.31009615384615385 0.32572115384615385 0.019230769230769232 0.028846153846153848
6 0.3894230769230769 0.33653846153846156 0.013221153846153846 0.04447115384615385
6 0.4483173076923077 0.33653846153846156 0.021634615384615384 0.046875
6 0.5697115384615384 0.39302884615384615 0.019230769230769232 0.03485576923076923
1 0.8786057692307693 0.5721153846153846 0.23197115384615385 0.3942307692307692
1 0.8798076923076923 0.5420673076923077 0.23197115384615385 0.3245192307692308