0 0.021634615384615384 0.5480769230769231 0.03365384615384615 0.08774038461538461
1 0.11778846153846154 0.5288461538461539 0.09975961538461539 0.10096153846153846
1 0.19230769230769232 0.5408653846153846 0.07451923076923077 0.06610576923076923
1 0.19591346153846154 0.5084134615384616 0.06610576923076923 0.052884615384615384
10 0.28846153846153844 0.48197115384615385 0.11177884615384616 0.171875
1 0.36177884615384615 0.5252403846153846 0.037259615384615384 0.037259615384615384
1 0.38461538461538464 0.5192307692307693 0.040865384615384616 0.04927884615384615
7 0.4230769230769231 0.31971153846153844 0.021634615384615384 0.0625
6 0.4987980769230769 0.3161057692307692 0.021634615384615384 0.06490384615384616
1 0.5444711538461539 0.5144230769230769 0.03125 0.04326923076923077
6 0.6442307692307693 0.41466346153846156 0.027644230769230768 0.06971153846153846