10 0.051682692307692304 0.5240384615384616 0.10096153846153846 0.10697115384615384
1 0.08653846153846154 0.5865384615384616 0.12740384615384615 0.18509615384615385
1 0.29447115384615385 0.5997596153846154 0.31009615384615385 0.43028846153846156
3 0.3161057692307692 0.33774038461538464 0.021634615384615384 0.055288461538461536
3 0.41346153846153844 0.3269230769230769 0.025240384615384616 0.056490384615384616
3 0.41586538461538464 0.33774038461538464 0.018028846153846152 0.055288461538461536
1 0.5024038461538461 0.5348557692307693 0.09014423076923077 0.0625
1 0.484375 0.5120192307692307 0.013221153846153846 0.028846153846153848
3 0.49278846153846156 0.33052884615384615 0.025240384615384616 0.06971153846153846
3 0.49278846153846156 0.33052884615384615 0.018028846153846152 0.046875
10 0.5216346153846154 0.5060096153846154 0.028846153846153848 0.040865384615384616
1 0.6286057692307693 0.5432692307692307 0.04447115384615385 0.11778846153846154
1 0.796875 0.6225961538461539 0.37259615384615385 0.35336538461538464
3 0.6802884615384616 0.43028846153846156 0.019230769230769232 0.056490384615384616
1 0.9423076923076923 0.5192307692307693 0.08052884615384616 0.06009615384615385
3 0.9350961538461539 0.25841346153846156 0.05048076923076923 0.14903846153846154
1 0.9483173076923077 0.5192307692307693 0.06850961538461539 0.07451923076923077