1 0.8990384615384616 0.6442307692307693 0.1971153846153846 0.4254807692307692
1 0.06129807692307692 0.5552884615384616 0.12259615384615384 0.11538461538461539
1 0.24278846153846154 0.5144230769230769 0.052884615384615384 0.04326923076923077
1 0.36177884615384615 0.5084134615384616 0.046875 0.055288461538461536
1 0.36177884615384615 0.5120192307692307 0.03365384615384615 0.046875
1 0.41225961538461536 0.5060096153846154 0.046875 0.06610576923076923
1 0.41225961538461536 0.5 0.04326923076923077 0.055288461538461536
1 0.4987980769230769 0.4987980769230769 0.040865384615384616 0.052884615384615384
1 0.5504807692307693 0.5024038461538461 0.04326923076923077 0.06850961538461539
1 0.6550480769230769 0.5372596153846154 0.07451923076923077 0.12740384615384615
1 0.7512019230769231 0.5540865384615384 0.20072115384615385 0.18509615384615385