1 0.24639423076923078 0.5216346153846154 0.06850961538461539 0.08774038461538461
1 0.2824519230769231 0.5180288461538461 0.037259615384615384 0.055288461538461536
1 0.2800480769230769 0.5240384615384616 0.015625 0.052884615384615384
1 0.3004807692307692 0.5108173076923077 0.03365384615384615 0.04927884615384615
1 0.3004807692307692 0.5144230769230769 0.021634615384615384 0.052884615384615384
1 0.31490384615384615 0.5024038461538461 0.040865384615384616 0.055288461538461536
1 0.32211538461538464 0.5036057692307693 0.018028846153846152 0.04447115384615385
1 0.5853365384615384 0.484375 0.046875 0.04326923076923077
1 0.5853365384615384 0.4855769230769231 0.040865384615384616 0.03485576923076923
1 0.6502403846153846 0.47596153846153844 0.038461538461538464 0.04326923076923077
1 0.6478365384615384 0.46875 0.028846153846153848 0.03125
1 0.7175480769230769 0.46634615384615385 0.028846153846153848 0.013221153846153846
1 0.9014423076923077 0.5024038461538461 0.1502403846153846 0.14423076923076922
1 0.8653846153846154 0.44591346153846156 0.07451923076923077 0.04447115384615385
1 0.8641826923076923 0.4519230769230769 0.06009615384615385 0.03365384615384615