1 0.037259615384615384 0.5757211538461539 0.052884615384615384 0.055288461538461536
1 0.1971153846153846 0.5612980769230769 0.10096153846153846 0.11177884615384616
3 0.26322115384615385 0.2764423076923077 0.03365384615384615 0.08413461538461539
7 0.26322115384615385 0.27403846153846156 0.025240384615384616 0.078125
1 0.30649038461538464 0.4879807692307692 0.015625 0.019230769230769232
1 0.3112980769230769 0.5132211538461539 0.019230769230769232 0.027644230769230768
1 0.36899038461538464 0.5360576923076923 0.019230769230769232 0.055288461538461536
1 0.3701923076923077 0.5372596153846154 0.019230769230769232 0.05048076923076923
10 0.40024038461538464 0.5288461538461539 0.056490384615384616 0.11177884615384616
4 0.4230769230769231 0.24759615384615385 0.025240384615384616 0.078125
4 0.5456730769230769 0.25240384615384615 0.02403846153846154 0.08173076923076923