1 0.025240384615384616 0.6009615384615384 0.05048076923076923 0.1346153846153846
1 0.09014423076923077 0.5745192307692307 0.09375 0.12860576923076922
1 0.15745192307692307 0.5649038461538461 0.04447115384615385 0.08173076923076923
1 0.15985576923076922 0.5649038461538461 0.04447115384615385 0.08774038461538461
1 0.30288461538461536 0.5913461538461539 0.24759615384615385 0.36538461538461536
1 0.43990384615384615 0.5625 0.03485576923076923 0.13221153846153846
1 0.45552884615384615 0.5228365384615384 0.040865384615384616 0.05889423076923077
1 0.4579326923076923 0.5168269230769231 0.03125 0.06971153846153846
1 0.5288461538461539 0.5588942307692307 0.03125 0.140625
1 0.6165865384615384 0.5552884615384616 0.15985576923076922 0.1814903846153846
2 0.9350961538461539 0.5480769230769231 0.078125 0.27163461538461536
2 0.9350961538461539 0.5408653846153846 0.07211538461538461 0.23677884615384615