1 0.026442307692307692 0.6658653846153846 0.052884615384615384 0.11538461538461539
1 0.026442307692307692 0.6634615384615384 0.052884615384615384 0.10336538461538461
1 0.06610576923076923 0.65625 0.046875 0.06971153846153846
1 0.06850961538461539 0.65625 0.04447115384615385 0.08774038461538461
1 0.14302884615384615 0.6586538461538461 0.08052884615384616 0.06971153846153846
1 0.19471153846153846 0.6538461538461539 0.04447115384615385 0.06610576923076923
1 0.19591346153846154 0.6502403846153846 0.03125 0.06490384615384616
1 0.5288461538461539 0.6430288461538461 0.03485576923076923 0.052884615384615384
1 0.5300480769230769 0.6454326923076923 0.03485576923076923 0.055288461538461536
1 0.5552884615384616 0.6490384615384616 0.02403846153846154 0.06610576923076923
1 0.5853365384615384 0.6586538461538461 0.06009615384615385 0.06971153846153846
1 0.5901442307692307 0.6574519230769231 0.06490384615384616 0.08653846153846154
1 0.6634615384615384 0.6730769230769231 0.11298076923076923 0.10576923076923077
1 0.7800480769230769 0.6790865384615384 0.10576923076923077 0.11177884615384616
1 0.8894230769230769 0.6826923076923077 0.11899038461538461 0.09975961538461539
1 0.9747596153846154 0.6875 0.04927884615384615 0.08774038461538461