10 0.055288461538461536 0.48677884615384615 0.109375 0.24639423076923078
10 0.140625 0.49038461538461536 0.08173076923076923 0.203125
1 0.21033653846153846 0.5516826923076923 0.08173076923076923 0.09375
1 0.2644230769230769 0.5084134615384616 0.056490384615384616 0.13221153846153846
1 0.32091346153846156 0.5288461538461539 0.04326923076923077 0.055288461538461536
1 0.3713942307692308 0.5552884615384616 0.12740384615384615 0.171875
1 0.43509615384615385 0.5132211538461539 0.05048076923076923 0.15264423076923078
1 0.4891826923076923 0.5288461538461539 0.03485576923076923 0.08052884615384616
1 0.5132211538461539 0.5192307692307693 0.028846153846153848 0.09735576923076923
1 0.5721153846153846 0.5384615384615384 0.09975961538461539 0.11298076923076923
10 0.6658653846153846 0.4807692307692308 0.08052884615384616 0.18990384615384615