1 0.03485576923076923 0.5300480769230769 0.06971153846153846 0.17067307692307693
1 0.11899038461538461 0.5228365384615384 0.140625 0.13822115384615385
1 0.1310096153846154 0.5252403846153846 0.13822115384615385 0.11899038461538461
1 0.21033653846153846 0.5 0.09975961538461539 0.09615384615384616
1 0.21514423076923078 0.5024038461538461 0.09735576923076923 0.11778846153846154
1 0.33774038461538464 0.4987980769230769 0.052884615384615384 0.06850961538461539
1 0.34615384615384615 0.5 0.04326923076923077 0.0625
1 0.3762019230769231 0.4891826923076923 0.03365384615384615 0.06850961538461539
1 0.5132211538461539 0.49278846153846156 0.07572115384615384 0.11538461538461539
1 0.5997596153846154 0.4807692307692308 0.05048076923076923 0.07451923076923077
1 0.6009615384615384 0.4855769230769231 0.04326923076923077 0.06009615384615385
1 0.6382211538461539 0.5 0.06850961538461539 0.09615384615384616