0 0.18509615384615385 0.5372596153846154 0.03365384615384615 0.06610576923076923
1 0.3004807692307692 0.5288461538461539 0.052884615384615384 0.052884615384615384
1 0.29927884615384615 0.53125 0.046875 0.055288461538461536
7 0.4230769230769231 0.31971153846153844 0.019230769230769232 0.06009615384615385
6 0.49759615384615385 0.31971153846153844 0.025240384615384616 0.06850961538461539
1 0.5336538461538461 0.5120192307692307 0.03485576923076923 0.055288461538461536
10 0.5600961538461539 0.49038461538461536 0.028846153846153848 0.027644230769230768
6 0.6442307692307693 0.41225961538461536 0.021634615384615384 0.06610576923076923
0 0.65625 0.5144230769230769 0.03365384615384615 0.07572115384615384
1 0.8269230769230769 0.5204326923076923 0.15264423076923078 0.09975961538461539
1 0.953125 0.6454326923076923 0.09014423076923077 0.43028846153846156