2 0.09615384615384616 0.5144230769230769 0.028846153846153848 0.078125
2 0.10697115384615384 0.49278846153846156 0.028846153846153848 0.08774038461538461
2 0.11057692307692307 0.49038461538461536 0.018028846153846152 0.06971153846153846
6 0.22716346153846154 0.359375 0.025240384615384616 0.05889423076923077
6 0.22956730769230768 0.3605769230769231 0.025240384615384616 0.07572115384615384
2 0.35096153846153844 0.49038461538461536 0.040865384615384616 0.11298076923076923
2 0.5264423076923077 0.48197115384615385 0.021634615384615384 0.05889423076923077
2 0.5264423076923077 0.4855769230769231 0.018028846153846152 0.055288461538461536
1 0.5408653846153846 0.48677884615384615 0.018028846153846152 0.056490384615384616
1 0.5661057692307693 0.4807692307692308 0.037259615384615384 0.046875
1 0.5649038461538461 0.49278846153846156 0.03125 0.05889423076923077
6 0.5877403846153846 0.34375 0.018028846153846152 0.06850961538461539
2 0.703125 0.47716346153846156 0.021634615384615384 0.08173076923076923
2 0.7091346153846154 0.47836538461538464 0.02403846153846154 0.07451923076923077