1 0.09615384615384616 0.5384615384615384 0.18990384615384615 0.1466346153846154
0 0.04807692307692308 0.5576923076923077 0.09375 0.171875
2 0.08653846153846154 0.546875 0.021634615384615384 0.07451923076923077
1 0.33052884615384615 0.6526442307692307 0.33052884615384615 0.41586538461538464
2 0.20432692307692307 0.49759615384615385 0.06009615384615385 0.12139423076923077
7 0.2800480769230769 0.27524038461538464 0.019230769230769232 0.0625
0 0.33052884615384615 0.4423076923076923 0.0625 0.06610576923076923
6 0.3894230769230769 0.28725961538461536 0.018028846153846152 0.06971153846153846
1 0.5264423076923077 0.5360576923076923 0.12259615384615384 0.08774038461538461
6 0.5625 0.40865384615384615 0.021634615384615384 0.06490384615384616
0 0.6754807692307693 0.53125 0.0625 0.09735576923076923
0 0.6610576923076923 0.5240384615384616 0.028846153846153848 0.08653846153846154
2 0.6959134615384616 0.48197115384615385 0.021634615384615384 0.04447115384615385
2 0.7139423076923077 0.47716346153846156 0.018028846153846152 0.04326923076923077
0 0.7860576923076923 0.5240384615384616 0.06610576923076923 0.09375