2 0.06129807692307692 0.5192307692307693 0.021634615384615384 0.08173076923076923
2 0.08413461538461539 0.5252403846153846 0.018028846153846152 0.09375
2 0.09615384615384616 0.5192307692307693 0.013221153846153846 0.08413461538461539
10 0.17307692307692307 0.4879807692307692 0.1502403846153846 0.1778846153846154
10 0.3076923076923077 0.47475961538461536 0.08413461538461539 0.16826923076923078
1 0.39903846153846156 0.5024038461538461 0.056490384615384616 0.07211538461538461
0 0.4519230769230769 0.5084134615384616 0.028846153846153848 0.08774038461538461
2 0.6754807692307693 0.47596153846153844 0.021634615384615384 0.07451923076923077
2 0.7055288461538461 0.46274038461538464 0.019230769230769232 0.06610576923076923
2 0.7211538461538461 0.46153846153846156 0.025240384615384616 0.07451923076923077
2 0.7980769230769231 0.45072115384615385 0.021634615384615384 0.09134615384615384
1 0.8461538461538461 0.49399038461538464 0.04447115384615385 0.04326923076923077
1 0.9555288461538461 0.49038461538461536 0.06009615384615385 0.06490384615384616