1 0.12620192307692307 0.5913461538461539 0.20552884615384615 0.21634615384615385
1 0.24158653846153846 0.5432692307692307 0.052884615384615384 0.08653846153846154
1 0.2932692307692308 0.546875 0.06009615384615385 0.08052884615384616
1 0.328125 0.5480769230769231 0.03125 0.06490384615384616
1 0.37740384615384615 0.5456730769230769 0.052884615384615384 0.0625
5 0.36778846153846156 0.33533653846153844 0.025240384615384616 0.06610576923076923
5 0.4326923076923077 0.38221153846153844 0.027644230769230768 0.078125
4 0.4326923076923077 0.38341346153846156 0.018028846153846152 0.05048076923076923
1 0.4723557692307692 0.53125 0.019230769230769232 0.05048076923076923
1 0.4855769230769231 0.5288461538461539 0.018028846153846152 0.056490384615384616
1 0.5264423076923077 0.5444711538461539 0.08173076923076923 0.10336538461538461
1 0.5492788461538461 0.5276442307692307 0.019230769230769232 0.06850961538461539
1 0.5661057692307693 0.5360576923076923 0.027644230769230768 0.07211538461538461
4 0.59375 0.3112980769230769 0.03125 0.09615384615384616
1 0.7223557692307693 0.6009615384615384 0.2439903846153846 0.234375
1 0.6189903846153846 0.5396634615384616 0.037259615384615384 0.0625
2 0.8149038461538461 0.5324519230769231 0.02403846153846154 0.06490384615384616
4 0.8305288461538461 0.4423076923076923 0.021634615384615384 0.06850961538461539
4 0.8725961538461539 0.4375 0.009615384615384616 0.04927884615384615