1 0.0985576923076923 0.53125 0.08173076923076923 0.06490384615384616
1 0.21514423076923078 0.5240384615384616 0.06971153846153846 0.06971153846153846
1 0.21634615384615385 0.5192307692307693 0.055288461538461536 0.040865384615384616
4 0.22115384615384615 0.40384615384615385 0.02403846153846154 0.055288461538461536
4 0.21995192307692307 0.40384615384615385 0.013221153846153846 0.04447115384615385
6 0.24158653846153846 0.40024038461538464 0.013221153846153846 0.05048076923076923
1 0.4266826923076923 0.5588942307692307 0.1814903846153846 0.25
3 0.41947115384615385 0.3233173076923077 0.025240384615384616 0.07451923076923077
6 0.421875 0.31971153846153844 0.018028846153846152 0.04927884615384615
4 0.5168269230769231 0.4387019230769231 0.013221153846153846 0.037259615384615384
10 0.6526442307692307 0.44591346153846156 0.1875 0.32211538461538464