1 0.018028846153846152 0.5372596153846154 0.03485576923076923 0.078125
1 0.018028846153846152 0.5516826923076923 0.03365384615384615 0.08052884615384616
1 0.07451923076923077 0.5336538461538461 0.11538461538461539 0.12740384615384615
2 0.1346153846153846 0.5444711538461539 0.038461538461538464 0.1502403846153846
1 0.14783653846153846 0.5228365384615384 0.025240384615384616 0.038461538461538464
1 0.23918269230769232 0.5096153846153846 0.037259615384615384 0.056490384615384616
1 0.23918269230769232 0.515625 0.027644230769230768 0.038461538461538464
1 0.3245192307692308 0.5264423076923077 0.08413461538461539 0.109375
6 0.41947115384615385 0.33052884615384615 0.021634615384615384 0.08653846153846154
2 0.5961538461538461 0.5192307692307693 0.03365384615384615 0.14302884615384615
2 0.6887019230769231 0.5072115384615384 0.03485576923076923 0.1310096153846154
2 0.8461538461538461 0.5048076923076923 0.03485576923076923 0.1502403846153846