1 0.051682692307692304 0.5384615384615384 0.10096153846153846 0.1502403846153846
1 0.859375 0.5456730769230769 0.2776442307692308 0.34615384615384615
1 0.14903846153846154 0.515625 0.10096153846153846 0.12139423076923077
1 0.1502403846153846 0.5108173076923077 0.10336538461538461 0.08653846153846154
1 0.21394230769230768 0.5024038461538461 0.040865384615384616 0.09014423076923077
1 0.25240384615384615 0.49038461538461536 0.05889423076923077 0.07451923076923077
1 0.2536057692307692 0.49158653846153844 0.055288461538461536 0.06850961538461539
1 0.29927884615384615 0.4891826923076923 0.040865384615384616 0.05048076923076923
1 0.4891826923076923 0.49038461538461536 0.040865384615384616 0.056490384615384616
1 0.5324519230769231 0.49158653846153844 0.06971153846153846 0.078125
1 0.5372596153846154 0.49759615384615385 0.07451923076923077 0.10336538461538461
1 0.6778846153846154 0.5240384615384616 0.11538461538461539 0.21875
1 0.7067307692307693 0.5216346153846154 0.15625 0.1971153846153846