1 0.052884615384615384 0.5252403846153846 0.10576923076923077 0.11778846153846154
1 0.109375 0.5096153846153846 0.027644230769230768 0.09014423076923077
2 0.13942307692307693 0.5204326923076923 0.009615384615384616 0.06490384615384616
1 0.171875 0.5192307692307693 0.06971153846153846 0.05048076923076923
1 0.1814903846153846 0.5228365384615384 0.06850961538461539 0.0625
1 0.2403846153846154 0.5228365384615384 0.04927884615384615 0.05889423076923077
1 0.2439903846153846 0.5204326923076923 0.046875 0.05889423076923077
2 0.27163461538461536 0.5096153846153846 0.02403846153846154 0.08413461538461539
2 0.2704326923076923 0.5144230769230769 0.019230769230769232 0.08173076923076923
2 0.2920673076923077 0.5084134615384616 0.019230769230769232 0.09615384615384616
2 0.39302884615384615 0.5228365384615384 0.018028846153846152 0.0625
0 0.3954326923076923 0.5204326923076923 0.018028846153846152 0.07211538461538461
2 0.39903846153846156 0.5192307692307693 0.009615384615384616 0.052884615384615384
1 0.49399038461538464 0.5264423076923077 0.09014423076923077 0.06610576923076923
1 0.49158653846153844 0.5288461538461539 0.07451923076923077 0.056490384615384616
1 0.5144230769230769 0.5084134615384616 0.02403846153846154 0.09615384615384616
2 0.5180288461538461 0.5084134615384616 0.02403846153846154 0.10336538461538461
1 0.6766826923076923 0.5336538461538461 0.3088942307692308 0.17427884615384615