1 0.055288461538461536 0.5396634615384616 0.038461538461538464 0.055288461538461536
1 0.1778846153846154 0.5180288461538461 0.046875 0.055288461538461536
7 0.1658653846153846 0.34615384615384615 0.015625 0.055288461538461536
1 0.24759615384615385 0.5180288461538461 0.040865384615384616 0.05048076923076923
4 0.2512019230769231 0.34975961538461536 0.018028846153846152 0.05048076923076923
1 0.27884615384615385 0.5144230769230769 0.037259615384615384 0.056490384615384616
1 0.3954326923076923 0.5252403846153846 0.11778846153846154 0.18389423076923078
4 0.36177884615384615 0.42908653846153844 0.018028846153846152 0.04927884615384615
1 0.5444711538461539 0.49759615384615385 0.10096153846153846 0.09735576923076923
1 0.6105769230769231 0.5600961538461539 0.15384615384615385 0.1346153846153846
3 0.6262019230769231 0.3389423076923077 0.027644230769230768 0.08653846153846154
2 0.6766826923076923 0.5108173076923077 0.025240384615384616 0.09975961538461539
1 0.8341346153846154 0.6033653846153846 0.33052884615384615 0.2776442307692308