1 0.22355769230769232 0.6538461538461539 0.44471153846153844 0.44350961538461536
1 0.4951923076923077 0.53125 0.16947115384615385 0.18990384615384615
1 0.5444711538461539 0.4891826923076923 0.06009615384615385 0.07572115384615384
1 0.5480769230769231 0.4831730769230769 0.056490384615384616 0.040865384615384616
1 0.7307692307692307 0.5048076923076923 0.056490384615384616 0.078125
1 0.7692307692307693 0.5 0.028846153846153848 0.06490384615384616
1 0.8016826923076923 0.49759615384615385 0.04447115384615385 0.05048076923076923
1 0.8269230769230769 0.5012019230769231 0.03365384615384615 0.04447115384615385
1 0.8509615384615384 0.4951923076923077 0.021634615384615384 0.05048076923076923
1 0.8713942307692307 0.49158653846153844 0.028846153846153848 0.046875
1 0.9603365384615384 0.49399038461538464 0.015625 0.04447115384615385
1 0.9699519230769231 0.4987980769230769 0.015625 0.055288461538461536
1 0.9867788461538461 0.5048076923076923 0.025240384615384616 0.06610576923076923
1 0.9927884615384616 0.515625 0.01201923076923077 0.05889423076923077