1 0.078125 0.6274038461538461 0.15625 0.30288461538461536
1 0.13701923076923078 0.5516826923076923 0.03125 0.03365384615384615
1 0.16826923076923078 0.5540865384615384 0.046875 0.04326923076923077
1 0.23557692307692307 0.5348557692307693 0.038461538461538464 0.07451923076923077
1 0.3173076923076923 0.5360576923076923 0.10096153846153846 0.11899038461538461
1 0.39903846153846156 0.5276442307692307 0.037259615384615384 0.05048076923076923
1 0.4567307692307692 0.5264423076923077 0.04326923076923077 0.06009615384615385
1 0.4891826923076923 0.5180288461538461 0.040865384615384616 0.07451923076923077
1 0.49158653846153844 0.5168269230769231 0.028846153846153848 0.046875
1 0.5384615384615384 0.5516826923076923 0.09134615384615384 0.11778846153846154
1 0.8305288461538461 0.5324519230769231 0.07211538461538461 0.08653846153846154
10 0.9086538461538461 0.5252403846153846 0.11778846153846154 0.09014423076923077
1 0.9603365384615384 0.5600961538461539 0.05048076923076923 0.07572115384615384
2 0.9867788461538461 0.5480769230769231 0.019230769230769232 0.1778846153846154