1 0.12620192307692307 0.49278846153846156 0.04447115384615385 0.05048076923076923
1 0.21875 0.4879807692307692 0.055288461538461536 0.056490384615384616
1 0.22235576923076922 0.49158653846153844 0.056490384615384616 0.046875
10 0.21875 0.4831730769230769 0.038461538461538464 0.056490384615384616
1 0.24759615384615385 0.49759615384615385 0.03125 0.038461538461538464
1 0.26802884615384615 0.5096153846153846 0.038461538461538464 0.046875
1 0.3581730769230769 0.47836538461538464 0.037259615384615384 0.056490384615384616
6 0.41225961538461536 0.4495192307692308 0.013221153846153846 0.03125
4 0.45552884615384615 0.40865384615384615 0.01201923076923077 0.03485576923076923
1 0.49759615384615385 0.49158653846153844 0.03485576923076923 0.037259615384615384
1 0.49759615384615385 0.49038461538461536 0.03365384615384615 0.04326923076923077
1 0.5492788461538461 0.49759615384615385 0.04447115384615385 0.052884615384615384
1 0.8894230769230769 0.4795673076923077 0.203125 0.11177884615384616
1 0.8990384615384616 0.484375 0.19951923076923078 0.125