1 0.11057692307692307 0.6105769230769231 0.21875 0.35697115384615385
1 0.29447115384615385 0.5024038461538461 0.04447115384615385 0.040865384615384616
1 0.29927884615384615 0.5060096153846154 0.03365384615384615 0.038461538461538464
10 0.34134615384615385 0.49158653846153844 0.04326923076923077 0.052884615384615384
4 0.44350961538461536 0.39903846153846156 0.019230769230769232 0.03365384615384615
1 0.47836538461538464 0.49038461538461536 0.028846153846153848 0.038461538461538464
4 0.4831730769230769 0.40625 0.013221153846153846 0.028846153846153848
1 0.5216346153846154 0.5132211538461539 0.08413461538461539 0.10576923076923077
1 0.5673076923076923 0.49038461538461536 0.02403846153846154 0.056490384615384616
4 0.5817307692307693 0.4362980769230769 0.013221153846153846 0.028846153846153848
1 0.7536057692307693 0.49278846153846156 0.13822115384615385 0.08653846153846154