10 0.12259615384615384 0.49759615384615385 0.2439903846153846 0.30288461538461536
1 0.2668269230769231 0.5492788461538461 0.0625 0.11899038461538461
1 0.2692307692307692 0.5480769230769231 0.06610576923076923 0.12259615384615384
1 0.3485576923076923 0.5805288461538461 0.140625 0.1658653846153846
1 0.3545673076923077 0.5817307692307693 0.13822115384615385 0.15384615384615385
1 0.45913461538461536 0.5300480769230769 0.03365384615384615 0.06009615384615385
1 0.46153846153846156 0.53125 0.037259615384615384 0.0625
1 0.4951923076923077 0.5384615384615384 0.028846153846153848 0.11899038461538461
1 0.5612980769230769 0.5444711538461539 0.11538461538461539 0.1346153846153846
2 0.6442307692307693 0.5192307692307693 0.021634615384615384 0.09615384615384616
2 0.6622596153846154 0.5144230769230769 0.021634615384615384 0.09014423076923077