10 0.07451923076923077 0.5048076923076923 0.14903846153846154 0.15384615384615385
1 0.07451923076923077 0.625 0.14903846153846154 0.30649038461538464
1 0.15985576923076922 0.5612980769230769 0.06490384615384616 0.06610576923076923
1 0.30528846153846156 0.6550480769230769 0.3317307692307692 0.42427884615384615
3 0.33774038461538464 0.2512019230769231 0.02403846153846154 0.07451923076923077
4 0.46634615384615385 0.28365384615384615 0.02403846153846154 0.06971153846153846
1 0.4987980769230769 0.5336538461538461 0.037259615384615384 0.06490384615384616
1 0.5012019230769231 0.5372596153846154 0.03125 0.046875
4 0.6418269230769231 0.39903846153846156 0.02403846153846154 0.06610576923076923
2 0.6526442307692307 0.5240384615384616 0.018028846153846152 0.08413461538461539
2 0.6682692307692307 0.515625 0.021634615384615384 0.08774038461538461
1 0.8774038461538461 0.5757211538461539 0.24278846153846154 0.6802884615384616