1 0.9350961538461539 0.4855769230769231 0.08653846153846154 0.06850961538461539
1 0.030048076923076924 0.5709134615384616 0.06009615384615385 0.04326923076923077
1 0.10096153846153846 0.5528846153846154 0.05048076923076923 0.03125
1 0.12620192307692307 0.5444711538461539 0.04326923076923077 0.028846153846153848
10 0.15264423076923078 0.5348557692307693 0.037259615384615384 0.03365384615384615
7 0.17307692307692307 0.4807692307692308 0.01201923076923077 0.03125
7 0.17307692307692307 0.48677884615384615 0.01201923076923077 0.038461538461538464
1 0.23677884615384615 0.5360576923076923 0.037259615384615384 0.03125
1 0.24158653846153846 0.5432692307692307 0.038461538461538464 0.038461538461538464
1 0.2860576923076923 0.5336538461538461 0.055288461538461536 0.06610576923076923
7 0.32091346153846156 0.41225961538461536 0.01201923076923077 0.03485576923076923
7 0.32572115384615385 0.4170673076923077 0.013221153846153846 0.037259615384615384
1 0.33653846153846156 0.5240384615384616 0.013221153846153846 0.018028846153846152
1 0.3762019230769231 0.5288461538461539 0.04326923076923077 0.052884615384615384
4 0.38221153846153844 0.4074519230769231 0.013221153846153846 0.03485576923076923
4 0.38341346153846156 0.4050480769230769 0.009615384615384616 0.028846153846153848
1 0.39903846153846156 0.5168269230769231 0.025240384615384616 0.03365384615384615
1 0.43509615384615385 0.5336538461538461 0.052884615384615384 0.06850961538461539
4 0.48677884615384615 0.46153846153846156 0.01201923076923077 0.028846153846153848
4 0.4855769230769231 0.46875 0.009615384615384616 0.03365384615384615
1 0.5757211538461539 0.5096153846153846 0.07451923076923077 0.04326923076923077