1 0.06009615384615385 0.5132211538461539 0.10697115384615384 0.09134615384615384
1 0.13581730769230768 0.5132211538461539 0.052884615384615384 0.09735576923076923
4 0.14423076923076922 0.14423076923076922 0.027644230769230768 0.08173076923076923
4 0.14783653846153846 0.140625 0.027644230769230768 0.08653846153846154
1 0.1935096153846154 0.4951923076923077 0.07572115384615384 0.06490384615384616
1 0.19110576923076922 0.5024038461538461 0.06971153846153846 0.08653846153846154
1 0.29086538461538464 0.49038461538461536 0.03125 0.037259615384615384
4 0.4026442307692308 0.17908653846153846 0.025240384615384616 0.08413461538461539
4 0.6574519230769231 0.33533653846153844 0.019230769230769232 0.07451923076923077
2 0.7560096153846154 0.47596153846153844 0.015625 0.10336538461538461
2 0.7584134615384616 0.4795673076923077 0.01201923076923077 0.109375
2 0.7752403846153846 0.47475961538461536 0.015625 0.10336538461538461