1 0.036057692307692304 0.5564903846153846 0.07211538461538461 0.11778846153846154
1 0.18990384615384615 0.5444711538461539 0.05048076923076923 0.06610576923076923
1 0.19230769230769232 0.5444711538461539 0.05048076923076923 0.052884615384615384
1 0.26802884615384615 0.5384615384615384 0.038461538461538464 0.04447115384615385
7 0.27163461538461536 0.28725961538461536 0.021634615384615384 0.078125
6 0.27163461538461536 0.2764423076923077 0.019230769230769232 0.04326923076923077
1 0.39302884615384615 0.5324519230769231 0.03485576923076923 0.04447115384615385
4 0.3894230769230769 0.30408653846153844 0.018028846153846152 0.037259615384615384
4 0.39302884615384615 0.28725961538461536 0.019230769230769232 0.06009615384615385
1 0.4326923076923077 0.5300480769230769 0.027644230769230768 0.040865384615384616
1 0.4879807692307692 0.5396634615384616 0.027644230769230768 0.056490384615384616
4 0.49759615384615385 0.30528846153846156 0.028846153846153848 0.07451923076923077
4 0.4951923076923077 0.31850961538461536 0.019230769230769232 0.040865384615384616
1 0.5324519230769231 0.5528846153846154 0.09375 0.10096153846153846
1 0.5853365384615384 0.5324519230769231 0.02403846153846154 0.05889423076923077
1 0.6081730769230769 0.5372596153846154 0.03125 0.06610576923076923
1 0.6490384615384616 0.5396634615384616 0.06850961538461539 0.06610576923076923
1 0.6478365384615384 0.5420673076923077 0.06490384615384616 0.055288461538461536
1 0.7007211538461539 0.4206730769230769 0.019230769230769232 0.07211538461538461
4 0.7007211538461539 0.4375 0.021634615384615384 0.03485576923076923
1 0.7608173076923077 0.5456730769230769 0.13701923076923078 0.11538461538461539