1 0.8617788461538461 0.53125 0.20552884615384615 0.19951923076923078
1 0.14182692307692307 0.5240384615384616 0.23798076923076922 0.22596153846153846
1 0.13822115384615385 0.5180288461538461 0.20072115384615385 0.22235576923076922
1 0.2860576923076923 0.49759615384615385 0.11177884615384616 0.12860576923076922
1 0.28846153846153844 0.4963942307692308 0.10576923076923077 0.11899038461538461
1 0.35096153846153844 0.49158653846153844 0.04326923076923077 0.09375
1 0.3557692307692308 0.48677884615384615 0.037259615384615384 0.09615384615384616
10 0.6490384615384616 0.4230769230769231 0.09615384615384616 0.2439903846153846
10 0.6225961538461539 0.4182692307692308 0.04326923076923077 0.2439903846153846
1 0.7091346153846154 0.42788461538461536 0.14302884615384615 0.20552884615384615
10 0.7163461538461539 0.44350961538461536 0.14423076923076922 0.2403846153846154