1 0.08774038461538461 0.4987980769230769 0.13822115384615385 0.09615384615384616
1 0.09014423076923077 0.49278846153846156 0.12259615384615384 0.078125
1 0.31490384615384615 0.48677884615384615 0.021634615384615384 0.04927884615384615
1 0.3557692307692308 0.5120192307692307 0.07451923076923077 0.09375
1 0.4014423076923077 0.5036057692307693 0.040865384615384616 0.0625
1 0.44350961538461536 0.5 0.04326923076923077 0.05048076923076923
1 0.4963942307692308 0.5024038461538461 0.05048076923076923 0.0625
1 0.49759615384615385 0.5 0.04326923076923077 0.052884615384615384
1 0.6658653846153846 0.5048076923076923 0.04927884615384615 0.0625
1 0.6634615384615384 0.5084134615384616 0.040865384615384616 0.0625
1 0.7259615384615384 0.5252403846153846 0.09735576923076923 0.10697115384615384
1 0.7223557692307693 0.5240384615384616 0.07572115384615384 0.07451923076923077
1 0.8942307692307693 0.5685096153846154 0.2091346153846154 0.2692307692307692
1 0.8942307692307693 0.5540865384615384 0.20673076923076922 0.19951923076923078