0 0.03125 0.5552884615384616 0.0625 0.19110576923076922
2 0.07091346153846154 0.5721153846153846 0.08774038461538461 0.23798076923076922
2 0.13221153846153846 0.5444711538461539 0.021634615384615384 0.07451923076923077
2 0.16346153846153846 0.5384615384615384 0.018028846153846152 0.08052884615384616
2 0.16346153846153846 0.5432692307692307 0.015625 0.07572115384615384
1 0.33052884615384615 0.6526442307692307 0.33052884615384615 0.41586538461538464
7 0.2800480769230769 0.2764423076923077 0.019230769230769232 0.06490384615384616
6 0.3894230769230769 0.2860576923076923 0.019230769230769232 0.07211538461538461
0 0.5108173076923077 0.5480769230769231 0.09735576923076923 0.18389423076923078
1 0.6021634615384616 0.5228365384615384 0.2403846153846154 0.13822115384615385
6 0.5637019230769231 0.40865384615384615 0.021634615384615384 0.06490384615384616
0 0.6766826923076923 0.5216346153846154 0.12139423076923077 0.20072115384615385
2 0.6778846153846154 0.4879807692307692 0.021634615384615384 0.046875