1 0.09134615384615384 0.6021634615384616 0.1814903846153846 0.34975961538461536
2 0.20673076923076922 0.5372596153846154 0.009615384615384616 0.03365384615384615
1 0.32091346153846156 0.5540865384615384 0.08653846153846154 0.08774038461538461
1 0.36538461538461536 0.5276442307692307 0.027644230769230768 0.0625
1 0.36778846153846156 0.5372596153846154 0.025240384615384616 0.06971153846153846
1 0.4182692307692308 0.546875 0.109375 0.1502403846153846
6 0.44471153846153844 0.4098557692307692 0.013221153846153846 0.03125
6 0.44350961538461536 0.41225961538461536 0.01201923076923077 0.03365384615384615
1 0.4735576923076923 0.5384615384615384 0.028846153846153848 0.06610576923076923
6 0.5444711538461539 0.46634615384615385 0.009615384615384616 0.025240384615384616
2 0.6213942307692307 0.5204326923076923 0.01201923076923077 0.052884615384615384