1 0.05048076923076923 0.5372596153846154 0.10096153846153846 0.17067307692307693
1 0.19110576923076922 0.53125 0.18389423076923078 0.2127403846153846
6 0.2536057692307692 0.3317307692307692 0.019230769230769232 0.03125
7 0.2536057692307692 0.3401442307692308 0.018028846153846152 0.046875
1 0.4831730769230769 0.6418269230769231 0.38822115384615385 0.46274038461538464
7 0.31009615384615385 0.3317307692307692 0.019230769230769232 0.052884615384615384
1 0.31971153846153844 0.49399038461538464 0.040865384615384616 0.04326923076923077
6 0.31009615384615385 0.32572115384615385 0.019230769230769232 0.03125
6 0.390625 0.33653846153846156 0.015625 0.04447115384615385
6 0.45072115384615385 0.3329326923076923 0.021634615384615384 0.046875
6 0.5697115384615384 0.39302884615384615 0.019230769230769232 0.03485576923076923
1 0.8353365384615384 0.5144230769230769 0.13701923076923078 0.16826923076923078