1 0.38461538461538464 0.5168269230769231 0.013221153846153846 0.019230769230769232
10 0.06850961538461539 0.5276442307692307 0.1346153846153846 0.09134615384615384
3 0.3605769230769231 0.21033653846153846 0.025240384615384616 0.08413461538461539
1 0.42427884615384615 0.5192307692307693 0.04447115384615385 0.04447115384615385
4 0.5973557692307693 0.36658653846153844 0.027644230769230768 0.08052884615384616
2 0.7211538461538461 0.5228365384615384 0.03365384615384615 0.10697115384615384
2 0.7199519230769231 0.5216346153846154 0.025240384615384616 0.11899038461538461
2 0.7439903846153846 0.5204326923076923 0.03485576923076923 0.11538461538461539
2 0.7463942307692307 0.5228365384615384 0.028846153846153848 0.12139423076923077
2 0.8653846153846154 0.5480769230769231 0.08173076923076923 0.24759615384615385
4 0.9711538461538461 0.08052884615384616 0.055288461538461536 0.15865384615384615