1 0.025240384615384616 0.5853365384615384 0.05048076923076923 0.09975961538461539
1 0.12740384615384615 0.5913461538461539 0.09615384615384616 0.09014423076923077
1 0.12980769230769232 0.5817307692307693 0.09134615384615384 0.09615384615384616
1 0.21033653846153846 0.5588942307692307 0.06490384615384616 0.09014423076923077
1 0.21394230769230768 0.5649038461538461 0.06009615384615385 0.07211538461538461
1 0.27524038461538464 0.5492788461538461 0.06610576923076923 0.09014423076923077
1 0.2764423076923077 0.5552884615384616 0.06009615384615385 0.09014423076923077
10 0.33413461538461536 0.5336538461538461 0.078125 0.038461538461538464
1 0.3401442307692308 0.5480769230769231 0.019230769230769232 0.027644230769230768
1 0.41346153846153844 0.5793269230769231 0.125 0.1658653846153846
2 0.6947115384615384 0.48197115384615385 0.015625 0.06009615384615385
2 0.6983173076923077 0.4735576923076923 0.015625 0.056490384615384616