1 0.5829326923076923 0.4855769230769231 0.038461538461538464 0.021634615384615384
1 0.39302884615384615 0.5048076923076923 0.04447115384615385 0.037259615384615384
1 0.5108173076923077 0.49399038461538464 0.078125 0.04447115384615385
1 0.2776442307692308 0.5060096153846154 0.056490384615384616 0.04447115384615385
1 0.31490384615384615 0.5024038461538461 0.07572115384615384 0.046875
1 0.9567307692307693 0.6069711538461539 0.08173076923076923 0.28846153846153844
1 0.1935096153846154 0.5384615384615384 0.09014423076923077 0.078125
6 0.29927884615384615 0.4519230769230769 0.009615384615384616 0.028846153846153848
1 0.42908653846153844 0.5024038461538461 0.052884615384615384 0.06971153846153846
6 0.4723557692307692 0.4326923076923077 0.019230769230769232 0.055288461538461536
6 0.4723557692307692 0.43028846153846156 0.015625 0.03365384615384615
0 0.5192307692307693 0.5192307692307693 0.019230769230769232 0.11298076923076923
1 0.6586538461538461 0.5096153846153846 0.11899038461538461 0.1346153846153846