1 0.06610576923076923 0.5228365384615384 0.13221153846153846 0.25240384615384615
1 0.22355769230769232 0.5132211538461539 0.15625 0.15865384615384615
1 0.22716346153846154 0.5036057692307693 0.14423076923076922 0.14302884615384615
1 0.31490384615384615 0.49759615384615385 0.06009615384615385 0.10336538461538461
1 0.32211538461538464 0.49759615384615385 0.0625 0.12139423076923077
1 0.5949519230769231 0.47596153846153844 0.03365384615384615 0.0625
10 0.6213942307692307 0.44471153846153844 0.03365384615384615 0.14903846153846154
10 0.6454326923076923 0.40625 0.06490384615384616 0.30528846153846156
10 0.6670673076923077 0.39903846153846156 0.09615384615384616 0.28125
10 0.7860576923076923 0.4266826923076923 0.2091346153846154 0.31971153846153844
1 0.7848557692307693 0.4206730769230769 0.20072115384615385 0.29927884615384615