0 0.6550480769230769 0.4963942307692308 0.009615384615384616 0.03365384615384615
3 0.07091346153846154 0.08533653846153846 0.109375 0.15625
1 0.140625 0.5180288461538461 0.1814903846153846 0.1466346153846154
10 0.25600961538461536 0.47115384615384615 0.10336538461538461 0.08173076923076923
1 0.33653846153846156 0.5132211538461539 0.08413461538461539 0.08653846153846154
1 0.3293269230769231 0.5180288461538461 0.06971153846153846 0.078125
1 0.41586538461538464 0.49759615384615385 0.05048076923076923 0.04326923076923077
1 0.4483173076923077 0.49399038461538464 0.03485576923076923 0.03125
1 0.47716346153846156 0.4963942307692308 0.03485576923076923 0.038461538461538464
1 0.48197115384615385 0.5 0.02403846153846154 0.03365384615384615
3 0.5697115384615384 0.028846153846153848 0.025240384615384616 0.056490384615384616
3 0.5661057692307693 0.3605769230769231 0.013221153846153846 0.05048076923076923
3 0.6526442307692307 0.3557692307692308 0.015625 0.040865384615384616
1 0.7211538461538461 0.5060096153846154 0.07211538461538461 0.09134615384615384
4 0.7259615384615384 0.41346153846153844 0.015625 0.046875
1 0.7692307692307693 0.5012019230769231 0.037259615384615384 0.09134615384615384
1 0.8269230769230769 0.5084134615384616 0.13221153846153846 0.14302884615384615
3 0.8004807692307693 0.07451923076923077 0.025240384615384616 0.09134615384615384
1 0.9435096153846154 0.5108173076923077 0.09615384615384616 0.12860576923076922