6 0.29927884615384615 0.3798076923076923 0.013221153846153846 0.028846153846153848
6 0.30528846153846156 0.38341346153846156 0.019230769230769232 0.04927884615384615
1 0.3641826923076923 0.48197115384615385 0.027644230769230768 0.038461538461538464
1 0.4338942307692308 0.4735576923076923 0.038461538461538464 0.037259615384615384
1 0.4387019230769231 0.4735576923076923 0.037259615384615384 0.037259615384615384
6 0.46033653846153844 0.3004807692307692 0.019230769230769232 0.04927884615384615
6 0.4579326923076923 0.296875 0.013221153846153846 0.028846153846153848
1 0.4723557692307692 0.47115384615384615 0.028846153846153848 0.028846153846153848
1 0.5757211538461539 0.4519230769230769 0.109375 0.07572115384615384
6 0.5625 0.36658653846153844 0.013221153846153846 0.027644230769230768
6 0.5649038461538461 0.37740384615384615 0.015625 0.04447115384615385
6 0.6418269230769231 0.3004807692307692 0.03365384615384615 0.09134615384615384
6 0.6430288461538461 0.27524038461538464 0.019230769230769232 0.038461538461538464