1 0.055288461538461536 0.5336538461538461 0.037259615384615384 0.038461538461538464
1 0.8713942307692307 0.5132211538461539 0.2536057692307692 0.1875
1 0.24278846153846154 0.5120192307692307 0.10697115384615384 0.11177884615384616
1 0.3125 0.5012019230769231 0.055288461538461536 0.0625
1 0.35216346153846156 0.4951923076923077 0.03125 0.056490384615384616
1 0.34975961538461536 0.49399038461538464 0.025240384615384616 0.04447115384615385
6 0.39302884615384615 0.4170673076923077 0.013221153846153846 0.04326923076923077
1 0.4326923076923077 0.48677884615384615 0.028846153846153848 0.03485576923076923
4 0.44591346153846156 0.38100961538461536 0.015625 0.04326923076923077
4 0.5480769230769231 0.4338942307692308 0.019230769230769232 0.04326923076923077
4 0.5456730769230769 0.43990384615384615 0.013221153846153846 0.028846153846153848
4 0.5913461538461539 0.42427884615384615 0.015625 0.038461538461538464