1 0.10576923076923077 0.5600961538461539 0.125 0.17548076923076922
1 0.15264423076923078 0.5288461538461539 0.10576923076923077 0.1466346153846154
1 0.21394230769230768 0.5384615384615384 0.05048076923076923 0.09014423076923077
1 0.24639423076923078 0.5336538461538461 0.03365384615384615 0.05889423076923077
1 0.2704326923076923 0.5276442307692307 0.055288461538461536 0.078125
1 0.27283653846153844 0.53125 0.040865384615384616 0.0625
1 0.3076923076923077 0.5216346153846154 0.04447115384615385 0.06971153846153846
1 0.30649038461538464 0.5228365384615384 0.038461538461538464 0.05889423076923077
1 0.36778846153846156 0.5252403846153846 0.038461538461538464 0.05889423076923077
1 0.3701923076923077 0.5264423076923077 0.03365384615384615 0.038461538461538464
6 0.38341346153846156 0.41346153846153844 0.007211538461538462 0.02403846153846154
1 0.42427884615384615 0.5192307692307693 0.04927884615384615 0.0625
1 0.515625 0.5240384615384616 0.05048076923076923 0.06490384615384616
1 0.5625 0.5084134615384616 0.055288461538461536 0.08774038461538461
1 0.5637019230769231 0.5180288461538461 0.037259615384615384 0.07211538461538461
1 0.5805288461538461 0.5252403846153846 0.02403846153846154 0.06490384615384616
6 0.5829326923076923 0.43509615384615385 0.015625 0.038461538461538464
1 0.6069711538461539 0.5228365384615384 0.04447115384615385 0.07211538461538461
1 0.6394230769230769 0.5336538461538461 0.09014423076923077 0.09134615384615384
1 0.6382211538461539 0.53125 0.07572115384615384 0.078125
1 0.8569711538461539 0.5685096153846154 0.24278846153846154 0.21153846153846154