1 0.11057692307692307 0.5492788461538461 0.056490384615384616 0.06610576923076923
1 0.18870192307692307 0.5552884615384616 0.10576923076923077 0.09014423076923077
1 0.2620192307692308 0.53125 0.05889423076923077 0.07211538461538461
1 0.2956730769230769 0.5372596153846154 0.037259615384615384 0.06490384615384616
1 0.33413461538461536 0.5420673076923077 0.06009615384615385 0.06971153846153846
6 0.31490384615384615 0.44471153846153844 0.015625 0.03365384615384615
6 0.35096153846153844 0.4266826923076923 0.018028846153846152 0.04326923076923077
1 0.40625 0.5396634615384616 0.07211538461538461 0.09375
4 0.39302884615384615 0.4098557692307692 0.019230769230769232 0.040865384615384616
4 0.3954326923076923 0.40865384615384615 0.018028846153846152 0.046875
1 0.6490384615384616 0.5048076923076923 0.056490384615384616 0.055288461538461536
1 0.6766826923076923 0.5216346153846154 0.038461538461538464 0.09975961538461539
1 0.7247596153846154 0.5108173076923077 0.07211538461538461 0.078125
1 0.8473557692307693 0.5024038461538461 0.13701923076923078 0.140625
1 0.8509615384615384 0.5048076923076923 0.07572115384615384 0.09014423076923077