1 0.0733173076923077 0.6213942307692307 0.1466346153846154 0.390625
0 0.4987980769230769 0.5372596153846154 0.025240384615384616 0.08774038461538461
4 0.3173076923076923 0.25721153846153844 0.021634615384615384 0.06009615384615385
1 0.4098557692307692 0.5372596153846154 0.06009615384615385 0.08774038461538461
4 0.42427884615384615 0.2764423076923077 0.018028846153846152 0.06490384615384616
1 0.45072115384615385 0.5264423076923077 0.028846153846153848 0.040865384615384616
4 0.5420673076923077 0.3918269230769231 0.019230769230769232 0.05048076923076923
0 0.5841346153846154 0.5180288461538461 0.027644230769230768 0.09615384615384616
2 0.5865384615384616 0.5120192307692307 0.021634615384615384 0.06490384615384616
4 0.6430288461538461 0.27283653846153844 0.040865384615384616 0.125
4 0.6466346153846154 0.27403846153846156 0.027644230769230768 0.11538461538461539