4 0.27524038461538464 0.4387019230769231 0.018028846153846152 0.038461538461538464
2 0.35697115384615385 0.46634615384615385 0.03485576923076923 0.037259615384615384
2 0.40865384615384615 0.49759615384615385 0.021634615384615384 0.08173076923076923
2 0.41586538461538464 0.4951923076923077 0.019230769230769232 0.08052884615384616
5 0.4495192307692308 0.4182692307692308 0.015625 0.038461538461538464
4 0.45072115384615385 0.4230769230769231 0.018028846153846152 0.03365384615384615
1 0.5516826923076923 0.49759615384615385 0.03485576923076923 0.06009615384615385
1 0.5516826923076923 0.4963942307692308 0.025240384615384616 0.03485576923076923
4 0.6009615384615384 0.42427884615384615 0.013221153846153846 0.040865384615384616
4 0.6045673076923077 0.41947115384615385 0.019230769230769232 0.03485576923076923
1 0.7680288461538461 0.4879807692307692 0.09735576923076923 0.056490384615384616
1 0.7692307692307693 0.49038461538461536 0.09615384615384616 0.046875
2 0.8521634615384616 0.49759615384615385 0.02403846153846154 0.13221153846153846
2 0.8545673076923077 0.5024038461538461 0.025240384615384616 0.1310096153846154