1 0.03485576923076923 0.6274038461538461 0.06971153846153846 0.1346153846153846
1 0.1346153846153846 0.5817307692307693 0.11177884615384616 0.11899038461538461
1 0.20432692307692307 0.5697115384615384 0.04447115384615385 0.09134615384615384
2 0.25 0.5637019230769231 0.018028846153846152 0.07572115384615384
2 0.26322115384615385 0.5612980769230769 0.01201923076923077 0.08653846153846154
6 0.265625 0.47596153846153844 0.009615384615384616 0.028846153846153848
2 0.27884615384615385 0.5576923076923077 0.018028846153846152 0.078125
2 0.35336538461538464 0.5480769230769231 0.018028846153846152 0.07572115384615384
2 0.4483173076923077 0.5480769230769231 0.019230769230769232 0.08413461538461539
1 0.5132211538461539 0.5637019230769231 0.05048076923076923 0.10697115384615384
6 0.5036057692307693 0.46033653846153844 0.013221153846153846 0.05048076923076923
1 0.5516826923076923 0.5733173076923077 0.056490384615384616 0.13701923076923078
1 0.5913461538461539 0.5997596153846154 0.06610576923076923 0.16826923076923078
1 0.8100961538461539 0.6430288461538461 0.375 0.36899038461538464