2 0.0673076923076923 0.5444711538461539 0.018028846153846152 0.08173076923076923
2 0.06971153846153846 0.5456730769230769 0.021634615384615384 0.08653846153846154
1 0.12259615384615384 0.5540865384615384 0.08052884615384616 0.10336538461538461
1 0.22716346153846154 0.5492788461538461 0.08052884615384616 0.11899038461538461
1 0.2824519230769231 0.5288461538461539 0.021634615384615384 0.04927884615384615
1 0.4014423076923077 0.5132211538461539 0.018028846153846152 0.04326923076923077
1 0.43509615384615385 0.5204326923076923 0.055288461538461536 0.06610576923076923
2 0.49038461538461536 0.5132211538461539 0.025240384615384616 0.10697115384615384
2 0.4879807692307692 0.5240384615384616 0.019230769230769232 0.11538461538461539
2 0.5168269230769231 0.5144230769230769 0.018028846153846152 0.12740384615384615
2 0.5769230769230769 0.4987980769230769 0.02403846153846154 0.09615384615384616
3 0.5805288461538461 0.3088942307692308 0.028846153846153848 0.09375
2 0.5817307692307693 0.5072115384615384 0.018028846153846152 0.10336538461538461
2 0.5997596153846154 0.49759615384615385 0.021634615384615384 0.09615384615384616
2 0.5997596153846154 0.4963942307692308 0.018028846153846152 0.10576923076923077
2 0.6177884615384616 0.49759615384615385 0.021634615384615384 0.11177884615384616
2 0.8329326923076923 0.49759615384615385 0.025240384615384616 0.14423076923076922
2 0.8353365384615384 0.49278846153846156 0.025240384615384616 0.15264423076923078
2 0.8341346153846154 0.49038461538461536 0.018028846153846152 0.1466346153846154
2 0.84375 0.47115384615384615 0.025240384615384616 0.13701923076923078
2 0.8509615384615384 0.49759615384615385 0.028846153846153848 0.14903846153846154
2 0.8798076923076923 0.49038461538461536 0.03125 0.16346153846153846
2 0.9158653846153846 0.48197115384615385 0.019230769230769232 0.1346153846153846
2 0.9182692307692307 0.4807692307692308 0.018028846153846152 0.15384615384615385
2 0.9266826923076923 0.4855769230769231 0.015625 0.15264423076923078
2 0.9375 0.49038461538461536 0.03125 0.18389423076923078
2 0.9350961538461539 0.4807692307692308 0.025240384615384616 0.14423076923076922