2 0.6935096153846154 0.4855769230769231 0.03125 0.08653846153846154
1 0.051682692307692304 0.5168269230769231 0.08052884615384616 0.08052884615384616
6 0.04927884615384615 0.43990384615384615 0.019230769230769232 0.04326923076923077
1 0.10817307692307693 0.5120192307692307 0.03485576923076923 0.056490384615384616
1 0.15384615384615385 0.5024038461538461 0.03485576923076923 0.05048076923076923
6 0.18870192307692307 0.3557692307692308 0.019230769230769232 0.037259615384615384
1 0.27403846153846156 0.49759615384615385 0.06009615384615385 0.078125
6 0.25600961538461536 0.3581730769230769 0.019230769230769232 0.03365384615384615
6 0.33653846153846156 0.4266826923076923 0.015625 0.03125
1 0.43149038461538464 0.5180288461538461 0.1778846153846154 0.26322115384615385
1 0.5588942307692307 0.5132211538461539 0.11538461538461539 0.12740384615384615
6 0.5288461538461539 0.38341346153846156 0.03365384615384615 0.06009615384615385
1 0.7067307692307693 0.5612980769230769 0.1346153846153846 0.19110576923076922
1 0.8810096153846154 0.5600961538461539 0.234375 0.39302884615384615