1 0.9086538461538461 0.6033653846153846 0.18028846153846154 0.27884615384615385
1 0.16466346153846154 0.5913461538461539 0.31850961538461536 0.3004807692307692
1 0.31971153846153844 0.515625 0.06490384615384616 0.08653846153846154
1 0.3713942307692308 0.5072115384615384 0.04447115384615385 0.055288461538461536
1 0.3713942307692308 0.5120192307692307 0.038461538461538464 0.06009615384615385
1 0.40384615384615385 0.49759615384615385 0.021634615384615384 0.05048076923076923
1 0.5757211538461539 0.4951923076923077 0.025240384615384616 0.052884615384615384
1 0.59375 0.5024038461538461 0.019230769230769232 0.04927884615384615
1 0.6310096153846154 0.5120192307692307 0.06610576923076923 0.07451923076923077
1 0.625 0.5120192307692307 0.040865384615384616 0.08413461538461539
1 0.6983173076923077 0.5288461538461539 0.11899038461538461 0.1310096153846154
1 0.7019230769230769 0.5276442307692307 0.12259615384615384 0.10096153846153846