1 0.038461538461538464 0.6358173076923077 0.07572115384615384 0.265625
1 0.15504807692307693 0.6009615384615384 0.16346153846153846 0.1658653846153846
1 0.23677884615384615 0.5552884615384616 0.06009615384615385 0.08413461538461539
1 0.23557692307692307 0.5540865384615384 0.05889423076923077 0.078125
1 0.27884615384615385 0.5516826923076923 0.037259615384615384 0.05048076923076923
1 0.30649038461538464 0.5444711538461539 0.027644230769230768 0.046875
1 0.3233173076923077 0.5432692307692307 0.027644230769230768 0.04326923076923077
1 0.39663461538461536 0.53125 0.021634615384615384 0.027644230769230768
1 0.4855769230769231 0.5324519230769231 0.04326923076923077 0.08774038461538461
1 0.5012019230769231 0.5637019230769231 0.037259615384615384 0.10697115384615384
1 0.546875 0.5673076923076923 0.08653846153846154 0.11899038461538461
1 0.5420673076923077 0.5709134615384616 0.07451923076923077 0.12259615384615384
1 0.6274038461538461 0.6057692307692307 0.16346153846153846 0.16826923076923078