1 0.11057692307692307 0.5925480769230769 0.22115384615384615 0.38822115384615385
1 0.27884615384615385 0.4807692307692308 0.09615384615384616 0.09615384615384616
1 0.35697115384615385 0.49278846153846156 0.078125 0.08774038461538461
7 0.37740384615384615 0.3641826923076923 0.01201923076923077 0.03485576923076923
1 0.42788461538461536 0.47836538461538464 0.038461538461538464 0.056490384615384616
4 0.4362980769230769 0.3629807692307692 0.013221153846153846 0.037259615384615384
4 0.47716346153846156 0.3713942307692308 0.013221153846153846 0.03125
1 0.4879807692307692 0.4795673076923077 0.03485576923076923 0.055288461538461536
10 0.5192307692307693 0.4567307692307692 0.027644230769230768 0.04927884615384615
4 0.5576923076923077 0.41947115384615385 0.013221153846153846 0.037259615384615384
1 0.6081730769230769 0.49158653846153844 0.08173076923076923 0.09615384615384616
4 0.5829326923076923 0.40625 0.021634615384615384 0.05048076923076923
4 0.5805288461538461 0.40625 0.013221153846153846 0.03485576923076923
1 0.6141826923076923 0.4951923076923077 0.07211538461538461 0.06971153846153846