1 0.06009615384615385 0.5528846153846154 0.10336538461538461 0.10576923076923077
10 0.17427884615384615 0.5288461538461539 0.09735576923076923 0.1346153846153846
7 0.26802884615384615 0.40625 0.028846153846153848 0.08052884615384616
1 0.36177884615384615 0.5132211538461539 0.052884615384615384 0.08653846153846154
1 0.38461538461538464 0.484375 0.027644230769230768 0.021634615384615384
1 0.40625 0.5012019230769231 0.03365384615384615 0.04927884615384615
1 0.41586538461538464 0.47475961538461536 0.02403846153846154 0.028846153846153848
1 0.47596153846153844 0.5228365384615384 0.07211538461538461 0.10576923076923077
1 0.5252403846153846 0.49759615384615385 0.037259615384615384 0.03125
1 0.5673076923076923 0.5 0.055288461538461536 0.06490384615384616
1 0.6466346153846154 0.5192307692307693 0.06971153846153846 0.06610576923076923
4 0.6382211538461539 0.20673076923076922 0.025240384615384616 0.08052884615384616
1 0.7475961538461539 0.5372596153846154 0.10336538461538461 0.08052884615384616
4 0.8545673076923077 0.37740384615384615 0.018028846153846152 0.06490384615384616
2 0.8617788461538461 0.5180288461538461 0.019230769230769232 0.09134615384615384