2 0.02403846153846154 0.5841346153846154 0.046875 0.24278846153846154
1 0.07451923076923077 0.5480769230769231 0.14903846153846154 0.14302884615384615
2 0.15504807692307693 0.5432692307692307 0.021634615384615384 0.07451923076923077
1 0.33052884615384615 0.6526442307692307 0.33052884615384615 0.41346153846153844
7 0.2800480769230769 0.2764423076923077 0.019230769230769232 0.0625
6 0.3894230769230769 0.2860576923076923 0.019230769230769232 0.07211538461538461
0 0.4987980769230769 0.5420673076923077 0.09735576923076923 0.16947115384615385
6 0.5637019230769231 0.40865384615384615 0.021634615384615384 0.0625
0 0.6274038461538461 0.5240384615384616 0.05048076923076923 0.09134615384615384
0 0.6754807692307693 0.5492788461538461 0.11298076923076923 0.1814903846153846
0 0.8569711538461539 0.5300480769230769 0.12139423076923077 0.19951923076923078