7 0.09615384615384616 0.24278846153846154 0.019230769230769232 0.06610576923076923
4 0.20072115384615385 0.21634615384615385 0.021634615384615384 0.07211538461538461
1 0.015625 0.5552884615384616 0.028846153846153848 0.09615384615384616
1 0.07692307692307693 0.5600961538461539 0.052884615384615384 0.06971153846153846
1 0.13701923076923078 0.5444711538461539 0.09014423076923077 0.09134615384615384
1 0.33413461538461536 0.5372596153846154 0.109375 0.15384615384615385
4 0.30408653846153844 0.23918269230769232 0.025240384615384616 0.08173076923076923
4 0.30288461538461536 0.23918269230769232 0.019230769230769232 0.078125
4 0.47115384615384615 0.37259615384615385 0.027644230769230768 0.078125
4 0.4735576923076923 0.38822115384615385 0.018028846153846152 0.05048076923076923
1 0.6478365384615384 0.5240384615384616 0.12860576923076922 0.11778846153846154
1 0.7644230769230769 0.5168269230769231 0.16346153846153846 0.11778846153846154
1 0.8473557692307693 0.4963942307692308 0.08774038461538461 0.08173076923076923