10 0.07692307692307693 0.4855769230769231 0.109375 0.15625
1 0.14903846153846154 0.5540865384615384 0.08774038461538461 0.09375
10 0.20072115384615385 0.5048076923076923 0.109375 0.140625
1 0.2127403846153846 0.5072115384615384 0.08052884615384616 0.15625
1 0.31850961538461536 0.5877403846153846 0.203125 0.24639423076923078
10 0.39903846153846156 0.5084134615384616 0.12259615384615384 0.19471153846153846
1 0.43509615384615385 0.5180288461538461 0.07211538461538461 0.2692307692307692
1 0.49759615384615385 0.53125 0.04326923076923077 0.06610576923076923
1 0.5384615384615384 0.5240384615384616 0.04927884615384615 0.1310096153846154
1 0.5649038461538461 0.5192307692307693 0.08653846153846154 0.12860576923076922
1 0.6225961538461539 0.5504807692307693 0.1466346153846154 0.15865384615384615
10 0.7223557692307693 0.47596153846153844 0.11899038461538461 0.18990384615384615
1 0.7259615384615384 0.47596153846153844 0.08774038461538461 0.14903846153846154