1 0.05048076923076923 0.5925480769230769 0.10096153846153846 0.21875
1 0.2668269230769231 0.5420673076923077 0.05889423076923077 0.06610576923076923
1 0.265625 0.5444711538461539 0.055288461538461536 0.06490384615384616
1 0.32091346153846156 0.5264423076923077 0.03125 0.040865384615384616
1 0.3233173076923077 0.5252403846153846 0.03125 0.038461538461538464
1 0.42427884615384615 0.5120192307692307 0.037259615384615384 0.046875
1 0.4266826923076923 0.5072115384615384 0.03365384615384615 0.040865384615384616
0 0.45913461538461536 0.5180288461538461 0.021634615384615384 0.06009615384615385
0 0.45913461538461536 0.5192307692307693 0.015625 0.0625
1 0.5300480769230769 0.5168269230769231 0.04326923076923077 0.046875
1 0.6189903846153846 0.5 0.09375 0.06009615384615385
1 0.7091346153846154 0.5060096153846154 0.1310096153846154 0.10096153846153846
1 0.7391826923076923 0.5060096153846154 0.09735576923076923 0.09615384615384616
1 0.8329326923076923 0.4855769230769231 0.08774038461538461 0.06490384615384616