1 0.1935096153846154 0.4987980769230769 0.2127403846153846 0.29447115384615385
1 0.19471153846153846 0.5048076923076923 0.1935096153846154 0.25600961538461536
1 0.30528846153846156 0.5072115384615384 0.08052884615384616 0.15985576923076922
1 0.3112980769230769 0.49759615384615385 0.06610576923076923 0.15985576923076922
1 0.37259615384615385 0.4807692307692308 0.10096153846153846 0.10096153846153846
7 0.4014423076923077 0.3161057692307692 0.018028846153846152 0.05048076923076923
7 0.40384615384615385 0.31009615384615385 0.021634615384615384 0.038461538461538464
6 0.47716346153846156 0.31490384615384615 0.021634615384615384 0.028846153846153848
6 0.47596153846153844 0.32572115384615385 0.013221153846153846 0.038461538461538464
6 0.5913461538461539 0.38100961538461536 0.018028846153846152 0.03485576923076923
6 0.5961538461538461 0.3858173076923077 0.015625 0.04447115384615385
1 0.8521634615384616 0.5132211538461539 0.26322115384615385 0.28125
1 0.8581730769230769 0.5192307692307693 0.2536057692307692 0.23798076923076922
6 0.8341346153846154 0.2439903846153846 0.03485576923076923 0.08774038461538461
3 0.8401442307692307 0.2644230769230769 0.03125 0.09014423076923077