1 0.30528846153846156 0.5925480769230769 0.2848557692307692 0.4026442307692308
6 0.43509615384615385 0.46875 0.013221153846153846 0.03485576923076923
1 0.45072115384615385 0.5649038461538461 0.028846153846153848 0.16346153846153846
1 0.5180288461538461 0.5096153846153846 0.03365384615384615 0.05048076923076923
4 0.5745192307692307 0.36658653846153844 0.021634615384615384 0.05048076923076923
4 0.5757211538461539 0.38341346153846156 0.013221153846153846 0.05048076923076923
1 0.6069711538461539 0.5132211538461539 0.02403846153846154 0.037259615384615384
4 0.6658653846153846 0.44350961538461536 0.013221153846153846 0.037259615384615384
4 0.6670673076923077 0.4543269230769231 0.009615384615384616 0.038461538461538464
1 0.9483173076923077 0.49759615384615385 0.09735576923076923 0.06610576923076923
4 0.9194711538461539 0.37259615384615385 0.015625 0.046875
4 0.9194711538461539 0.38341346153846156 0.01201923076923077 0.05048076923076923
1 0.9567307692307693 0.49038461538461536 0.08413461538461539 0.09014423076923077