2 0.8617788461538461 0.5576923076923077 0.07451923076923077 0.34615384615384615
2 0.7427884615384616 0.5588942307692307 0.055288461538461536 0.234375
2 0.06490384615384616 0.6009615384615384 0.015625 0.04447115384615385
2 0.07572115384615384 0.6069711538461539 0.01201923076923077 0.05048076923076923
1 0.30528846153846156 0.5841346153846154 0.052884615384615384 0.055288461538461536
2 0.3112980769230769 0.5805288461538461 0.04326923076923077 0.055288461538461536
2 0.48197115384615385 0.5612980769230769 0.027644230769230768 0.08052884615384616
2 0.5 0.5540865384615384 0.018028846153846152 0.08774038461538461
2 0.5168269230769231 0.5564903846153846 0.025240384615384616 0.09375
2 0.5180288461538461 0.5600961538461539 0.021634615384615384 0.09134615384615384
2 0.6911057692307693 0.5600961538461539 0.04927884615384615 0.23798076923076922
2 0.6971153846153846 0.5540865384615384 0.040865384615384616 0.24278846153846154