10 0.1778846153846154 0.2800480769230769 0.3557692307692308 0.5600961538461539
2 0.20072115384615385 0.5132211538461539 0.04326923076923077 0.171875
10 0.27163461538461536 0.5096153846153846 0.1814903846153846 0.16947115384615385
2 0.20432692307692307 0.5240384615384616 0.04326923076923077 0.15384615384615385
2 0.29927884615384615 0.5096153846153846 0.027644230769230768 0.1346153846153846
2 0.30288461538461536 0.5144230769230769 0.027644230769230768 0.109375
1 0.45913461538461536 0.5144230769230769 0.05048076923076923 0.07211538461538461
1 0.5492788461538461 0.5108173076923077 0.09014423076923077 0.12860576923076922
3 0.5192307692307693 0.43149038461538464 0.019230769230769232 0.046875
1 0.6141826923076923 0.5252403846153846 0.03365384615384615 0.078125
1 0.6225961538461539 0.5204326923076923 0.028846153846153848 0.06850961538461539
1 0.6574519230769231 0.53125 0.08052884615384616 0.08173076923076923
1 0.6586538461538461 0.5276442307692307 0.08052884615384616 0.08774038461538461
10 0.8557692307692307 0.4675480769230769 0.2848557692307692 0.765625