6 0.09014423076923077 0.31009615384615385 0.025240384615384616 0.08173076923076923
2 0.11298076923076923 0.49759615384615385 0.021634615384615384 0.078125
1 0.4807692307692308 0.49278846153846156 0.028846153846153848 0.04927884615384615
1 0.5432692307692307 0.49158653846153844 0.040865384615384616 0.08052884615384616
1 0.5384615384615384 0.4879807692307692 0.018028846153846152 0.056490384615384616
1 0.5721153846153846 0.5060096153846154 0.046875 0.078125
1 0.5697115384615384 0.49759615384615385 0.037259615384615384 0.046875
1 0.6117788461538461 0.5036057692307693 0.06610576923076923 0.07572115384615384
6 0.6153846153846154 0.27884615384615385 0.02403846153846154 0.08774038461538461
2 0.6189903846153846 0.515625 0.028846153846153848 0.10096153846153846
2 0.9182692307692307 0.484375 0.03485576923076923 0.15625
2 0.9266826923076923 0.49278846153846156 0.038461538461538464 0.15625