1 0.03485576923076923 0.43149038461538464 0.06971153846153846 0.08052884615384616
1 0.04567307692307692 0.49399038461538464 0.09134615384615384 0.09615384615384616
1 0.13221153846153846 0.47596153846153844 0.08052884615384616 0.06850961538461539
1 0.23798076923076922 0.47596153846153844 0.08653846153846154 0.0625
6 0.41947115384615385 0.4362980769230769 0.01201923076923077 0.02403846153846154
1 0.5144230769230769 0.49759615384615385 0.055288461538461536 0.09615384615384616
6 0.49759615384615385 0.4026442307692308 0.013221153846153846 0.028846153846153848
1 0.6586538461538461 0.49759615384615385 0.056490384615384616 0.0625
1 0.7596153846153846 0.53125 0.11177884615384616 0.10697115384615384
1 0.8617788461538461 0.5132211538461539 0.07572115384615384 0.07451923076923077
1 0.9254807692307693 0.5084134615384616 0.052884615384615384 0.06610576923076923