1 0.014423076923076924 0.5829326923076923 0.028846153846153848 0.14302884615384615
10 0.07572115384615384 0.5024038461538461 0.10697115384615384 0.08653846153846154
1 0.09375 0.5757211538461539 0.13822115384615385 0.1778846153846154
1 0.2848557692307692 0.5925480769230769 0.32211538461538464 0.4254807692307692
7 0.31850961538461536 0.3317307692307692 0.018028846153846152 0.05048076923076923
6 0.41466346153846156 0.32572115384615385 0.013221153846153846 0.038461538461538464
6 0.49278846153846156 0.3269230769230769 0.013221153846153846 0.046875
2 0.5504807692307693 0.5288461538461539 0.013221153846153846 0.06971153846153846
1 0.6382211538461539 0.5372596153846154 0.06850961538461539 0.06610576923076923
1 0.7403846153846154 0.578125 0.20072115384615385 0.21153846153846154
6 0.6802884615384616 0.41466346153846156 0.013221153846153846 0.04326923076923077
1 0.8617788461538461 0.5180288461538461 0.12259615384615384 0.09014423076923077
6 0.9314903846153846 0.24759615384615385 0.038461538461538464 0.12259615384615384
2 0.9639423076923077 0.5396634615384616 0.03485576923076923 0.11778846153846154