0 0.021634615384615384 0.5480769230769231 0.03365384615384615 0.08774038461538461
0 0.019230769230769232 0.5432692307692307 0.019230769230769232 0.06971153846153846
2 0.06009615384615385 0.5372596153846154 0.021634615384615384 0.06610576923076923
1 0.12379807692307693 0.53125 0.09375 0.09975961538461539
10 0.12740384615384615 0.5288461538461539 0.09375 0.08774038461538461
1 0.20192307692307693 0.5384615384615384 0.07572115384615384 0.06610576923076923
1 0.20072115384615385 0.5060096153846154 0.06610576923076923 0.038461538461538464
10 0.20072115384615385 0.5144230769230769 0.056490384615384616 0.05048076923076923
10 0.29086538461538464 0.48197115384615385 0.109375 0.17548076923076922
7 0.42427884615384615 0.31971153846153844 0.019230769230769232 0.055288461538461536
1 0.5444711538461539 0.5288461538461539 0.16826923076923078 0.09975961538461539
6 0.5 0.3173076923076923 0.021634615384615384 0.0625
6 0.6442307692307693 0.41225961538461536 0.021634615384615384 0.06490384615384616