1 0.04326923076923077 0.5661057692307693 0.08413461538461539 0.06490384615384616
10 0.25240384615384615 0.5276442307692307 0.03125 0.040865384615384616
1 0.25721153846153844 0.5336538461538461 0.03365384615384615 0.055288461538461536
1 0.2704326923076923 0.5348557692307693 0.03125 0.027644230769230768
1 0.27403846153846156 0.5396634615384616 0.03125 0.037259615384615384
1 0.30528846153846156 0.5288461538461539 0.021634615384615384 0.018028846153846152
1 0.3269230769230769 0.5252403846153846 0.025240384615384616 0.028846153846153848
1 0.34615384615384615 0.5276442307692307 0.025240384615384616 0.04927884615384615
1 0.37259615384615385 0.5276442307692307 0.04326923076923077 0.06490384615384616
7 0.3581730769230769 0.45552884615384615 0.01201923076923077 0.025240384615384616
1 0.3954326923076923 0.5204326923076923 0.027644230769230768 0.03125
1 0.4266826923076923 0.5456730769230769 0.07451923076923077 0.08173076923076923
4 0.39903846153846156 0.44591346153846156 0.009615384615384616 0.02403846153846154