2 0.9519230769230769 0.4495192307692308 0.027644230769230768 0.09735576923076923
2 0.7860576923076923 0.4831730769230769 0.027644230769230768 0.12860576923076922
2 0.020432692307692308 0.5480769230769231 0.018028846153846152 0.10096153846153846
2 0.03485576923076923 0.5697115384615384 0.018028846153846152 0.052884615384615384
2 0.055288461538461536 0.5480769230769231 0.025240384615384616 0.12860576923076922
2 0.056490384615384616 0.5444711538461539 0.028846153846153848 0.11298076923076923
2 0.0829326923076923 0.5480769230769231 0.019230769230769232 0.09375
1 0.12740384615384615 0.5552884615384616 0.078125 0.08173076923076923
1 0.22716346153846154 0.5444711538461539 0.08413461538461539 0.09375
1 0.2824519230769231 0.5288461538461539 0.03125 0.06490384615384616
1 0.31009615384615385 0.5192307692307693 0.028846153846153848 0.06490384615384616
1 0.5901442307692307 0.5841346153846154 0.47836538461538464 0.29927884615384615
1 0.43509615384615385 0.5204326923076923 0.05048076923076923 0.05889423076923077
3 0.5817307692307693 0.3137019230769231 0.025240384615384616 0.09615384615384616
2 0.7644230769230769 0.4879807692307692 0.019230769230769232 0.11899038461538461
1 0.9278846153846154 0.5180288461538461 0.14302884615384615 0.15985576923076922
2 0.9855769230769231 0.4807692307692308 0.025240384615384616 0.1622596153846154