1 0.09254807692307693 0.5817307692307693 0.18389423076923078 0.25
1 0.2848557692307692 0.5384615384615384 0.04447115384615385 0.04326923076923077
1 0.28966346153846156 0.5384615384615384 0.03485576923076923 0.046875
1 0.32572115384615385 0.5456730769230769 0.056490384615384616 0.08653846153846154
1 0.3269230769230769 0.5444711538461539 0.056490384615384616 0.06850961538461539
10 0.4050480769230769 0.5096153846153846 0.09975961538461539 0.21634615384615385
1 0.5132211538461539 0.5360576923076923 0.05048076923076923 0.06850961538461539
1 0.6286057692307693 0.5192307692307693 0.037259615384615384 0.052884615384615384
4 0.6538461538461539 0.39302884615384615 0.03365384615384615 0.06971153846153846
4 0.6586538461538461 0.39783653846153844 0.03125 0.07211538461538461
1 0.6826923076923077 0.5144230769230769 0.06971153846153846 0.0625
1 0.8137019230769231 0.5096153846153846 0.09975961538461539 0.06009615384615385