1 0.9615384615384616 0.625 0.07211538461538461 0.31971153846153844
1 0.028846153846153848 0.6814903846153846 0.056490384615384616 0.47596153846153844
1 0.05048076923076923 0.578125 0.10096153846153846 0.19471153846153846
1 0.20552884615384615 0.5420673076923077 0.14423076923076922 0.1346153846153846
1 0.20793269230769232 0.5324519230769231 0.12740384615384615 0.14903846153846154
1 0.3076923076923077 0.5192307692307693 0.078125 0.09735576923076923
1 0.4206730769230769 0.49759615384615385 0.040865384615384616 0.046875
1 0.5516826923076923 0.49278846153846156 0.040865384615384616 0.04927884615384615
1 0.6057692307692307 0.5096153846153846 0.021634615384615384 0.078125
1 0.6574519230769231 0.5132211538461539 0.09735576923076923 0.12139423076923077
1 0.8521634615384616 0.5432692307692307 0.2439903846153846 0.25961538461538464