1 0.021634615384615384 0.5865384615384616 0.04326923076923077 0.125
1 0.8930288461538461 0.609375 0.2127403846153846 0.43990384615384615
1 0.09615384615384616 0.5612980769230769 0.11177884615384616 0.12139423076923077
1 0.1778846153846154 0.5576923076923077 0.0625 0.08653846153846154
1 0.17908653846153846 0.5588942307692307 0.06009615384615385 0.078125
1 0.21514423076923078 0.5552884615384616 0.04326923076923077 0.08173076923076923
1 0.24158653846153846 0.5516826923076923 0.038461538461538464 0.06971153846153846
1 0.27163461538461536 0.5420673076923077 0.040865384615384616 0.06971153846153846
1 0.38822115384615385 0.5336538461538461 0.04447115384615385 0.040865384615384616
1 0.42427884615384615 0.5228365384615384 0.03365384615384615 0.04927884615384615
1 0.5697115384615384 0.5372596153846154 0.04326923076923077 0.09134615384615384
1 0.6165865384615384 0.5492788461538461 0.08774038461538461 0.10336538461538461
1 0.7199519230769231 0.5817307692307693 0.14302884615384615 0.22235576923076922