7 0.22596153846153846 0.48197115384615385 0.025240384615384616 0.06009615384615385
1 0.2692307692307692 0.5252403846153846 0.04447115384615385 0.06610576923076923
1 0.27163461538461536 0.53125 0.040865384615384616 0.06009615384615385
1 0.31850961538461536 0.53125 0.04326923076923077 0.05048076923076923
1 0.31971153846153844 0.5252403846153846 0.037259615384615384 0.038461538461538464
4 0.4326923076923077 0.38221153846153844 0.019230769230769232 0.055288461538461536
4 0.4326923076923077 0.390625 0.019230769230769232 0.055288461538461536
4 0.5420673076923077 0.4375 0.019230769230769232 0.0625
4 0.5408653846153846 0.4362980769230769 0.015625 0.046875
1 0.6850961538461539 0.5216346153846154 0.06971153846153846 0.06971153846153846
1 0.6826923076923077 0.5264423076923077 0.06490384615384616 0.06009615384615385
4 0.6790865384615384 0.38822115384615385 0.018028846153846152 0.06971153846153846