1 0.025240384615384616 0.5685096153846154 0.05048076923076923 0.06971153846153846
1 0.171875 0.5649038461538461 0.09375 0.11177884615384616
1 0.22956730769230768 0.5588942307692307 0.05048076923076923 0.06971153846153846
1 0.28846153846153844 0.5372596153846154 0.037259615384615384 0.05048076923076923
1 0.35096153846153844 0.5336538461538461 0.08774038461538461 0.06610576923076923
1 0.41947115384615385 0.515625 0.027644230769230768 0.03485576923076923
1 0.5036057692307693 0.5408653846153846 0.03125 0.07572115384615384
2 0.6237980769230769 0.5096153846153846 0.027644230769230768 0.09375
2 0.6262019230769231 0.5192307692307693 0.03125 0.10576923076923077
2 0.7211538461538461 0.5372596153846154 0.04326923076923077 0.15384615384615385
2 0.9254807692307693 0.6394230769230769 0.1466346153846154 0.6802884615384616
2 0.9266826923076923 0.6430288461538461 0.14302884615384615 0.6694711538461539