1 0.009615384615384616 0.6370192307692307 0.019230769230769232 0.14423076923076922
2 0.12980769230769232 0.5444711538461539 0.019230769230769232 0.09134615384615384
2 0.1502403846153846 0.5432692307692307 0.019230769230769232 0.09014423076923077
2 0.22956730769230768 0.5444711538461539 0.018028846153846152 0.07211538461538461
1 0.27283653846153844 0.5552884615384616 0.05889423076923077 0.08052884615384616
1 0.3076923076923077 0.5432692307692307 0.025240384615384616 0.06490384615384616
1 0.37740384615384615 0.5228365384615384 0.037259615384615384 0.038461538461538464
1 0.4519230769230769 0.53125 0.07211538461538461 0.09735576923076923
1 0.49399038461538464 0.5216346153846154 0.02403846153846154 0.040865384615384616
1 0.5540865384615384 0.5336538461538461 0.06490384615384616 0.078125
1 0.6262019230769231 0.5552884615384616 0.09975961538461539 0.1310096153846154
1 0.6057692307692307 0.5637019230769231 0.05048076923076923 0.1346153846153846
1 0.6875 0.5805288461538461 0.12259615384615384 0.20552884615384615
1 0.8485576923076923 0.6634615384615384 0.3004807692307692 0.43149038461538464