0 0.9194711538461539 0.5132211538461539 0.05889423076923077 0.08653846153846154
1 0.19110576923076922 0.5372596153846154 0.07211538461538461 0.06610576923076923
1 0.11298076923076923 0.5444711538461539 0.09615384615384616 0.11177884615384616
1 0.26802884615384615 0.5300480769230769 0.06009615384615385 0.056490384615384616
1 0.32211538461538464 0.5348557692307693 0.11177884615384616 0.06610576923076923
1 0.5504807692307693 0.5612980769230769 0.31850961538461536 0.1778846153846154
7 0.4230769230769231 0.31971153846153844 0.019230769230769232 0.06490384615384616
6 0.4987980769230769 0.3173076923076923 0.025240384615384616 0.06610576923076923
10 0.5288461538461539 0.44591346153846156 0.07451923076923077 0.08774038461538461
6 0.6442307692307693 0.41466346153846156 0.027644230769230768 0.06971153846153846
1 0.9399038461538461 0.7199519230769231 0.11298076923076923 0.5336538461538461