1 0.22716346153846154 0.5240384615384616 0.04927884615384615 0.055288461538461536
7 0.3004807692307692 0.29927884615384615 0.019230769230769232 0.06009615384615385
7 0.3004807692307692 0.2956730769230769 0.013221153846153846 0.04326923076923077
1 0.38341346153846156 0.5793269230769231 0.1778846153846154 0.2247596153846154
6 0.39783653846153844 0.30288461538461536 0.018028846153846152 0.04447115384615385
2 0.5552884615384616 0.5108173076923077 0.027644230769230768 0.07572115384615384
6 0.5492788461538461 0.41225961538461536 0.013221153846153846 0.040865384615384616
2 0.5528846153846154 0.5120192307692307 0.015625 0.06610576923076923
0 0.6490384615384616 0.5132211538461539 0.028846153846153848 0.08413461538461539
0 0.6478365384615384 0.5120192307692307 0.019230769230769232 0.06610576923076923
0 0.7403846153846154 0.5072115384615384 0.06490384615384616 0.09134615384615384
0 0.7367788461538461 0.5072115384615384 0.037259615384615384 0.07451923076923077
1 0.8100961538461539 0.5096153846153846 0.12139423076923077 0.078125
6 0.796875 0.13822115384615385 0.04447115384615385 0.16947115384615385
6 0.7944711538461539 0.13581730769230768 0.03365384615384615 0.1622596153846154
2 0.890625 0.5276442307692307 0.06009615384615385 0.18509615384615385
2 0.8846153846153846 0.53125 0.03125 0.16826923076923078
1 0.9399038461538461 0.4963942307692308 0.08774038461538461 0.07211538461538461