6 0.026442307692307692 0.4495192307692308 0.018028846153846152 0.04326923076923077
1 0.11658653846153846 0.5048076923076923 0.07451923076923077 0.06009615384615385
6 0.15865384615384615 0.3701923076923077 0.019230769230769232 0.037259615384615384
7 0.16105769230769232 0.37740384615384615 0.019230769230769232 0.04326923076923077
1 0.20432692307692307 0.5 0.040865384615384616 0.055288461538461536
6 0.21634615384615385 0.37740384615384615 0.019230769230769232 0.03365384615384615
6 0.22115384615384615 0.38221153846153844 0.015625 0.04326923076923077
1 0.2536057692307692 0.5084134615384616 0.06009615384615385 0.06610576923076923
1 0.25961538461538464 0.5072115384615384 0.04326923076923077 0.06610576923076923
6 0.29927884615384615 0.43990384615384615 0.015625 0.05048076923076923
6 0.3004807692307692 0.4338942307692308 0.015625 0.03125
1 0.31009615384615385 0.49759615384615385 0.027644230769230768 0.06490384615384616
1 0.3401442307692308 0.49759615384615385 0.04927884615384615 0.08052884615384616
1 0.3401442307692308 0.49399038461538464 0.04447115384615385 0.06610576923076923
1 0.40024038461538464 0.5084134615384616 0.12860576923076922 0.19951923076923078
1 0.5048076923076923 0.5180288461538461 0.09134615384615384 0.09375
1 0.5973557692307693 0.5396634615384616 0.08173076923076923 0.12740384615384615
1 0.7536057692307693 0.5264423076923077 0.24639423076923078 0.23076923076923078
1 0.7115384615384616 0.5396634615384616 0.15985576923076922 0.2439903846153846
1 0.8930288461538461 0.5769230769230769 0.2127403846153846 0.34975961538461536