2 0.8016826923076923 0.5192307692307693 0.02403846153846154 0.07211538461538461
1 0.025240384615384616 0.5733173076923077 0.05048076923076923 0.052884615384615384
4 0.23197115384615385 0.3088942307692308 0.038461538461538464 0.12259615384615384
4 0.23677884615384615 0.3161057692307692 0.037259615384615384 0.11778846153846154
3 0.33052884615384615 0.4074519230769231 0.021634615384615384 0.078125
4 0.33052884615384615 0.42427884615384615 0.015625 0.05048076923076923
1 0.41346153846153844 0.5276442307692307 0.05048076923076923 0.06850961538461539
1 0.4639423076923077 0.5276442307692307 0.015625 0.025240384615384616
1 0.4795673076923077 0.5240384615384616 0.03365384615384615 0.038461538461538464
1 0.5168269230769231 0.5180288461538461 0.0625 0.08413461538461539
4 0.49759615384615385 0.29086538461538464 0.015625 0.06610576923076923
3 0.5 0.28846153846153844 0.019230769230769232 0.05889423076923077
3 0.6069711538461539 0.27403846153846156 0.021634615384615384 0.06009615384615385
4 0.6117788461538461 0.2764423076923077 0.021634615384615384 0.06610576923076923