1 0.12139423076923077 0.5865384615384616 0.16346153846153846 0.14423076923076922
1 0.14302884615384615 0.6009615384615384 0.11778846153846154 0.18990384615384615
1 0.13701923076923078 0.5072115384615384 0.06610576923076923 0.06850961538461539
1 0.23197115384615385 0.5504807692307693 0.03365384615384615 0.04326923076923077
7 0.3245192307692308 0.33052884615384615 0.02403846153846154 0.046875
1 0.32572115384615385 0.5480769230769231 0.028846153846153848 0.05048076923076923
7 0.3245192307692308 0.33413461538461536 0.015625 0.04927884615384615
4 0.41947115384615385 0.3317307692307692 0.021634615384615384 0.04927884615384615
4 0.41947115384615385 0.34134615384615385 0.019230769230769232 0.046875
4 0.5649038461538461 0.42427884615384615 0.025240384615384616 0.05048076923076923
4 0.5649038461538461 0.43149038461538464 0.018028846153846152 0.046875
1 0.6971153846153846 0.5264423076923077 0.03125 0.056490384615384616
1 0.7764423076923077 0.5144230769230769 0.14302884615384615 0.09375
1 0.7764423076923077 0.5072115384615384 0.1346153846153846 0.07211538461538461
4 0.7740384615384616 0.29447115384615385 0.027644230769230768 0.11778846153846154
4 0.7752403846153846 0.3233173076923077 0.028846153846153848 0.05048076923076923
1 0.8653846153846154 0.5132211538461539 0.04927884615384615 0.06971153846153846
1 0.8677884615384616 0.5168269230769231 0.04326923076923077 0.06490384615384616