2 0.04807692307692308 0.5492788461538461 0.027644230769230768 0.08413461538461539
2 0.046875 0.5444711538461539 0.021634615384615384 0.08052884615384616
1 0.12259615384615384 0.5540865384615384 0.08052884615384616 0.10336538461538461
1 0.22716346153846154 0.5492788461538461 0.08052884615384616 0.11899038461538461
1 0.2824519230769231 0.5288461538461539 0.021634615384615384 0.04927884615384615
1 0.4014423076923077 0.5132211538461539 0.018028846153846152 0.04326923076923077
1 0.43509615384615385 0.5204326923076923 0.055288461538461536 0.06610576923076923
2 0.5108173076923077 0.5084134615384616 0.021634615384615384 0.10336538461538461
2 0.5108173076923077 0.5228365384615384 0.019230769230769232 0.11538461538461539
2 0.5288461538461539 0.5132211538461539 0.018028846153846152 0.11899038461538461
3 0.5805288461538461 0.31009615384615385 0.028846153846153848 0.09615384615384616
2 0.5973557692307693 0.5072115384615384 0.019230769230769232 0.11177884615384616
2 0.6009615384615384 0.49759615384615385 0.018028846153846152 0.10336538461538461
2 0.6177884615384616 0.4963942307692308 0.018028846153846152 0.10576923076923077
2 0.6177884615384616 0.5024038461538461 0.019230769230769232 0.10697115384615384
2 0.6382211538461539 0.49759615384615385 0.021634615384615384 0.11177884615384616
2 0.8377403846153846 0.4963942307692308 0.027644230769230768 0.14423076923076922
2 0.8377403846153846 0.4891826923076923 0.025240384615384616 0.14423076923076922
2 0.8461538461538461 0.48197115384615385 0.02403846153846154 0.15264423076923078
2 0.8473557692307693 0.4795673076923077 0.021634615384615384 0.1346153846153846
2 0.8822115384615384 0.49759615384615385 0.028846153846153848 0.14903846153846154
2 0.8870192307692307 0.49158653846153844 0.03125 0.16346153846153846
2 0.9290865384615384 0.47475961538461536 0.03125 0.140625
2 0.9242788461538461 0.47716346153846156 0.021634615384615384 0.15264423076923078
2 0.9723557692307693 0.4831730769230769 0.03125 0.18389423076923078
2 0.9711538461538461 0.47716346153846156 0.025240384615384616 0.14423076923076922