2 0.08052884615384616 0.5288461538461539 0.015625 0.056490384615384616
2 0.09735576923076923 0.5252403846153846 0.013221153846153846 0.040865384615384616
2 0.10697115384615384 0.5216346153846154 0.019230769230769232 0.05048076923076923
1 0.13942307692307693 0.5264423076923077 0.03485576923076923 0.040865384615384616
1 0.36778846153846156 0.5649038461538461 0.11899038461538461 0.1622596153846154
1 0.45072115384615385 0.5168269230769231 0.046875 0.04326923076923077
1 0.49759615384615385 0.5288461538461539 0.03125 0.056490384615384616
1 0.5612980769230769 0.5336538461538461 0.09975961538461539 0.08774038461538461
2 0.6670673076923077 0.5108173076923077 0.025240384615384616 0.078125
2 0.6983173076923077 0.5096153846153846 0.019230769230769232 0.08413461538461539
2 0.7319711538461539 0.5240384615384616 0.03485576923076923 0.1814903846153846
2 0.8329326923076923 0.4951923076923077 0.018028846153846152 0.027644230769230768
2 0.8461538461538461 0.4963942307692308 0.01201923076923077 0.03125
2 0.8725961538461539 0.5 0.019230769230769232 0.04326923076923077