1 0.06610576923076923 0.49278846153846156 0.10576923076923077 0.10697115384615384
1 0.07211538461538461 0.4951923076923077 0.10697115384615384 0.08653846153846154
7 0.17668269230769232 0.41466346153846156 0.02403846153846154 0.056490384615384616
1 0.38822115384615385 0.48677884615384615 0.08052884615384616 0.12139423076923077
3 0.41346153846153844 0.3701923076923077 0.015625 0.037259615384615384
1 0.4495192307692308 0.4855769230769231 0.038461538461538464 0.0625
1 0.4483173076923077 0.4855769230769231 0.027644230769230768 0.038461538461538464
1 0.5024038461538461 0.5084134615384616 0.08052884615384616 0.10096153846153846
6 0.4891826923076923 0.33413461538461536 0.013221153846153846 0.05048076923076923
1 0.59375 0.5060096153846154 0.04927884615384615 0.08774038461538461
1 0.6057692307692307 0.5072115384615384 0.06490384615384616 0.08413461538461539
6 0.5973557692307693 0.41346153846153844 0.013221153846153846 0.040865384615384616
1 0.6754807692307693 0.515625 0.12259615384615384 0.125
6 0.6947115384615384 0.3786057692307692 0.021634615384615384 0.040865384615384616
6 0.6971153846153846 0.3894230769230769 0.02403846153846154 0.05889423076923077
1 0.7427884615384616 0.5072115384615384 0.040865384615384616 0.04927884615384615
1 0.7415865384615384 0.4651442307692308 0.037259615384615384 0.03365384615384615
2 0.7956730769230769 0.4951923076923077 0.03125 0.09014423076923077
2 0.7980769230769231 0.4987980769230769 0.028846153846153848 0.08173076923076923
1 0.8930288461538461 0.5649038461538461 0.2091346153846154 0.45072115384615385