1 0.18269230769230768 0.6201923076923077 0.36538461538461536 0.609375
7 0.34615384615384615 0.43149038461538464 0.019230769230769232 0.06610576923076923
1 0.40865384615384615 0.5901442307692307 0.10576923076923077 0.23677884615384615
6 0.47475961538461536 0.35336538461538464 0.015625 0.046875
1 0.5108173076923077 0.5372596153846154 0.03125 0.038461538461538464
6 0.5240384615384616 0.43028846153846156 0.018028846153846152 0.052884615384615384
6 0.7055288461538461 0.31850961538461536 0.040865384615384616 0.11899038461538461
2 0.7271634615384616 0.5168269230769231 0.015625 0.052884615384615384
2 0.7331730769230769 0.5264423076923077 0.021634615384615384 0.07572115384615384
1 0.9038461538461539 0.53125 0.11177884615384616 0.109375
1 0.8689903846153846 0.5540865384615384 0.04326923076923077 0.06971153846153846
1 0.9399038461538461 0.5372596153846154 0.10697115384615384 0.11177884615384616
1 0.9266826923076923 0.5504807692307693 0.06610576923076923 0.08653846153846154
1 0.9759615384615384 0.5348557692307693 0.046875 0.11298076923076923