1 0.06129807692307692 0.6069711538461539 0.12259615384615384 0.12860576923076922
1 0.16947115384615385 0.5769230769230769 0.10697115384615384 0.125
1 0.2439903846153846 0.5709134615384616 0.052884615384615384 0.09375
2 0.22716346153846154 0.5252403846153846 0.009615384615384616 0.025240384615384616
1 0.2776442307692308 0.5564903846153846 0.037259615384615384 0.07451923076923077
1 0.29927884615384615 0.5432692307692307 0.018028846153846152 0.07572115384615384
1 0.34375 0.5540865384615384 0.06850961538461539 0.08653846153846154
1 0.40384615384615385 0.5276442307692307 0.02403846153846154 0.03125
1 0.5012019230769231 0.5288461538461539 0.03485576923076923 0.08653846153846154
1 0.5408653846153846 0.5625 0.02403846153846154 0.12139423076923077
1 0.5661057692307693 0.5709134615384616 0.05048076923076923 0.16346153846153846
1 0.6177884615384616 0.5865384615384616 0.09014423076923077 0.23677884615384615
1 0.8161057692307693 0.6466346153846154 0.3629807692307692 0.6274038461538461