1 0.03485576923076923 0.5649038461538461 0.06971153846153846 0.07572115384615384
1 0.06971153846153846 0.5480769230769231 0.04326923076923077 0.04447115384615385
1 0.14783653846153846 0.546875 0.04447115384615385 0.056490384615384616
1 0.18629807692307693 0.546875 0.027644230769230768 0.046875
1 0.20432692307692307 0.5444711538461539 0.03365384615384615 0.038461538461538464
1 0.3918269230769231 0.5432692307692307 0.09375 0.12860576923076922
7 0.38341346153846156 0.4675480769230769 0.019230769230769232 0.028846153846153848
7 0.38221153846153844 0.47475961538461536 0.01201923076923077 0.03365384615384615
1 0.4423076923076923 0.5360576923076923 0.037259615384615384 0.08653846153846154
6 0.44471153846153844 0.43149038461538464 0.015625 0.038461538461538464
6 0.44471153846153844 0.43509615384615385 0.009615384615384616 0.028846153846153848
6 0.47115384615384615 0.47475961538461536 0.013221153846153846 0.04927884615384615
6 0.47115384615384615 0.47475961538461536 0.009615384615384616 0.028846153846153848
1 0.5192307692307693 0.5120192307692307 0.06009615384615385 0.056490384615384616
6 0.5132211538461539 0.4567307692307692 0.025240384615384616 0.05889423076923077
6 0.5108173076923077 0.453125 0.009615384615384616 0.037259615384615384
1 0.5709134615384616 0.5408653846153846 0.09134615384615384 0.10096153846153846
1 0.6153846153846154 0.5120192307692307 0.046875 0.0625
1 0.7091346153846154 0.5492788461538461 0.18389423076923078 0.22235576923076922