7 0.16947115384615385 0.3786057692307692 0.02403846153846154 0.06490384615384616
7 0.17427884615384615 0.37740384615384615 0.015625 0.04326923076923077
0 0.27884615384615385 0.4699519230769231 0.019230769230769232 0.0625
1 0.32572115384615385 0.4699519230769231 0.05048076923076923 0.056490384615384616
1 0.3713942307692308 0.47596153846153844 0.037259615384615384 0.046875
1 0.3713942307692308 0.46875 0.03485576923076923 0.056490384615384616
1 0.41225961538461536 0.4723557692307692 0.04927884615384615 0.0625
6 0.4651442307692308 0.28966346153846156 0.01201923076923077 0.05048076923076923
6 0.4675480769230769 0.29447115384615385 0.015625 0.040865384615384616
1 0.6021634615384616 0.49278846153846156 0.14903846153846154 0.078125
6 0.5360576923076923 0.296875 0.013221153846153846 0.05048076923076923
6 0.5384615384615384 0.28966346153846156 0.013221153846153846 0.06009615384615385
6 0.609375 0.3004807692307692 0.018028846153846152 0.038461538461538464
6 0.6081730769230769 0.30528846153846156 0.015625 0.04447115384615385
6 0.7439903846153846 0.38822115384615385 0.015625 0.05048076923076923
6 0.7463942307692307 0.38822115384615385 0.013221153846153846 0.038461538461538464
1 0.9014423076923077 0.46274038461538464 0.06610576923076923 0.04447115384615385
1 0.9038461538461539 0.46634615384615385 0.056490384615384616 0.06610576923076923
1 0.9831730769230769 0.49038461538461536 0.027644230769230768 0.0625
1 0.9855769230769231 0.49158653846153844 0.025240384615384616 0.0625