2 0.5288461538461539 0.5132211538461539 0.018028846153846152 0.05048076923076923
2 0.5456730769230769 0.5144230769230769 0.013221153846153846 0.06009615384615385
1 0.1201923076923077 0.5408653846153846 0.078125 0.08173076923076923
1 0.17908653846153846 0.5396634615384616 0.046875 0.06610576923076923
1 0.33052884615384615 0.6538461538461539 0.33052884615384615 0.42427884615384615
7 0.2800480769230769 0.2776442307692308 0.021634615384615384 0.06610576923076923
6 0.3894230769230769 0.28725961538461536 0.021634615384615384 0.07451923076923077
0 0.5096153846153846 0.5300480769230769 0.03365384615384615 0.07451923076923077
6 0.5637019230769231 0.4110576923076923 0.025240384615384616 0.06610576923076923
1 0.6310096153846154 0.5372596153846154 0.15384615384615385 0.09134615384615384
0 0.6634615384615384 0.5108173076923077 0.021634615384615384 0.055288461538461536
1 0.8028846153846154 0.5252403846153846 0.1778846153846154 0.12259615384615384
2 0.9230769230769231 0.5456730769230769 0.08052884615384616 0.21514423076923078
2 0.9230769230769231 0.5492788461538461 0.07451923076923077 0.21634615384615385