1 0.08052884615384616 0.5564903846153846 0.052884615384615384 0.055288461538461536
1 0.15264423076923078 0.5576923076923077 0.09975961538461539 0.11778846153846154
1 0.22596153846153846 0.5420673076923077 0.056490384615384616 0.08052884615384616
2 0.2704326923076923 0.5348557692307693 0.018028846153846152 0.06490384615384616
1 0.3329326923076923 0.5324519230769231 0.055288461538461536 0.06850961538461539
1 0.3798076923076923 0.5408653846153846 0.07211538461538461 0.09615384615384616
7 0.4326923076923077 0.37259615384615385 0.013221153846153846 0.03485576923076923
4 0.5072115384615384 0.36658653846153844 0.013221153846153846 0.04447115384615385
1 0.5697115384615384 0.5336538461538461 0.07211538461538461 0.056490384615384616
4 0.5661057692307693 0.38341346153846156 0.015625 0.04447115384615385
4 0.7139423076923077 0.41947115384615385 0.013221153846153846 0.04326923076923077