1 0.9555288461538461 0.5612980769230769 0.08413461538461539 0.1502403846153846
1 0.04927884615384615 0.5793269230769231 0.09735576923076923 0.1502403846153846
1 0.26802884615384615 0.5300480769230769 0.06610576923076923 0.08052884615384616
1 0.35216346153846156 0.5336538461538461 0.03365384615384615 0.038461538461538464
1 0.42427884615384615 0.5444711538461539 0.06971153846153846 0.09014423076923077
4 0.4110576923076923 0.44471153846153844 0.013221153846153846 0.03365384615384615
4 0.4110576923076923 0.44711538461538464 0.01201923076923077 0.03125
4 0.4483173076923077 0.44471153846153844 0.009615384615384616 0.025240384615384616
1 0.4855769230769231 0.5300480769230769 0.028846153846153848 0.037259615384615384
1 0.6021634615384616 0.5456730769230769 0.09375 0.10096153846153846
1 0.6646634615384616 0.5324519230769231 0.06850961538461539 0.06490384615384616