2 0.057692307692307696 0.5480769230769231 0.02403846153846154 0.09735576923076923
2 0.055288461538461536 0.5540865384615384 0.018028846153846152 0.08653846153846154
2 0.078125 0.5492788461538461 0.028846153846153848 0.09615384615384616
2 0.07572115384615384 0.5492788461538461 0.015625 0.09615384615384616
1 0.11778846153846154 0.5649038461538461 0.08413461538461539 0.09014423076923077
1 0.22115384615384615 0.5540865384615384 0.09615384615384616 0.11177884615384616
1 0.27283653846153844 0.5408653846153846 0.03365384615384615 0.08653846153846154
1 0.2824519230769231 0.5288461538461539 0.03125 0.06490384615384616
1 0.30528846153846156 0.5180288461538461 0.028846153846153848 0.06490384615384616
1 0.4326923076923077 0.5192307692307693 0.04447115384615385 0.05889423076923077
3 0.5829326923076923 0.31850961538461536 0.027644230769230768 0.09615384615384616
2 0.7175480769230769 0.49759615384615385 0.03485576923076923 0.1310096153846154
2 0.7475961538461539 0.4987980769230769 0.05889423076923077 0.16346153846153846
2 0.7740384615384616 0.4987980769230769 0.028846153846153848 0.1346153846153846
2 0.8100961538461539 0.515625 0.055288461538461536 0.15264423076923078
2 0.8149038461538461 0.5024038461538461 0.05048076923076923 0.16346153846153846
2 0.8569711538461539 0.5456730769230769 0.03485576923076923 0.08774038461538461