1 0.9086538461538461 0.6358173076923077 0.18028846153846154 0.35096153846153844
1 0.04927884615384615 0.5132211538461539 0.09735576923076923 0.16346153846153846
1 0.1778846153846154 0.5060096153846154 0.09735576923076923 0.125
1 0.1778846153846154 0.5084134615384616 0.07451923076923077 0.08653846153846154
1 0.23677884615384615 0.49158653846153844 0.04326923076923077 0.07451923076923077
1 0.29927884615384615 0.5060096153846154 0.056490384615384616 0.0625
1 0.29927884615384615 0.5048076923076923 0.040865384615384616 0.038461538461538464
1 0.38221153846153844 0.5024038461538461 0.07211538461538461 0.11538461538461539
1 0.4483173076923077 0.49278846153846156 0.040865384615384616 0.0625
1 0.49759615384615385 0.49399038461538464 0.021634615384615384 0.038461538461538464
1 0.5300480769230769 0.49158653846153844 0.028846153846153848 0.038461538461538464
1 0.6165865384615384 0.5168269230769231 0.07211538461538461 0.10336538461538461
1 0.6165865384615384 0.5084134615384616 0.06009615384615385 0.07211538461538461
2 0.6502403846153846 0.5024038461538461 0.018028846153846152 0.09615384615384616
1 0.6923076923076923 0.484375 0.0625 0.08653846153846154
1 0.7680288461538461 0.5685096153846154 0.12259615384615384 0.28365384615384615
1 0.8137019230769231 0.5637019230769231 0.21514423076923078 0.21634615384615385