1 0.04567307692307692 0.5396634615384616 0.09134615384615384 0.42427884615384615
1 0.15985576923076922 0.49399038461538464 0.21514423076923078 0.23197115384615385
1 0.17668269230769232 0.5 0.1814903846153846 0.26322115384615385
7 0.14182692307692307 0.36899038461538464 0.02403846153846154 0.038461538461538464
1 0.3112980769230769 0.4411057692307692 0.04326923076923077 0.06971153846153846
1 0.31009615384615385 0.44471153846153844 0.03365384615384615 0.04927884615384615
7 0.3954326923076923 0.265625 0.021634615384615384 0.038461538461538464
7 0.39663461538461536 0.265625 0.019230769230769232 0.04927884615384615
6 0.47596153846153844 0.26802884615384615 0.021634615384615384 0.03125
6 0.47596153846153844 0.27403846153846156 0.013221153846153846 0.038461538461538464
6 0.6117788461538461 0.34615384615384615 0.018028846153846152 0.03365384615384615
6 0.6117788461538461 0.3557692307692308 0.015625 0.04447115384615385