1 0.9122596153846154 0.6117788461538461 0.171875 0.5072115384615384
1 0.04447115384615385 0.6117788461538461 0.08653846153846154 0.28725961538461536
1 0.22596153846153846 0.5132211538461539 0.10096153846153846 0.06610576923076923
1 0.29086538461538464 0.5 0.027644230769230768 0.056490384615384616
1 0.4170673076923077 0.5348557692307693 0.10336538461538461 0.140625
2 0.5108173076923077 0.5108173076923077 0.018028846153846152 0.08653846153846154
2 0.5132211538461539 0.5144230769230769 0.015625 0.078125
2 0.5300480769230769 0.515625 0.019230769230769232 0.078125
2 0.5348557692307693 0.5072115384615384 0.015625 0.07451923076923077
2 0.5973557692307693 0.5072115384615384 0.021634615384615384 0.06850961538461539
2 0.6153846153846154 0.5048076923076923 0.013221153846153846 0.09014423076923077
2 0.6358173076923077 0.5024038461538461 0.01201923076923077 0.08653846153846154
2 0.6538461538461539 0.5024038461538461 0.013221153846153846 0.08413461538461539
2 0.7884615384615384 0.5228365384615384 0.038461538461538464 0.09615384615384616