1 0.025240384615384616 0.5685096153846154 0.05048076923076923 0.06971153846153846
1 0.17307692307692307 0.5649038461538461 0.09375 0.11177884615384616
1 0.22956730769230768 0.5588942307692307 0.05048076923076923 0.06971153846153846
1 0.28846153846153844 0.5372596153846154 0.037259615384615384 0.05048076923076923
1 0.3858173076923077 0.5288461538461539 0.056490384615384616 0.0625
1 0.41947115384615385 0.515625 0.027644230769230768 0.03485576923076923
2 0.5360576923076923 0.6274038461538461 0.14423076923076922 0.6971153846153846
2 0.5396634615384616 0.6334134615384616 0.13822115384615385 0.6899038461538461
1 0.5036057692307693 0.5408653846153846 0.03125 0.07572115384615384
2 0.8401442307692307 0.6442307692307693 0.31850961538461536 0.7055288461538461
2 0.7019230769230769 0.5264423076923077 0.03485576923076923 0.12139423076923077