1 0.056490384615384616 0.53125 0.11298076923076923 0.06610576923076923
1 0.4326923076923077 0.5240384615384616 0.021634615384615384 0.046875
1 0.4567307692307692 0.5228365384615384 0.025240384615384616 0.03485576923076923
1 0.5132211538461539 0.5096153846153846 0.027644230769230768 0.037259615384615384
6 0.5540865384615384 0.38341346153846156 0.013221153846153846 0.05048076923076923
6 0.6490384615384616 0.3762019230769231 0.018028846153846152 0.05048076923076923
6 0.7271634615384616 0.4483173076923077 0.015625 0.052884615384615384
1 0.828125 0.5252403846153846 0.04447115384615385 0.046875
3 0.8533653846153846 0.04807692307692308 0.038461538461538464 0.09615384615384616
4 0.8521634615384616 0.037259615384615384 0.027644230769230768 0.07451923076923077
1 0.8737980769230769 0.5240384615384616 0.06850961538461539 0.046875
1 0.9387019230769231 0.5180288461538461 0.08774038461538461 0.040865384615384616