1 0.09615384615384616 0.3737980769230769 0.18990384615384615 0.12860576923076922
1 0.14783653846153846 0.5444711538461539 0.29086538461538464 0.28365384615384615
1 0.2764423076923077 0.46274038461538464 0.03365384615384615 0.05048076923076923
10 0.33052884615384615 0.43509615384615385 0.08413461538461539 0.12139423076923077
6 0.36899038461538464 0.39302884615384615 0.019230769230769232 0.03365384615384615
1 0.390625 0.4567307692307692 0.04326923076923077 0.06610576923076923
6 0.3942307692307692 0.39663461538461536 0.013221153846153846 0.027644230769230768
1 0.43149038461538464 0.4735576923076923 0.03125 0.04326923076923077
6 0.4338942307692308 0.3870192307692308 0.015625 0.028846153846153848
6 0.45552884615384615 0.39663461538461536 0.013221153846153846 0.037259615384615384
1 0.48197115384615385 0.4735576923076923 0.038461538461538464 0.046875
6 0.5120192307692307 0.4230769230769231 0.01201923076923077 0.027644230769230768
1 0.8834134615384616 0.4675480769230769 0.09615384615384616 0.0625
1 0.9387019230769231 0.46153846153846156 0.04326923076923077 0.06490384615384616