1 0.11899038461538461 0.5588942307692307 0.08413461538461539 0.09014423076923077
1 0.22596153846153846 0.5480769230769231 0.09134615384615384 0.109375
1 0.27524038461538464 0.5324519230769231 0.03365384615384615 0.08653846153846154
1 0.2824519230769231 0.5288461538461539 0.03125 0.06610576923076923
1 0.30528846153846156 0.5180288461538461 0.03125 0.06610576923076923
1 0.35697115384615385 0.5144230769230769 0.02403846153846154 0.04447115384615385
1 0.4338942307692308 0.515625 0.046875 0.05889423076923077
1 0.6658653846153846 0.5396634615384616 0.34615384615384615 0.21634615384615385
3 0.5817307692307693 0.3137019230769231 0.027644230769230768 0.09735576923076923
1 0.8930288461538461 0.5084134615384616 0.21153846153846154 0.16947115384615385
2 0.9855769230769231 0.47115384615384615 0.025240384615384616 0.13822115384615385