1 0.06129807692307692 0.6225961538461539 0.12259615384615384 0.30649038461538464
1 0.16346153846153846 0.5372596153846154 0.07211538461538461 0.07451923076923077
1 0.1658653846153846 0.5372596153846154 0.06610576923076923 0.06850961538461539
1 0.25240384615384615 0.5288461538461539 0.056490384615384616 0.06610576923076923
1 0.2536057692307692 0.5288461538461539 0.04927884615384615 0.0625
2 0.40024038461538464 0.5336538461538461 0.018028846153846152 0.07451923076923077
2 0.4050480769230769 0.5324519230769231 0.018028846153846152 0.05889423076923077
2 0.42427884615384615 0.5300480769230769 0.015625 0.0625
2 0.4651442307692308 0.5336538461538461 0.02403846153846154 0.06009615384615385
2 0.4855769230769231 0.5360576923076923 0.027644230769230768 0.07451923076923077
8 0.6105769230769231 0.33413461538461536 0.027644230769230768 0.05048076923076923
2 0.7211538461538461 0.5252403846153846 0.040865384615384616 0.13822115384615385
2 0.7596153846153846 0.5228365384615384 0.028846153846153848 0.14302884615384615
2 0.7644230769230769 0.5228365384615384 0.028846153846153848 0.14903846153846154