1 0.0829326923076923 0.5240384615384616 0.1658653846153846 0.1778846153846154
1 0.18629807692307693 0.49278846153846156 0.06610576923076923 0.06610576923076923
1 0.40865384615384615 0.49158653846153844 0.046875 0.05048076923076923
1 0.4098557692307692 0.49399038461538464 0.04326923076923077 0.055288461538461536
1 0.46634615384615385 0.49158653846153844 0.03485576923076923 0.04927884615384615
1 0.5360576923076923 0.4855769230769231 0.04927884615384615 0.052884615384615384
3 0.5697115384615384 0.028846153846153848 0.027644230769230768 0.056490384615384616
3 0.5661057692307693 0.3605769230769231 0.013221153846153846 0.052884615384615384
6 0.6538461538461539 0.3557692307692308 0.015625 0.040865384615384616
6 0.7259615384615384 0.4014423076923077 0.015625 0.04326923076923077
6 0.7295673076923077 0.40625 0.013221153846153846 0.027644230769230768
6 0.7992788461538461 0.07211538461538461 0.025240384615384616 0.09134615384615384
2 0.8173076923076923 0.47596153846153844 0.03125 0.08774038461538461
2 0.8185096153846154 0.47836538461538464 0.025240384615384616 0.056490384615384616
0 0.9711538461538461 0.49278846153846156 0.027644230769230768 0.10096153846153846
2 0.9771634615384616 0.47716346153846156 0.03125 0.15625
2 0.9915865384615384 0.48197115384615385 0.01201923076923077 0.08413461538461539