1 0.03365384615384615 0.5288461538461539 0.06490384615384616 0.07572115384615384
1 0.10096153846153846 0.5192307692307693 0.0625 0.04326923076923077
1 0.11057692307692307 0.5180288461538461 0.06971153846153846 0.06971153846153846
4 0.15985576923076922 0.38221153846153844 0.02403846153846154 0.0625
4 0.15865384615384615 0.38100961538461536 0.015625 0.04447115384615385
6 0.18269230769230768 0.3762019230769231 0.019230769230769232 0.055288461538461536
1 0.25841346153846156 0.5192307692307693 0.05048076923076923 0.08653846153846154
1 0.2512019230769231 0.5192307692307693 0.03485576923076923 0.07572115384615384
1 0.27403846153846156 0.5216346153846154 0.0625 0.07451923076923077
1 0.28365384615384615 0.5216346153846154 0.06610576923076923 0.09014423076923077
1 0.38221153846153844 0.5420673076923077 0.18389423076923078 0.2536057692307692
3 0.38341346153846156 0.2980769230769231 0.027644230769230768 0.07451923076923077
6 0.38100961538461536 0.2956730769230769 0.018028846153846152 0.04927884615384615
10 0.5997596153846154 0.4519230769230769 0.1971153846153846 0.31971153846153844