1 0.02283653846153846 0.5793269230769231 0.04447115384615385 0.10336538461538461
1 0.921875 0.6286057692307693 0.15264423076923078 0.35096153846153844
1 0.06971153846153846 0.5576923076923077 0.07572115384615384 0.10096153846153846
1 0.1310096153846154 0.5516826923076923 0.027644230769230768 0.03365384615384615
1 0.15985576923076922 0.5504807692307693 0.027644230769230768 0.04927884615384615
1 0.18509615384615385 0.5516826923076923 0.027644230769230768 0.04326923076923077
1 0.2247596153846154 0.5504807692307693 0.046875 0.04447115384615385
1 0.25 0.5456730769230769 0.03365384615384615 0.03485576923076923
1 0.3449519230769231 0.5516826923076923 0.109375 0.15384615384615385
1 0.41586538461538464 0.5492788461538461 0.04326923076923077 0.07211538461538461
1 0.44471153846153844 0.546875 0.03365384615384615 0.07451923076923077
1 0.4699519230769231 0.5336538461538461 0.025240384615384616 0.10096153846153846
1 0.5048076923076923 0.5372596153846154 0.05889423076923077 0.09735576923076923
1 0.5024038461538461 0.5384615384615384 0.04326923076923077 0.09975961538461539
1 0.5204326923076923 0.5540865384615384 0.046875 0.11177884615384616
1 0.5180288461538461 0.5480769230769231 0.037259615384615384 0.11177884615384616
1 0.6225961538461539 0.5444711538461539 0.17548076923076922 0.171875
1 0.6117788461538461 0.5408653846153846 0.1502403846153846 0.15264423076923078
1 0.7740384615384616 0.5757211538461539 0.23197115384615385 0.22235576923076922