1 0.03125 0.5276442307692307 0.0625 0.055288461538461536
1 0.8028846153846154 0.6490384615384616 0.390625 0.3870192307692308
3 0.06971153846153846 0.25841346153846156 0.019230769230769232 0.06850961538461539
1 0.17307692307692307 0.5228365384615384 0.04326923076923077 0.03485576923076923
1 0.21634615384615385 0.5192307692307693 0.07211538461538461 0.04927884615384615
1 0.22115384615384615 0.5288461538461539 0.05889423076923077 0.07451923076923077
1 0.3449519230769231 0.59375 0.24639423076923078 0.25961538461538464
3 0.25721153846153844 0.359375 0.019230769230769232 0.055288461538461536
3 0.3269230769230769 0.3016826923076923 0.019230769230769232 0.055288461538461536
4 0.37740384615384615 0.41225961538461536 0.01201923076923077 0.03125
4 0.4098557692307692 0.43990384615384615 0.015625 0.03365384615384615
1 0.44591346153846156 0.5072115384615384 0.025240384615384616 0.046875
1 0.4495192307692308 0.5144230769230769 0.027644230769230768 0.04326923076923077
1 0.49278846153846156 0.5192307692307693 0.028846153846153848 0.04326923076923077
4 0.5012019230769231 0.39783653846153844 0.019230769230769232 0.038461538461538464
1 0.5757211538461539 0.5288461538461539 0.06850961538461539 0.07451923076923077
4 0.7872596153846154 0.4074519230769231 0.018028846153846152 0.052884615384615384
3 0.8149038461538461 0.3557692307692308 0.018028846153846152 0.04326923076923077