1 0.056490384615384616 0.5084134615384616 0.0625 0.09975961538461539
1 0.057692307692307696 0.5144230769230769 0.056490384615384616 0.05889423076923077
6 0.09615384615384616 0.375 0.019230769230769232 0.05048076923076923
7 0.09615384615384616 0.3737980769230769 0.015625 0.038461538461538464
1 0.15865384615384615 0.5132211538461539 0.06009615384615385 0.06971153846153846
1 0.1622596153846154 0.5060096153846154 0.046875 0.04927884615384615
4 0.1658653846153846 0.3786057692307692 0.018028846153846152 0.03485576923076923
4 0.16706730769230768 0.38341346153846156 0.015625 0.037259615384615384
1 0.25240384615384615 0.4951923076923077 0.055288461538461536 0.07451923076923077
4 0.26322115384615385 0.4567307692307692 0.015625 0.040865384615384616
4 0.26322115384615385 0.4567307692307692 0.013221153846153846 0.03125
1 0.29086538461538464 0.5048076923076923 0.027644230769230768 0.04326923076923077
4 0.5348557692307693 0.3870192307692308 0.015625 0.055288461538461536
4 0.5372596153846154 0.39903846153846156 0.019230769230769232 0.037259615384615384
1 0.5540865384615384 0.48677884615384615 0.046875 0.038461538461538464
1 0.8100961538461539 0.5697115384615384 0.3401442307692308 0.34975961538461536