1 0.07572115384615384 0.5276442307692307 0.14903846153846154 0.14903846153846154
1 0.07692307692307693 0.5252403846153846 0.14423076923076922 0.14903846153846154
1 0.18870192307692307 0.5144230769230769 0.10096153846153846 0.09975961538461539
1 0.1875 0.5132211538461539 0.09615384615384616 0.11538461538461539
1 0.24759615384615385 0.5024038461538461 0.07211538461538461 0.09975961538461539
1 0.2512019230769231 0.4987980769230769 0.06490384615384616 0.08173076923076923
1 0.3425480769230769 0.4987980769230769 0.056490384615384616 0.05889423076923077
1 0.3473557692307692 0.4987980769230769 0.052884615384615384 0.06850961538461539
1 0.49759615384615385 0.5 0.078125 0.10697115384615384
1 0.5757211538461539 0.48677884615384615 0.037259615384615384 0.06610576923076923
1 0.6117788461538461 0.49759615384615385 0.06850961538461539 0.08413461538461539