1 0.06490384615384616 0.49278846153846156 0.08774038461538461 0.09375
1 0.11778846153846154 0.5228365384615384 0.1658653846153846 0.18990384615384615
7 0.25 0.3449519230769231 0.02403846153846154 0.06490384615384616
3 0.2536057692307692 0.33533653846153844 0.019230769230769232 0.05048076923076923
1 0.47716346153846156 0.6346153846153846 0.4338942307692308 0.47596153846153844
1 0.3125 0.49158653846153844 0.09014423076923077 0.13221153846153846
1 0.31850961538461536 0.49759615384615385 0.08774038461538461 0.09975961538461539
3 0.30528846153846156 0.3473557692307692 0.019230769230769232 0.05889423076923077
4 0.38461538461538464 0.34615384615384615 0.019230769230769232 0.056490384615384616
3 0.3918269230769231 0.3329326923076923 0.018028846153846152 0.046875
4 0.44471153846153844 0.35096153846153844 0.03365384615384615 0.07572115384615384
6 0.44591346153846156 0.34134615384615385 0.018028846153846152 0.04927884615384615
4 0.5697115384615384 0.41466346153846156 0.018028846153846152 0.06009615384615385
4 0.5721153846153846 0.40625 0.018028846153846152 0.04447115384615385
1 0.8257211538461539 0.4855769230769231 0.11177884615384616 0.09615384615384616
1 0.9555288461538461 0.47475961538461536 0.08413461538461539 0.07572115384615384
1 0.9579326923076923 0.47596153846153844 0.08173076923076923 0.0625