1 0.8894230769230769 0.5733173076923077 0.21634615384615385 0.23677884615384615
1 0.05048076923076923 0.49278846153846156 0.09014423076923077 0.06009615384615385
1 0.24158653846153846 0.49759615384615385 0.08173076923076923 0.04447115384615385
1 0.3125 0.4855769230769231 0.06009615384615385 0.037259615384615384
1 0.4230769230769231 0.4987980769230769 0.04326923076923077 0.04326923076923077
1 0.4230769230769231 0.5 0.03125 0.05048076923076923
1 0.4795673076923077 0.5 0.046875 0.046875
1 0.5036057692307693 0.49038461538461536 0.027644230769230768 0.040865384615384616
1 0.5360576923076923 0.484375 0.037259615384615384 0.03125
10 0.6466346153846154 0.4567307692307692 0.12259615384615384 0.17548076923076922
1 0.7704326923076923 0.5396634615384616 0.15625 0.16346153846153846
1 0.7728365384615384 0.5372596153846154 0.14302884615384615 0.14423076923076922