1 0.025240384615384616 0.5084134615384616 0.05048076923076923 0.07572115384615384
1 0.9435096153846154 0.5168269230769231 0.109375 0.24759615384615385
1 0.29447115384615385 0.5012019230769231 0.07572115384615384 0.08774038461538461
1 0.34975961538461536 0.48677884615384615 0.040865384615384616 0.04447115384615385
3 0.35096153846153844 0.33533653846153844 0.018028846153846152 0.037259615384615384
4 0.43028846153846156 0.3425480769230769 0.018028846153846152 0.040865384615384616
1 0.49158653846153844 0.5132211538461539 0.07572115384615384 0.09735576923076923
4 0.49158653846153844 0.34615384615384615 0.013221153846153846 0.04447115384615385
1 0.5649038461538461 0.48677884615384615 0.028846153846153848 0.03365384615384615
1 0.6454326923076923 0.4807692307692308 0.038461538461538464 0.038461538461538464
4 0.6382211538461539 0.4230769230769231 0.013221153846153846 0.040865384615384616
4 0.7319711538461539 0.3858173076923077 0.018028846153846152 0.055288461538461536