3 0.07091346153846154 0.08533653846153846 0.109375 0.15625
1 0.14423076923076922 0.5264423076923077 0.17548076923076922 0.1466346153846154
1 0.25721153846153844 0.5180288461538461 0.06971153846153846 0.08774038461538461
1 0.26322115384615385 0.5120192307692307 0.06971153846153846 0.07451923076923077
1 0.3605769230769231 0.4987980769230769 0.037259615384615384 0.05048076923076923
1 0.41947115384615385 0.5072115384615384 0.052884615384615384 0.06009615384615385
1 0.4182692307692308 0.5 0.04447115384615385 0.056490384615384616
1 0.46153846153846156 0.49158653846153844 0.04326923076923077 0.06009615384615385
1 0.4831730769230769 0.4951923076923077 0.02403846153846154 0.038461538461538464
3 0.5697115384615384 0.028846153846153848 0.025240384615384616 0.056490384615384616
3 0.5649038461538461 0.3605769230769231 0.01201923076923077 0.05048076923076923
3 0.6526442307692307 0.3557692307692308 0.015625 0.038461538461538464
4 0.7259615384615384 0.4098557692307692 0.015625 0.04326923076923077
3 0.8004807692307693 0.0733173076923077 0.025240384615384616 0.09014423076923077
2 0.8665865384615384 0.47596153846153844 0.02403846153846154 0.06971153846153846
2 0.8725961538461539 0.48197115384615385 0.021634615384615384 0.052884615384615384
0 0.9627403846153846 0.49399038461538464 0.025240384615384616 0.09735576923076923
2 0.9867788461538461 0.4951923076923077 0.01201923076923077 0.08413461538461539