2 0.052884615384615384 0.5444711538461539 0.019230769230769232 0.07211538461538461
2 0.028846153846153848 0.5540865384615384 0.019230769230769232 0.08413461538461539
1 0.0985576923076923 0.5661057692307693 0.1814903846153846 0.11899038461538461
4 0.14302884615384615 0.3954326923076923 0.021634615384615384 0.055288461538461536
3 0.14302884615384615 0.40384615384615385 0.018028846153846152 0.052884615384615384
1 0.265625 0.5600961538461539 0.06009615384615385 0.07211538461538461
1 0.33653846153846156 0.5600961538461539 0.05048076923076923 0.078125
1 0.39903846153846156 0.5913461538461539 0.1502403846153846 0.17427884615384615
3 0.5384615384615384 0.37259615384615385 0.025240384615384616 0.07572115384615384
0 0.6682692307692307 0.6634615384615384 0.12139423076923077 0.5072115384615384
2 0.7848557692307693 0.5420673076923077 0.052884615384615384 0.23677884615384615
2 0.8557692307692307 0.5396634615384616 0.04447115384615385 0.19951923076923078
2 0.8762019230769231 0.5372596153846154 0.03125 0.16947115384615385
2 0.9555288461538461 0.5336538461538461 0.055288461538461536 0.18389423076923078
2 0.9555288461538461 0.5372596153846154 0.040865384615384616 0.18509615384615385