1 0.1346153846153846 0.546875 0.13822115384615385 0.10336538461538461
1 0.13701923076923078 0.5528846153846154 0.13822115384615385 0.10096153846153846
1 0.25841346153846156 0.5240384615384616 0.040865384615384616 0.0625
1 0.25721153846153844 0.5288461538461539 0.037259615384615384 0.05048076923076923
1 0.34615384615384615 0.5444711538461539 0.10576923076923077 0.12259615384615384
1 0.34615384615384615 0.5600961538461539 0.09975961538461539 0.14302884615384615
7 0.32572115384615385 0.34375 0.019230769230769232 0.05048076923076923
7 0.32572115384615385 0.3449519230769231 0.015625 0.05048076923076923
6 0.41466346153846156 0.34975961538461536 0.015625 0.04447115384615385
6 0.4170673076923077 0.35216346153846156 0.018028846153846152 0.05048076923076923
1 0.5108173076923077 0.5336538461538461 0.06971153846153846 0.14302884615384615
1 0.5012019230769231 0.5324519230769231 0.05048076923076923 0.125
6 0.49158653846153844 0.37259615384615385 0.015625 0.05048076923076923
6 0.4951923076923077 0.37259615384615385 0.013221153846153846 0.046875
1 0.5961538461538461 0.5673076923076923 0.16346153846153846 0.19110576923076922
6 0.5877403846153846 0.43990384615384615 0.021634615384615384 0.056490384615384616
3 0.5901442307692307 0.42788461538461536 0.015625 0.040865384615384616
1 0.734375 0.5432692307692307 0.15384615384615385 0.19951923076923078
1 0.7475961538461539 0.5048076923076923 0.16826923076923078 0.18990384615384615
1 0.890625 0.5793269230769231 0.21514423076923078 0.22115384615384615