1 0.038461538461538464 0.5036057692307693 0.07572115384615384 0.2247596153846154
1 0.07572115384615384 0.4699519230769231 0.05048076923076923 0.06009615384615385
1 0.12259615384615384 0.47115384615384615 0.03485576923076923 0.05048076923076923
1 0.14783653846153846 0.4807692307692308 0.03125 0.04326923076923077
1 0.1502403846153846 0.47475961538461536 0.03125 0.037259615384615384
1 0.23918269230769232 0.47716346153846156 0.04927884615384615 0.04927884615384615
1 0.2403846153846154 0.47836538461538464 0.05048076923076923 0.05048076923076923
6 0.23918269230769232 0.13341346153846154 0.028846153846153848 0.09615384615384616
1 0.2932692307692308 0.47716346153846156 0.04927884615384615 0.055288461538461536
1 0.2980769230769231 0.4831730769230769 0.052884615384615384 0.056490384615384616
6 0.46634615384615385 0.31490384615384615 0.027644230769230768 0.08774038461538461