10 0.2932692307692308 0.5300480769230769 0.04326923076923077 0.07451923076923077
10 0.2932692307692308 0.5300480769230769 0.040865384615384616 0.06971153846153846
1 0.3389423076923077 0.5492788461538461 0.037259615384615384 0.05048076923076923
1 0.375 0.5408653846153846 0.028846153846153848 0.038461538461538464
2 0.5757211538461539 0.5228365384615384 0.019230769230769232 0.09615384615384616
2 0.5805288461538461 0.5168269230769231 0.018028846153846152 0.07451923076923077
2 0.6442307692307693 0.5336538461538461 0.019230769230769232 0.09134615384615384
2 0.6490384615384616 0.5384615384615384 0.015625 0.10096153846153846
2 0.6598557692307693 0.5384615384615384 0.013221153846153846 0.08653846153846154
2 0.6766826923076923 0.53125 0.021634615384615384 0.06971153846153846
2 0.6802884615384616 0.53125 0.025240384615384616 0.06610576923076923
1 0.8798076923076923 0.5480769230769231 0.10697115384615384 0.0625