1 0.08052884615384616 0.5240384615384616 0.06009615384615385 0.06850961538461539
1 0.0889423076923077 0.5180288461538461 0.06009615384615385 0.04927884615384615
1 0.13822115384615385 0.5168269230769231 0.056490384615384616 0.037259615384615384
1 0.1466346153846154 0.5132211538461539 0.04326923076923077 0.03365384615384615
1 0.24759615384615385 0.5072115384615384 0.037259615384615384 0.05048076923076923
1 0.24519230769230768 0.5036057692307693 0.03125 0.040865384615384616
1 0.29447115384615385 0.5012019230769231 0.028846153846153848 0.038461538461538464
4 0.43990384615384615 0.39302884615384615 0.019230769230769232 0.03365384615384615
1 0.4543269230769231 0.48677884615384615 0.04326923076923077 0.040865384615384616
4 0.4699519230769231 0.40384615384615385 0.013221153846153846 0.028846153846153848
1 0.5108173076923077 0.5204326923076923 0.08413461538461539 0.10576923076923077
4 0.5637019230769231 0.43509615384615385 0.013221153846153846 0.028846153846153848
1 0.6923076923076923 0.48677884615384615 0.10336538461538461 0.06610576923076923