1 0.109375 0.5348557692307693 0.025240384615384616 0.03365384615384615
1 0.13701923076923078 0.5384615384615384 0.05889423076923077 0.0625
1 0.13581730769230768 0.5372596153846154 0.037259615384615384 0.038461538461538464
1 0.19230769230769232 0.5348557692307693 0.056490384615384616 0.038461538461538464
1 0.20673076923076922 0.5216346153846154 0.052884615384615384 0.038461538461538464
1 0.27403846153846156 0.5252403846153846 0.055288461538461536 0.05048076923076923
1 0.3485576923076923 0.53125 0.05048076923076923 0.052884615384615384
4 0.3629807692307692 0.3449519230769231 0.019230769230769232 0.07451923076923077
4 0.43028846153846156 0.43990384615384615 0.02403846153846154 0.055288461538461536
4 0.43149038461538464 0.44471153846153844 0.018028846153846152 0.04447115384615385
1 0.5420673076923077 0.5733173076923077 0.18028846153846154 0.25
1 0.6682692307692307 0.5252403846153846 0.0625 0.10096153846153846
1 0.6610576923076923 0.5252403846153846 0.04447115384615385 0.09014423076923077
4 0.6478365384615384 0.4651442307692308 0.015625 0.03365384615384615
10 0.7680288461538461 0.46634615384615385 0.1814903846153846 0.3245192307692308
1 0.9242788461538461 0.5492788461538461 0.02403846153846154 0.09014423076923077
2 0.9555288461538461 0.5348557692307693 0.019230769230769232 0.09975961538461539
2 0.9819711538461539 0.5300480769230769 0.03365384615384615 0.11298076923076923