1 0.078125 0.5504807692307693 0.15625 0.17427884615384615
1 0.16346153846153846 0.49759615384615385 0.09014423076923077 0.056490384615384616
1 0.17307692307692307 0.49278846153846156 0.08774038461538461 0.052884615384615384
6 0.28846153846153844 0.38341346153846156 0.04447115384615385 0.13822115384615385
6 0.28365384615384615 0.3713942307692308 0.027644230769230768 0.09615384615384616
1 0.33052884615384615 0.5072115384615384 0.08052884615384616 0.05889423076923077
1 0.5144230769230769 0.49759615384615385 0.07572115384615384 0.046875
1 0.5228365384615384 0.49278846153846156 0.06610576923076923 0.056490384615384616
7 0.5757211538461539 0.12740384615384615 0.02403846153846154 0.055288461538461536
7 0.5757211538461539 0.14302884615384615 0.019230769230769232 0.0625
6 0.5865384615384616 0.375 0.015625 0.046875
6 0.5877403846153846 0.37259615384615385 0.015625 0.038461538461538464
1 0.6430288461538461 0.48677884615384615 0.07572115384615384 0.0625
1 0.6442307692307693 0.4855769230769231 0.078125 0.056490384615384616
6 0.6610576923076923 0.36177884615384615 0.013221153846153846 0.038461538461538464
6 0.6634615384615384 0.3629807692307692 0.015625 0.038461538461538464
1 0.6959134615384616 0.4807692307692308 0.03485576923076923 0.052884615384615384
6 0.7235576923076923 0.41947115384615385 0.018028846153846152 0.038461538461538464
6 0.7259615384615384 0.41466346153846156 0.013221153846153846 0.027644230769230768
6 0.7367788461538461 0.18509615384615385 0.021634615384615384 0.0625
6 0.7391826923076923 0.18629807692307693 0.019230769230769232 0.056490384615384616
1 0.8665865384615384 0.5913461538461539 0.2620192307692308 0.3401442307692308
1 0.8677884615384616 0.5997596153846154 0.25961538461538464 0.35336538461538464
6 0.9387019230769231 0.34134615384615385 0.02403846153846154 0.06009615384615385
2 0.9927884615384616 0.5108173076923077 0.013221153846153846 0.078125