1 0.06009615384615385 0.5612980769230769 0.07572115384615384 0.06971153846153846
1 0.13581730769230768 0.5444711538461539 0.04326923076923077 0.04447115384615385
1 0.17307692307692307 0.5492788461538461 0.056490384615384616 0.0625
1 0.23677884615384615 0.5480769230769231 0.037259615384615384 0.05889423076923077
1 0.29447115384615385 0.5396634615384616 0.05048076923076923 0.05048076923076923
1 0.4074519230769231 0.5492788461538461 0.09014423076923077 0.125
1 0.46033653846153844 0.5504807692307693 0.03125 0.08774038461538461
6 0.453125 0.46274038461538464 0.01201923076923077 0.028846153846153848
6 0.4735576923076923 0.49399038461538464 0.01201923076923077 0.028846153846153848
1 0.5144230769230769 0.5444711538461539 0.03365384615384615 0.06971153846153846
6 0.5060096153846154 0.47836538461538464 0.009615384615384616 0.03125
1 0.5492788461538461 0.5432692307692307 0.05889423076923077 0.09975961538461539
1 0.6274038461538461 0.5697115384615384 0.11177884615384616 0.11899038461538461
1 0.828125 0.5252403846153846 0.1310096153846154 0.08774038461538461