1 0.036057692307692304 0.5685096153846154 0.07211538461538461 0.08173076923076923
1 0.20192307692307693 0.5408653846153846 0.040865384615384616 0.055288461538461536
1 0.25841346153846156 0.5360576923076923 0.03365384615384615 0.038461538461538464
1 0.28966346153846156 0.5300480769230769 0.027644230769230768 0.037259615384615384
1 0.31009615384615385 0.5252403846153846 0.018028846153846152 0.028846153846153848
4 0.38221153846153844 0.37259615384615385 0.013221153846153846 0.040865384615384616
4 0.38221153846153844 0.3762019230769231 0.013221153846153846 0.040865384615384616
1 0.4098557692307692 0.5408653846153846 0.06610576923076923 0.08774038461538461
4 0.45072115384615385 0.36778846153846156 0.013221153846153846 0.04326923076923077
4 0.45072115384615385 0.36658653846153844 0.013221153846153846 0.037259615384615384
1 0.53125 0.5288461538461539 0.04927884615384615 0.0625
4 0.5492788461538461 0.4495192307692308 0.013221153846153846 0.038461538461538464
4 0.5492788461538461 0.4483173076923077 0.013221153846153846 0.037259615384615384
1 0.6177884615384616 0.5192307692307693 0.028846153846153848 0.06610576923076923
1 0.7884615384615384 0.5096153846153846 0.13701923076923078 0.08052884615384616