0 0.025240384615384616 0.5456730769230769 0.021634615384615384 0.08774038461538461
0 0.055288461538461536 0.5444711538461539 0.02403846153846154 0.08413461538461539
1 0.23197115384615385 0.5252403846153846 0.056490384615384616 0.046875
1 0.22596153846153846 0.5264423076923077 0.04326923076923077 0.04326923076923077
1 0.27283653846153844 0.515625 0.037259615384615384 0.03125
1 0.2956730769230769 0.5204326923076923 0.03125 0.038461538461538464
1 0.38461538461538464 0.5216346153846154 0.028846153846153848 0.037259615384615384
10 0.39302884615384615 0.5012019230769231 0.038461538461538464 0.05889423076923077
1 0.4326923076923077 0.5096153846153846 0.028846153846153848 0.040865384615384616
10 0.47716346153846156 0.49759615384615385 0.03485576923076923 0.08052884615384616
1 0.5024038461538461 0.5264423076923077 0.056490384615384616 0.06610576923076923
1 0.6274038461538461 0.5444711538461539 0.1778846153846154 0.22235576923076922
2 0.6862980769230769 0.48677884615384615 0.019230769230769232 0.040865384615384616
2 0.6947115384615384 0.4735576923076923 0.021634615384615384 0.040865384615384616
2 0.7307692307692307 0.5192307692307693 0.02403846153846154 0.12139423076923077
2 0.7608173076923077 0.5228365384615384 0.027644230769230768 0.11538461538461539