1 0.06129807692307692 0.5961538461538461 0.12259615384615384 0.1971153846153846
1 0.14903846153846154 0.5444711538461539 0.12740384615384615 0.12139423076923077
1 0.21634615384615385 0.5649038461538461 0.1778846153846154 0.2091346153846154
1 0.3473557692307692 0.5600961538461539 0.09014423076923077 0.14423076923076922
1 0.4014423076923077 0.5709134615384616 0.037259615384615384 0.08413461538461539
1 0.43509615384615385 0.5192307692307693 0.0625 0.13701923076923078
1 0.47596153846153844 0.546875 0.07211538461538461 0.12139423076923077
1 0.49038461538461536 0.5444711538461539 0.05889423076923077 0.09014423076923077
1 0.5180288461538461 0.5264423076923077 0.040865384615384616 0.09735576923076923
2 0.5444711538461539 0.5336538461538461 0.03125 0.140625
2 0.5600961538461539 0.5288461538461539 0.019230769230769232 0.12139423076923077
2 0.5769230769230769 0.5384615384615384 0.021634615384615384 0.1346153846153846
1 0.6550480769230769 0.5588942307692307 0.14903846153846154 0.15384615384615385
10 0.7391826923076923 0.4723557692307692 0.05048076923076923 0.078125
10 0.8629807692307693 0.3701923076923077 0.27163461538461536 0.7403846153846154
1 0.8701923076923077 0.359375 0.25600961538461536 0.71875