1 0.9242788461538461 0.6346153846153846 0.14903846153846154 0.5432692307692307
1 0.19230769230769232 0.5432692307692307 0.09735576923076923 0.09375
1 0.1935096153846154 0.5492788461538461 0.09735576923076923 0.11538461538461539
1 0.29927884615384615 0.53125 0.038461538461538464 0.06490384615384616
1 0.3786057692307692 0.5216346153846154 0.037259615384615384 0.052884615384615384
1 0.4014423076923077 0.5144230769230769 0.019230769230769232 0.038461538461538464
1 0.4326923076923077 0.5252403846153846 0.05048076923076923 0.07211538461538461
1 0.4326923076923077 0.5252403846153846 0.046875 0.06610576923076923
1 0.5180288461538461 0.5240384615384616 0.02403846153846154 0.08413461538461539
1 0.5516826923076923 0.53125 0.08052884615384616 0.08653846153846154
1 0.5552884615384616 0.5324519230769231 0.07211538461538461 0.08173076923076923