1 0.0733173076923077 0.5432692307692307 0.10697115384615384 0.09615384615384616
1 0.12740384615384615 0.5276442307692307 0.025240384615384616 0.08173076923076923
1 0.15384615384615385 0.5240384615384616 0.04326923076923077 0.055288461538461536
1 0.38221153846153844 0.6622596153846154 0.36899038461538464 0.5096153846153846
1 0.2692307692307692 0.5084134615384616 0.03485576923076923 0.06009615384615385
1 0.5360576923076923 0.5144230769230769 0.08052884615384616 0.07451923076923077
2 0.7632211538461539 0.46153846153846156 0.019230769230769232 0.040865384615384616
2 0.7788461538461539 0.49158653846153844 0.021634615384615384 0.038461538461538464
2 0.8329326923076923 0.484375 0.03125 0.125
2 0.8605769230769231 0.4855769230769231 0.02403846153846154 0.11899038461538461
1 0.9627403846153846 0.53125 0.07211538461538461 0.1310096153846154