1 0.04326923076923077 0.5264423076923077 0.08413461538461539 0.12740384615384615
1 0.11177884615384616 0.5252403846153846 0.03485576923076923 0.04326923076923077
1 0.21634615384615385 0.5144230769230769 0.02403846153846154 0.03125
1 0.29086538461538464 0.5324519230769231 0.09375 0.11177884615384616
2 0.38221153846153844 0.5372596153846154 0.03485576923076923 0.125
4 0.3870192307692308 0.3233173076923077 0.02403846153846154 0.08413461538461539
2 0.5721153846153846 0.5384615384615384 0.03125 0.1502403846153846
2 0.609375 0.5288461538461539 0.037259615384615384 0.16346153846153846
2 0.6694711538461539 0.5120192307692307 0.03485576923076923 0.140625
2 0.7848557692307693 0.5024038461538461 0.028846153846153848 0.14903846153846154
1 0.9086538461538461 0.5432692307692307 0.1778846153846154 0.15625
1 0.9086538461538461 0.5504807692307693 0.1778846153846154 0.12860576923076922
2 0.9927884615384616 0.45072115384615385 0.01201923076923077 0.038461538461538464