1 0.027644230769230768 0.5180288461538461 0.052884615384615384 0.06009615384615385
1 0.13581730769230768 0.5096153846153846 0.078125 0.07572115384615384
10 0.18509615384615385 0.4795673076923077 0.056490384615384616 0.05889423076923077
1 0.19951923076923078 0.5144230769230769 0.027644230769230768 0.04326923076923077
1 0.20432692307692307 0.5216346153846154 0.03125 0.05048076923076923
1 0.23317307692307693 0.515625 0.04927884615384615 0.052884615384615384
1 0.23197115384615385 0.5132211538461539 0.04447115384615385 0.04326923076923077
1 0.2704326923076923 0.4987980769230769 0.038461538461538464 0.04447115384615385
1 0.31971153846153844 0.5012019230769231 0.03365384615384615 0.04447115384615385
1 0.36177884615384615 0.49158653846153844 0.037259615384615384 0.056490384615384616
6 0.41586538461538464 0.45552884615384615 0.015625 0.03125
4 0.46153846153846156 0.41586538461538464 0.01201923076923077 0.03485576923076923
1 0.5120192307692307 0.5024038461538461 0.03365384615384615 0.04326923076923077
1 0.5108173076923077 0.4987980769230769 0.028846153846153848 0.03485576923076923
4 0.5372596153846154 0.45552884615384615 0.01201923076923077 0.037259615384615384
4 0.5456730769230769 0.4567307692307692 0.01201923076923077 0.028846153846153848
1 0.5649038461538461 0.5024038461538461 0.046875 0.055288461538461536