4 0.24519230769230768 0.10697115384615384 0.025240384615384616 0.09735576923076923
4 0.39783653846153844 0.13701923076923078 0.025240384615384616 0.09375
1 0.22115384615384615 0.49399038461538464 0.10697115384615384 0.09134615384615384
10 0.29927884615384615 0.46634615384615385 0.09014423076923077 0.12139423076923077
1 0.36538461538461536 0.4807692307692308 0.052884615384615384 0.07572115384615384
10 0.45072115384615385 0.4795673076923077 0.06971153846153846 0.05889423076923077
1 0.5600961538461539 0.48677884615384615 0.037259615384615384 0.05048076923076923
1 0.6045673076923077 0.48197115384615385 0.028846153846153848 0.04326923076923077
1 0.6081730769230769 0.4891826923076923 0.037259615384615384 0.03485576923076923
1 0.6274038461538461 0.47475961538461536 0.05048076923076923 0.046875
4 0.6862980769230769 0.31850961538461536 0.03125 0.09014423076923077