1 0.30408653846153844 0.5288461538461539 0.037259615384615384 0.046875
1 0.28365384615384615 0.5372596153846154 0.038461538461538464 0.052884615384615384
1 0.24158653846153846 0.5396634615384616 0.06490384615384616 0.06490384615384616
1 0.18028846153846154 0.5564903846153846 0.08173076923076923 0.09014423076923077
3 0.016826923076923076 0.359375 0.03125 0.09975961538461539
2 0.07451923076923077 0.5132211538461539 0.013221153846153846 0.019230769230769232
2 0.13581730769230768 0.5504807692307693 0.03125 0.12860576923076922
2 0.4411057692307692 0.5144230769230769 0.01201923076923077 0.037259615384615384
1 0.5048076923076923 0.5252403846153846 0.056490384615384616 0.09375
3 0.5192307692307693 0.32091346153846156 0.03485576923076923 0.10096153846153846
2 0.6129807692307693 0.5072115384615384 0.03365384615384615 0.11538461538461539
2 0.6165865384615384 0.5072115384615384 0.028846153846153848 0.11899038461538461
2 0.6502403846153846 0.5180288461538461 0.052884615384615384 0.11538461538461539
2 0.6454326923076923 0.5144230769230769 0.025240384615384616 0.09615384615384616
2 0.6899038461538461 0.5 0.05048076923076923 0.1346153846153846
2 0.6862980769230769 0.5 0.028846153846153848 0.11298076923076923
2 0.8605769230769231 0.4807692307692308 0.03485576923076923 0.1466346153846154