1 0.09134615384615384 0.5649038461538461 0.1814903846153846 0.1935096153846154
1 0.20793269230769232 0.5384615384615384 0.07572115384615384 0.12259615384615384
1 0.2620192307692308 0.5288461538461539 0.046875 0.09375
1 0.2980769230769231 0.5180288461538461 0.04326923076923077 0.08774038461538461
1 0.3269230769230769 0.5168269230769231 0.025240384615384616 0.08052884615384616
1 0.44591346153846156 0.5024038461538461 0.08413461538461539 0.06009615384615385
1 0.4855769230769231 0.4891826923076923 0.038461538461538464 0.04447115384615385
1 0.625 0.49038461538461536 0.05889423076923077 0.05048076923076923
1 0.765625 0.4807692307692308 0.02403846153846154 0.038461538461538464
1 0.8413461538461539 0.4807692307692308 0.04447115384615385 0.03365384615384615
1 0.8834134615384616 0.4807692307692308 0.04447115384615385 0.038461538461538464