1 0.1045673076923077 0.5012019230769231 0.2091346153846154 0.265625
1 0.23677884615384615 0.5300480769230769 0.07451923076923077 0.12139423076923077
1 0.27884615384615385 0.5144230769230769 0.018028846153846152 0.055288461538461536
6 0.3016826923076923 0.36658653846153844 0.019230769230769232 0.03125
1 0.3473557692307692 0.5252403846153846 0.11177884615384616 0.13822115384615385
6 0.34615384615384615 0.36177884615384615 0.015625 0.027644230769230768
6 0.4170673076923077 0.3605769230769231 0.015625 0.03125
1 0.49759615384615385 0.5432692307692307 0.14423076923076922 0.18509615384615385
1 0.45072115384615385 0.4879807692307692 0.037259615384615384 0.08413461538461539
6 0.4675480769230769 0.36177884615384615 0.019230769230769232 0.037259615384615384
6 0.5721153846153846 0.41225961538461536 0.018028846153846152 0.02403846153846154
1 0.5925480769230769 0.4879807692307692 0.052884615384615384 0.05048076923076923
1 0.7788461538461539 0.47475961538461536 0.10697115384615384 0.06490384615384616
6 0.8521634615384616 0.28966346153846156 0.02403846153846154 0.037259615384615384