1 0.08653846153846154 0.5757211538461539 0.171875 0.21634615384615385
1 0.19591346153846154 0.5480769230769231 0.09975961538461539 0.11177884615384616
1 0.20432692307692307 0.5540865384615384 0.09014423076923077 0.15384615384615385
1 0.25961538461538464 0.53125 0.10576923076923077 0.1346153846153846
1 0.2692307692307692 0.5372596153846154 0.08052884615384616 0.14302884615384615
1 0.32572115384615385 0.5168269230769231 0.052884615384615384 0.10336538461538461
1 0.33413461538461536 0.5132211538461539 0.0625 0.10576923076923077
1 0.41947115384615385 0.5144230769230769 0.037259615384615384 0.04927884615384615
1 0.6069711538461539 0.5192307692307693 0.05048076923076923 0.06850961538461539
1 0.6069711538461539 0.5180288461538461 0.04927884615384615 0.06490384615384616
1 0.6658653846153846 0.5348557692307693 0.05889423076923077 0.12259615384615384
1 0.6694711538461539 0.5444711538461539 0.06490384615384616 0.12139423076923077
1 0.7572115384615384 0.5444711538461539 0.15625 0.21514423076923078
1 0.7764423076923077 0.5432692307692307 0.1875 0.1875
1 0.90625 0.6069711538461539 0.18389423076923078 0.36177884615384615