1 0.19110576923076922 0.5793269230769231 0.38221153846153844 0.2932692307692308
6 0.09134615384615384 0.3076923076923077 0.025240384615384616 0.08173076923076923
1 0.48197115384615385 0.4963942307692308 0.03125 0.05048076923076923
1 0.4807692307692308 0.484375 0.025240384615384616 0.04447115384615385
1 0.5432692307692307 0.49038461538461536 0.040865384615384616 0.08052884615384616
1 0.5384615384615384 0.48677884615384615 0.018028846153846152 0.056490384615384616
1 0.5709134615384616 0.5012019230769231 0.04447115384615385 0.078125
1 0.5697115384615384 0.49759615384615385 0.037259615384615384 0.046875
1 0.6117788461538461 0.5012019230769231 0.06610576923076923 0.07451923076923077
6 0.6153846153846154 0.2776442307692308 0.02403846153846154 0.08653846153846154
2 0.6177884615384616 0.5132211538461539 0.027644230769230768 0.10096153846153846
2 0.921875 0.484375 0.03485576923076923 0.15384615384615385
2 0.9242788461538461 0.49158653846153844 0.038461538461538464 0.15384615384615385