10 0.05889423076923077 0.49158653846153844 0.11778846153846154 0.18509615384615385
10 0.06129807692307692 0.48677884615384615 0.12259615384615384 0.18028846153846154
1 0.11778846153846154 0.5637019230769231 0.10576923076923077 0.11177884615384616
1 0.17427884615384615 0.46875 0.11778846153846154 0.12139423076923077
10 0.18509615384615385 0.49759615384615385 0.1310096153846154 0.15625
1 0.28966346153846156 0.6225961538461539 0.25721153846153844 0.33052884615384615
10 0.4026442307692308 0.5276442307692307 0.12860576923076922 0.19110576923076922
1 0.4338942307692308 0.5192307692307693 0.078125 0.25961538461538464
1 0.5084134615384616 0.5372596153846154 0.056490384615384616 0.08052884615384616
1 0.53125 0.5336538461538461 0.028846153846153848 0.11177884615384616
1 0.5865384615384616 0.53125 0.10697115384615384 0.15264423076923078
1 0.6538461538461539 0.5600961538461539 0.17427884615384615 0.17548076923076922
10 0.7548076923076923 0.48677884615384615 0.10576923076923077 0.18990384615384615