1 0.9350961538461539 0.6033653846153846 0.12740384615384615 0.4375
1 0.015625 0.5805288461538461 0.028846153846153848 0.07572115384615384
1 0.03485576923076923 0.5709134615384616 0.040865384615384616 0.078125
1 0.16826923076923078 0.5564903846153846 0.056490384615384616 0.06610576923076923
1 0.2920673076923077 0.5588942307692307 0.11538461538461539 0.15985576923076922
1 0.41466346153846156 0.5480769230769231 0.028846153846153848 0.10697115384615384
1 0.4483173076923077 0.5492788461538461 0.06009615384615385 0.12139423076923077
1 0.4891826923076923 0.5576923076923077 0.0625 0.14302884615384615
1 0.5528846153846154 0.5649038461538461 0.09134615384615384 0.14903846153846154
1 0.6165865384615384 0.5841346153846154 0.13221153846153846 0.19471153846153846
1 0.7668269230769231 0.5997596153846154 0.20552884615384615 0.265625