1 0.08774038461538461 0.6057692307692307 0.17548076923076922 0.35096153846153844
1 0.26802884615384615 0.5552884615384616 0.055288461538461536 0.06009615384615385
3 0.31009615384615385 0.3245192307692308 0.013221153846153846 0.04927884615384615
1 0.3269230769230769 0.5540865384615384 0.018028846153846152 0.02403846153846154
1 0.3449519230769231 0.5528846153846154 0.013221153846153846 0.025240384615384616
1 0.3629807692307692 0.5504807692307693 0.03485576923076923 0.08774038461538461
1 0.36658653846153844 0.5492788461538461 0.03485576923076923 0.078125
1 0.4206730769230769 0.5504807692307693 0.109375 0.13822115384615385
3 0.4206730769230769 0.32091346153846156 0.018028846153846152 0.055288461538461536
1 0.47475961538461536 0.5564903846153846 0.037259615384615384 0.10697115384615384
3 0.5096153846153846 0.31971153846153844 0.018028846153846152 0.046875
1 0.5528846153846154 0.5276442307692307 0.05889423076923077 0.10096153846153846
1 0.5540865384615384 0.5252403846153846 0.05048076923076923 0.078125
1 0.6442307692307693 0.5600961538461539 0.06971153846153846 0.12259615384615384
1 0.8028846153846154 0.6334134615384616 0.3557692307692308 0.3125
4 0.7199519230769231 0.42427884615384615 0.028846153846153848 0.06971153846153846
3 0.7211538461538461 0.4230769230769231 0.021634615384615384 0.056490384615384616
1 0.9591346153846154 0.5432692307692307 0.07451923076923077 0.078125