1 0.12259615384615384 0.5048076923076923 0.056490384615384616 0.04326923076923077
1 0.45072115384615385 0.5084134615384616 0.021634615384615384 0.046875
1 0.4735576923076923 0.5072115384615384 0.03485576923076923 0.04927884615384615
1 0.5384615384615384 0.48677884615384615 0.027644230769230768 0.037259615384615384
6 0.5649038461538461 0.3641826923076923 0.018028846153846152 0.04927884615384615
5 0.5709134615384616 0.025240384615384616 0.027644230769230768 0.05048076923076923
6 0.6514423076923077 0.3605769230769231 0.013221153846153846 0.05048076923076923
6 0.7283653846153846 0.41225961538461536 0.019230769230769232 0.055288461538461536
6 0.8004807692307693 0.08052884615384616 0.028846153846153848 0.11538461538461539
1 0.8461538461538461 0.49158653846153844 0.05889423076923077 0.055288461538461536
1 0.9182692307692307 0.4879807692307692 0.08413461538461539 0.0625
1 0.9783653846153846 0.48677884615384615 0.037259615384615384 0.04927884615384615