2 0.5949519230769231 0.5192307692307693 0.013221153846153846 0.052884615384615384
1 0.030048076923076924 0.5829326923076923 0.06009615384615385 0.13221153846153846
2 0.01201923076923077 0.5276442307692307 0.018028846153846152 0.078125
1 0.25 0.6802884615384616 0.34975961538461536 0.43149038461538464
2 0.1502403846153846 0.53125 0.013221153846153846 0.056490384615384616
6 0.15865384615384615 0.39903846153846156 0.013221153846153846 0.04447115384615385
1 0.4362980769230769 0.53125 0.03485576923076923 0.056490384615384616
6 0.5144230769230769 0.3701923076923077 0.018028846153846152 0.056490384615384616
2 0.6490384615384616 0.53125 0.021634615384615384 0.10096153846153846
2 0.7524038461538461 0.5300480769230769 0.03365384615384615 0.21634615384615385
2 0.7920673076923077 0.5180288461538461 0.06850961538461539 0.25961538461538464
2 0.9194711538461539 0.5336538461538461 0.03365384615384615 0.18990384615384615