1 0.13221153846153846 0.5528846153846154 0.15865384615384615 0.14903846153846154
1 0.23317307692307693 0.5552884615384616 0.05048076923076923 0.10576923076923077
1 0.2860576923076923 0.5372596153846154 0.056490384615384616 0.08774038461538461
1 0.359375 0.5336538461538461 0.037259615384615384 0.055288461538461536
5 0.38822115384615385 0.3894230769230769 0.018028846153846152 0.055288461538461536
7 0.38822115384615385 0.3942307692307692 0.01201923076923077 0.03125
1 0.40384615384615385 0.5252403846153846 0.04326923076923077 0.06610576923076923
1 0.46033653846153844 0.5384615384615384 0.08173076923076923 0.11177884615384616
4 0.45072115384615385 0.39783653846153844 0.013221153846153846 0.03485576923076923
4 0.5516826923076923 0.46153846153846156 0.013221153846153846 0.03125
2 0.5913461538461539 0.5168269230769231 0.018028846153846152 0.06009615384615385
2 0.6117788461538461 0.5180288461538461 0.013221153846153846 0.06490384615384616
4 0.6382211538461539 0.390625 0.019230769230769232 0.055288461538461536
2 0.6622596153846154 0.5240384615384616 0.021634615384615384 0.09014423076923077
10 0.7620192307692307 0.4855769230769231 0.2127403846153846 0.12860576923076922