1 0.10096153846153846 0.5072115384615384 0.055288461538461536 0.0625
1 0.45072115384615385 0.5096153846153846 0.021634615384615384 0.046875
1 0.4735576923076923 0.5084134615384616 0.03485576923076923 0.04927884615384615
1 0.5336538461538461 0.49038461538461536 0.027644230769230768 0.037259615384615384
6 0.5649038461538461 0.36658653846153844 0.018028846153846152 0.05048076923076923
5 0.5709134615384616 0.025240384615384616 0.027644230769230768 0.05048076923076923
6 0.6514423076923077 0.3629807692307692 0.013221153846153846 0.052884615384615384
6 0.7283653846153846 0.41225961538461536 0.019230769230769232 0.055288461538461536
3 0.8040865384615384 0.08052884615384616 0.03125 0.11778846153846154
1 0.8485576923076923 0.49399038461538464 0.05889423076923077 0.055288461538461536
1 0.9170673076923077 0.49278846153846156 0.08413461538461539 0.0625
1 0.9771634615384616 0.4963942307692308 0.037259615384615384 0.04927884615384615