1 0.07572115384615384 0.5540865384615384 0.1502403846153846 0.16346153846153846
1 0.1658653846153846 0.5516826923076923 0.06009615384615385 0.09975961538461539
1 0.16947115384615385 0.5528846153846154 0.056490384615384616 0.09615384615384616
10 0.22115384615384615 0.4795673076923077 0.07211538461538461 0.10697115384615384
1 0.21153846153846154 0.5492788461538461 0.046875 0.07572115384615384
1 0.2932692307692308 0.5360576923076923 0.08413461538461539 0.11899038461538461
10 0.33653846153846156 0.5084134615384616 0.055288461538461536 0.06971153846153846
1 0.41466346153846156 0.5252403846153846 0.052884615384615384 0.07572115384615384
1 0.5024038461538461 0.5132211538461539 0.04326923076923077 0.05048076923076923
1 0.5336538461538461 0.5348557692307693 0.04927884615384615 0.10697115384615384
1 0.5432692307692307 0.5300480769230769 0.05889423076923077 0.109375
1 0.6021634615384616 0.5420673076923077 0.10697115384615384 0.13701923076923078
1 0.7055288461538461 0.49399038461538464 0.04927884615384615 0.055288461538461536
1 0.8353365384615384 0.49158653846153844 0.12740384615384615 0.14302884615384615
1 0.8413461538461539 0.4807692307692308 0.12860576923076922 0.11298076923076923