1 0.16947115384615385 0.6310096153846154 0.26802884615384615 0.28365384615384615
1 0.10817307692307693 0.6995192307692307 0.21634615384615385 0.4423076923076923
1 0.3762019230769231 0.6538461538461539 0.21634615384615385 0.25
1 0.46634615384615385 0.625 0.078125 0.1658653846153846
1 0.4855769230769231 0.6117788461538461 0.028846153846153848 0.1502403846153846
1 0.5444711538461539 0.6201923076923077 0.1466346153846154 0.14302884615384615
1 0.6298076923076923 0.6177884615384616 0.05048076923076923 0.09615384615384616
1 0.6382211538461539 0.6117788461538461 0.038461538461538464 0.08653846153846154
1 0.6694711538461539 0.5997596153846154 0.040865384615384616 0.08653846153846154
1 0.6802884615384616 0.6009615384615384 0.037259615384615384 0.08653846153846154
1 0.6935096153846154 0.5540865384615384 0.05048076923076923 0.06009615384615385
1 0.7079326923076923 0.6117788461538461 0.03365384615384615 0.06610576923076923
1 0.7319711538461539 0.5865384615384616 0.040865384615384616 0.08052884615384616
1 0.7632211538461539 0.5841346153846154 0.03485576923076923 0.05889423076923077
10 0.9290865384615384 0.5276442307692307 0.07451923076923077 0.14302884615384615