4 0.08052884615384616 0.39302884615384615 0.025240384615384616 0.06971153846153846
1 0.31971153846153844 0.49759615384615385 0.037259615384615384 0.04326923076923077
1 0.3233173076923077 0.4963942307692308 0.037259615384615384 0.04447115384615385
1 0.3485576923076923 0.4891826923076923 0.03365384615384615 0.052884615384615384
1 0.5132211538461539 0.5024038461538461 0.09134615384615384 0.11778846153846154
4 0.5204326923076923 0.2980769230769231 0.018028846153846152 0.05889423076923077
4 0.6225961538461539 0.3858173076923077 0.019230769230769232 0.052884615384615384
4 0.6213942307692307 0.4014423076923077 0.013221153846153846 0.037259615384615384
1 0.7824519230769231 0.49278846153846156 0.06009615384615385 0.08774038461538461
1 0.7740384615384616 0.49158653846153844 0.040865384615384616 0.052884615384615384
1 0.8966346153846154 0.4723557692307692 0.20552884615384615 0.10576923076923077