1 0.1045673076923077 0.48677884615384615 0.2091346153846154 0.6754807692307693
10 0.10697115384615384 0.484375 0.20552884615384615 0.6153846153846154
1 0.3233173076923077 0.5144230769230769 0.05889423076923077 0.07451923076923077
7 0.3449519230769231 0.31009615384615385 0.019230769230769232 0.06850961538461539
1 0.3713942307692308 0.5060096153846154 0.052884615384615384 0.06490384615384616
1 0.4987980769230769 0.609375 0.25600961538461536 0.3557692307692308
3 0.47115384615384615 0.24639423076923078 0.02403846153846154 0.07211538461538461
0 0.6550480769230769 0.5048076923076923 0.037259615384615384 0.08653846153846154
3 0.6538461538461539 0.37740384615384615 0.019230769230769232 0.05048076923076923
1 0.8076923076923077 0.5817307692307693 0.28725961538461536 0.27403846153846156
1 0.9555288461538461 0.515625 0.08052884615384616 0.09134615384615384
1 0.9579326923076923 0.5168269230769231 0.08173076923076923 0.14302884615384615