1 0.17668269230769232 0.546875 0.10336538461538461 0.09375
1 0.33052884615384615 0.6514423076923077 0.32572115384615385 0.4098557692307692
7 0.2800480769230769 0.27524038461538464 0.019230769230769232 0.05889423076923077
6 0.390625 0.28725961538461536 0.018028846153846152 0.06490384615384616
2 0.5180288461538461 0.5204326923076923 0.013221153846153846 0.06610576923076923
2 0.5336538461538461 0.5180288461538461 0.013221153846153846 0.052884615384615384
2 0.5420673076923077 0.5180288461538461 0.025240384615384616 0.06971153846153846
2 0.5444711538461539 0.5192307692307693 0.015625 0.06850961538461539
2 0.5612980769230769 0.5096153846153846 0.025240384615384616 0.06490384615384616
6 0.5637019230769231 0.4074519230769231 0.018028846153846152 0.05889423076923077
1 0.7536057692307693 0.53125 0.18028846153846154 0.10336538461538461
1 0.9543269230769231 0.5192307692307693 0.09014423076923077 0.08774038461538461