1 0.12139423076923077 0.5384615384615384 0.07211538461538461 0.07572115384615384
1 0.33052884615384615 0.6502403846153846 0.32572115384615385 0.4098557692307692
7 0.28125 0.2764423076923077 0.019230769230769232 0.055288461538461536
7 0.28365384615384615 0.27524038461538464 0.019230769230769232 0.06009615384615385
6 0.3918269230769231 0.28725961538461536 0.015625 0.05889423076923077
2 0.5673076923076923 0.5180288461538461 0.027644230769230768 0.07572115384615384
6 0.5649038461538461 0.40865384615384615 0.015625 0.055288461538461536
1 0.6526442307692307 0.5288461538461539 0.1778846153846154 0.09975961538461539
0 0.7860576923076923 0.5192307692307693 0.07451923076923077 0.09975961538461539
0 0.7848557692307693 0.5192307692307693 0.06009615384615385 0.09014423076923077
1 0.9555288461538461 0.5144230769230769 0.08413461538461539 0.08774038461538461