1 0.04326923076923077 0.5805288461538461 0.08413461538461539 0.22235576923076922
1 0.9447115384615384 0.6069711538461539 0.10697115384615384 0.2692307692307692
1 0.23677884615384615 0.5252403846153846 0.11538461538461539 0.11899038461538461
1 0.32572115384615385 0.5144230769230769 0.05889423076923077 0.08653846153846154
1 0.37259615384615385 0.49759615384615385 0.03485576923076923 0.06610576923076923
1 0.4423076923076923 0.4855769230769231 0.046875 0.06490384615384616
1 0.4387019230769231 0.49038461538461536 0.038461538461538464 0.05048076923076923
1 0.5661057692307693 0.4891826923076923 0.038461538461538464 0.05889423076923077
1 0.5949519230769231 0.49399038461538464 0.038461538461538464 0.09735576923076923
1 0.6177884615384616 0.49038461538461536 0.038461538461538464 0.10336538461538461
1 0.6550480769230769 0.5072115384615384 0.07211538461538461 0.125
1 0.7355769230769231 0.5072115384615384 0.13701923076923078 0.17548076923076922
1 0.8305288461538461 0.5492788461538461 0.21514423076923078 0.18509615384615385