1 0.08774038461538461 0.5625 0.10336538461538461 0.08173076923076923
1 0.08774038461538461 0.5588942307692307 0.08173076923076923 0.08413461538461539
1 0.15264423076923078 0.5360576923076923 0.09375 0.08653846153846154
1 0.16947115384615385 0.5432692307692307 0.06610576923076923 0.07211538461538461
2 0.15144230769230768 0.5360576923076923 0.019230769230769232 0.09615384615384616
2 0.15625 0.5384615384615384 0.02403846153846154 0.09375
1 0.24158653846153846 0.5360576923076923 0.078125 0.04927884615384615
1 0.24759615384615385 0.5360576923076923 0.08052884615384616 0.0625
1 0.3701923076923077 0.5504807692307693 0.14423076923076922 0.23197115384615385
1 0.5240384615384616 0.5168269230769231 0.038461538461538464 0.056490384615384616
1 0.9254807692307693 0.49278846153846156 0.140625 0.09134615384615384