1 0.10216346153846154 0.5144230769230769 0.08413461538461539 0.11177884615384616
1 0.10336538461538461 0.5132211538461539 0.08653846153846154 0.10336538461538461
1 0.2091346153846154 0.4831730769230769 0.18509615384615385 0.25
10 0.21153846153846154 0.4735576923076923 0.15264423076923078 0.203125
4 0.2668269230769231 0.11778846153846154 0.03365384615384615 0.10697115384615384
4 0.26802884615384615 0.12740384615384615 0.03365384615384615 0.078125
1 0.39663461538461536 0.5024038461538461 0.09375 0.11899038461538461
4 0.41586538461538464 0.11538461538461539 0.025240384615384616 0.078125
4 0.4206730769230769 0.14423076923076922 0.02403846153846154 0.055288461538461536
1 0.5132211538461539 0.5192307692307693 0.06850961538461539 0.09615384615384616
1 0.5384615384615384 0.48677884615384615 0.037259615384615384 0.056490384615384616
4 0.734375 0.3269230769230769 0.027644230769230768 0.06490384615384616
4 0.7439903846153846 0.2980769230769231 0.03125 0.078125
1 0.9302884615384616 0.49278846153846156 0.06610576923076923 0.05048076923076923