6 0.09495192307692307 0.3016826923076923 0.03125 0.07451923076923077
6 0.09134615384615384 0.30408653846153844 0.025240384615384616 0.07572115384615384
1 0.37259615384615385 0.5072115384615384 0.16346153846153846 0.14302884615384615
1 0.48197115384615385 0.47115384615384615 0.021634615384615384 0.03365384615384615
1 0.5384615384615384 0.4855769230769231 0.018028846153846152 0.056490384615384616
1 0.5733173076923077 0.49278846153846156 0.046875 0.06850961538461539
1 0.5697115384615384 0.4951923076923077 0.037259615384615384 0.046875
1 0.6153846153846154 0.49759615384615385 0.0625 0.07211538461538461
6 0.6153846153846154 0.27403846153846156 0.02403846153846154 0.08653846153846154
1 0.8810096153846154 0.4987980769230769 0.23197115384615385 0.1622596153846154
1 0.8834134615384616 0.4963942307692308 0.2247596153846154 0.19951923076923078
2 0.8317307692307693 0.46153846153846156 0.025240384615384616 0.09975961538461539
2 0.8341346153846154 0.4483173076923077 0.019230769230769232 0.07451923076923077