1 0.8317307692307693 0.640625 0.3317307692307692 0.35096153846153844
10 0.10817307692307693 0.5492788461538461 0.15384615384615385 0.17548076923076922
1 0.11057692307692307 0.5516826923076923 0.1466346153846154 0.17548076923076922
1 0.2800480769230769 0.5384615384615384 0.06610576923076923 0.07451923076923077
1 0.27884615384615385 0.5384615384615384 0.06490384615384616 0.07451923076923077
1 0.3317307692307692 0.5360576923076923 0.03485576923076923 0.04447115384615385
1 0.3329326923076923 0.5372596153846154 0.028846153846153848 0.04447115384615385
1 0.4254807692307692 0.5180288461538461 0.027644230769230768 0.03125
0 0.4579326923076923 0.5228365384615384 0.01201923076923077 0.04927884615384615
1 0.5456730769230769 0.5504807692307693 0.06009615384615385 0.10697115384615384
1 0.6274038461538461 0.5697115384615384 0.1346153846153846 0.15985576923076922
1 0.6322115384615384 0.5769230769230769 0.13701923076923078 0.17548076923076922