1 0.06129807692307692 0.5612980769230769 0.12259615384615384 0.15985576923076922
1 0.06009615384615385 0.5552884615384616 0.11899038461538461 0.1310096153846154
1 0.19591346153846154 0.5504807692307693 0.08173076923076923 0.09615384615384616
1 0.20072115384615385 0.5456730769230769 0.07211538461538461 0.0625
1 0.24759615384615385 0.5432692307692307 0.028846153846153848 0.06850961538461539
1 0.31009615384615385 0.5372596153846154 0.06850961538461539 0.10096153846153846
1 0.3088942307692308 0.5372596153846154 0.06610576923076923 0.07572115384615384
1 0.3581730769230769 0.5252403846153846 0.04447115384615385 0.04927884615384615
10 0.36658653846153844 0.49759615384615385 0.03365384615384615 0.038461538461538464
1 0.4326923076923077 0.53125 0.07572115384615384 0.08173076923076923
1 0.4338942307692308 0.5324519230769231 0.05889423076923077 0.06490384615384616
1 0.5072115384615384 0.5192307692307693 0.04447115384615385 0.04927884615384615
1 0.5841346153846154 0.5540865384615384 0.05889423076923077 0.16346153846153846
1 0.6814903846153846 0.5649038461538461 0.17427884615384615 0.1875