1 0.0673076923076923 0.5673076923076923 0.1346153846153846 0.38461538461538464
1 0.18509615384615385 0.5757211538461539 0.11538461538461539 0.16947115384615385
1 0.25961538461538464 0.5444711538461539 0.05889423076923077 0.13701923076923078
1 0.29927884615384615 0.5264423076923077 0.03125 0.078125
1 0.3173076923076923 0.5168269230769231 0.025240384615384616 0.06610576923076923
1 0.38822115384615385 0.5240384615384616 0.09134615384615384 0.11538461538461539
1 0.4723557692307692 0.5204326923076923 0.04447115384615385 0.08653846153846154
1 0.5036057692307693 0.5300480769230769 0.03125 0.12259615384615384
1 0.5372596153846154 0.5492788461538461 0.052884615384615384 0.1346153846153846
1 0.6634615384615384 0.5600961538461539 0.22115384615384615 0.27524038461538464
1 0.8137019230769231 0.49158653846153844 0.12860576923076922 0.11778846153846154