1 0.9771634615384616 0.6814903846153846 0.040865384615384616 0.2536057692307692
1 0.06971153846153846 0.5769230769230769 0.13822115384615385 0.2283653846153846
1 0.18389423076923078 0.5360576923076923 0.10336538461538461 0.15865384615384615
1 0.24759615384615385 0.5240384615384616 0.09134615384615384 0.11899038461538461
1 0.26322115384615385 0.5300480769230769 0.06971153846153846 0.12740384615384615
1 0.3076923076923077 0.515625 0.04927884615384615 0.10096153846153846
1 0.3449519230769231 0.49759615384615385 0.037259615384615384 0.08774038461538461
1 0.3701923076923077 0.5036057692307693 0.025240384615384616 0.06850961538461539
1 0.5673076923076923 0.4795673076923077 0.028846153846153848 0.028846153846153848
1 0.7487980769230769 0.5600961538461539 0.125 0.19951923076923078
1 0.875 0.5853365384615384 0.1971153846153846 0.26802884615384615
1 0.8882211538461539 0.5841346153846154 0.2091346153846154 0.24278846153846154