1 0.9435096153846154 0.5661057692307693 0.11177884615384616 0.75
1 0.10216346153846154 0.5552884615384616 0.18028846153846154 0.1502403846153846
1 0.23317307692307693 0.5396634615384616 0.10576923076923077 0.12740384615384615
1 0.23798076923076922 0.53125 0.09735576923076923 0.10697115384615384
1 0.31971153846153844 0.53125 0.07211538461538461 0.10576923076923077
1 0.32572115384615385 0.5300480769230769 0.07572115384615384 0.09615384615384616
1 0.38461538461538464 0.53125 0.056490384615384616 0.07451923076923077
1 0.38822115384615385 0.5336538461538461 0.05048076923076923 0.078125
1 0.5168269230769231 0.4951923076923077 0.038461538461538464 0.046875
1 0.5540865384615384 0.49759615384615385 0.040865384615384616 0.046875
1 0.7572115384615384 0.5384615384615384 0.14302884615384615 0.19471153846153846