10 0.037259615384615384 0.5649038461538461 0.07451923076923077 0.10697115384615384
1 0.03245192307692308 0.5697115384615384 0.06490384615384616 0.11177884615384616
10 0.06009615384615385 0.5540865384615384 0.08052884615384616 0.09735576923076923
1 0.06370192307692307 0.546875 0.08052884615384616 0.08413461538461539
10 0.13701923076923078 0.5456730769230769 0.08653846153846154 0.03485576923076923
1 0.1346153846153846 0.5793269230769231 0.08173076923076923 0.0625
1 0.22596153846153846 0.5949519230769231 0.11538461538461539 0.12259615384615384
1 0.2932692307692308 0.5805288461538461 0.05048076923076923 0.08653846153846154
1 0.40384615384615385 0.5540865384615384 0.021634615384615384 0.027644230769230768
1 0.48197115384615385 0.5757211538461539 0.019230769230769232 0.06971153846153846
1 0.4987980769230769 0.5829326923076923 0.03485576923076923 0.078125
1 0.5012019230769231 0.5709134615384616 0.03485576923076923 0.08052884615384616
1 0.5396634615384616 0.5913461538461539 0.08173076923076923 0.09134615384615384
3 0.6646634615384616 0.3449519230769231 0.03365384615384615 0.11177884615384616