1 0.14182692307692307 0.5144230769230769 0.06971153846153846 0.07451923076923077
1 0.28846153846153844 0.5336538461538461 0.13822115384615385 0.140625
3 0.29086538461538464 0.3473557692307692 0.018028846153846152 0.04927884615384615
4 0.37259615384615385 0.33653846153846156 0.018028846153846152 0.037259615384615384
4 0.37259615384615385 0.33774038461538464 0.013221153846153846 0.040865384615384616
4 0.4326923076923077 0.3449519230769231 0.013221153846153846 0.04326923076923077
1 0.45913461538461536 0.49759615384615385 0.028846153846153848 0.038461538461538464
1 0.5012019230769231 0.5060096153846154 0.06009615384615385 0.078125
4 0.5913461538461539 0.4206730769230769 0.019230769230769232 0.040865384615384616
4 0.6225961538461539 0.3798076923076923 0.02403846153846154 0.056490384615384616
1 0.6586538461538461 0.5024038461538461 0.04447115384615385 0.052884615384615384
1 0.6899038461538461 0.5024038461538461 0.06971153846153846 0.04927884615384615
1 0.7427884615384616 0.49278846153846156 0.08653846153846154 0.06009615384615385
1 0.7896634615384616 0.48677884615384615 0.056490384615384616 0.06490384615384616