3 0.08173076923076923 0.078125 0.16346153846153846 0.15625
1 0.0829326923076923 0.5180288461538461 0.055288461538461536 0.04447115384615385
1 0.08774038461538461 0.5252403846153846 0.037259615384615384 0.052884615384615384
1 0.09375 0.4987980769230769 0.040865384615384616 0.03125
1 0.17067307692307693 0.5024038461538461 0.10096153846153846 0.0625
1 0.27163461538461536 0.5204326923076923 0.10096153846153846 0.08653846153846154
1 0.34615384615384615 0.5180288461538461 0.07211538461538461 0.07451923076923077
1 0.41586538461538464 0.49399038461538464 0.027644230769230768 0.03485576923076923
1 0.41947115384615385 0.5 0.03485576923076923 0.038461538461538464
1 0.4411057692307692 0.5012019230769231 0.025240384615384616 0.04927884615384615
1 0.47475961538461536 0.4963942307692308 0.03365384615384615 0.040865384615384616
1 0.5384615384615384 0.49278846153846156 0.019230769230769232 0.055288461538461536
1 0.5588942307692307 0.49759615384615385 0.018028846153846152 0.04447115384615385
3 0.5685096153846154 0.3605769230769231 0.02403846153846154 0.0625
1 0.5829326923076923 0.4963942307692308 0.038461538461538464 0.06490384615384616
3 0.6526442307692307 0.35697115384615385 0.015625 0.04326923076923077
4 0.7259615384615384 0.4182692307692308 0.018028846153846152 0.05048076923076923
6 0.8004807692307693 0.07692307692307693 0.05048076923076923 0.11778846153846154
3 0.7992788461538461 0.07572115384615384 0.027644230769230768 0.09375
1 0.8497596153846154 0.4879807692307692 0.07211538461538461 0.04326923076923077
1 0.8665865384615384 0.5096153846153846 0.07451923076923077 0.11298076923076923
2 0.9867788461538461 0.4951923076923077 0.02403846153846154 0.09975961538461539