1 0.9387019230769231 0.5204326923076923 0.12139423076923077 0.1935096153846154
2 0.8149038461538461 0.4639423076923077 0.025240384615384616 0.08413461538461539
2 0.796875 0.5024038461538461 0.046875 0.046875
2 0.7764423076923077 0.47475961538461536 0.015625 0.06850961538461539
1 0.04927884615384615 0.5552884615384616 0.09735576923076923 0.09615384615384616
1 0.09495192307692307 0.53125 0.04326923076923077 0.08774038461538461
1 0.13341346153846154 0.53125 0.04326923076923077 0.055288461538461536
1 0.22596153846153846 0.5144230769230769 0.04326923076923077 0.05889423076923077
1 0.26802884615384615 0.5132211538461539 0.03125 0.038461538461538464
1 0.39302884615384615 0.5901442307692307 0.24759615384615385 0.3401442307692308
1 0.5276442307692307 0.5168269230769231 0.09375 0.09014423076923077
2 0.6322115384615384 0.4807692307692308 0.018028846153846152 0.056490384615384616