1 0.9555288461538461 0.6009615384615384 0.08653846153846154 0.25721153846153844
1 0.0829326923076923 0.5444711538461539 0.1658653846153846 0.1622596153846154
1 0.04447115384615385 0.5961538461538461 0.08653846153846154 0.20673076923076922
1 0.18389423076923078 0.5360576923076923 0.07572115384615384 0.09735576923076923
1 0.1935096153846154 0.5408653846153846 0.05048076923076923 0.09615384615384616
1 0.21875 0.48197115384615385 0.09134615384615384 0.06490384615384616
1 0.23197115384615385 0.48197115384615385 0.06009615384615385 0.055288461538461536
1 0.23197115384615385 0.5396634615384616 0.046875 0.06971153846153846
1 0.23798076923076922 0.5444711538461539 0.04326923076923077 0.078125
1 0.26802884615384615 0.5144230769230769 0.056490384615384616 0.09975961538461539
1 0.2824519230769231 0.5144230769230769 0.03485576923076923 0.08052884615384616
1 0.3112980769230769 0.5192307692307693 0.03485576923076923 0.05889423076923077
1 0.31490384615384615 0.5132211538461539 0.03365384615384615 0.06009615384615385
1 0.3293269230769231 0.5036057692307693 0.03125 0.05889423076923077
1 0.35336538461538464 0.5048076923076923 0.02403846153846154 0.0625
10 0.3641826923076923 0.4795673076923077 0.03125 0.10576923076923077
10 0.49038461538461536 0.4543269230769231 0.07451923076923077 0.14302884615384615
1 0.5685096153846154 0.49278846153846156 0.056490384615384616 0.06490384615384616
1 0.6129807692307693 0.5036057692307693 0.055288461538461536 0.08173076923076923
1 0.6766826923076923 0.5685096153846154 0.09134615384615384 0.10336538461538461
1 0.6598557692307693 0.5012019230769231 0.04447115384615385 0.09735576923076923
1 0.6971153846153846 0.5048076923076923 0.08052884615384616 0.06009615384615385
1 0.7608173076923077 0.5372596153846154 0.08653846153846154 0.14302884615384615
1 0.8413461538461539 0.6262019230769231 0.171875 0.21875
1 0.8449519230769231 0.5252403846153846 0.15264423076923078 0.140625