1 0.10697115384615384 0.5300480769230769 0.11177884615384616 0.078125
1 0.26802884615384615 0.5360576923076923 0.09615384615384616 0.1346153846153846
1 0.35336538461538464 0.5252403846153846 0.046875 0.07211538461538461
1 0.38461538461538464 0.5192307692307693 0.021634615384615384 0.03125
10 0.4098557692307692 0.5132211538461539 0.03125 0.0625
1 0.41586538461538464 0.5252403846153846 0.028846153846153848 0.04447115384615385
2 0.5588942307692307 0.5132211538461539 0.019230769230769232 0.056490384615384616
2 0.5829326923076923 0.5240384615384616 0.027644230769230768 0.08774038461538461
2 0.6394230769230769 0.5144230769230769 0.025240384615384616 0.09615384615384616
2 0.6382211538461539 0.5168269230769231 0.025240384615384616 0.08774038461538461
2 0.6634615384615384 0.5120192307692307 0.028846153846153848 0.10336538461538461
2 0.6622596153846154 0.5024038461538461 0.021634615384615384 0.09375