1 0.2608173076923077 0.5264423076923077 0.09735576923076923 0.109375
1 0.3245192307692308 0.5084134615384616 0.052884615384615384 0.06850961538461539
1 0.32572115384615385 0.5084134615384616 0.04447115384615385 0.0625
1 0.35697115384615385 0.5096153846153846 0.01201923076923077 0.03365384615384615
1 0.43509615384615385 0.5036057692307693 0.05048076923076923 0.038461538461538464
1 0.49759615384615385 0.4987980769230769 0.04326923076923077 0.04447115384615385
6 0.5024038461538461 0.35216346153846156 0.018028846153846152 0.03485576923076923
1 0.5420673076923077 0.49759615384615385 0.05048076923076923 0.0625
6 0.5721153846153846 0.36778846153846156 0.018028846153846152 0.040865384615384616
1 0.5793269230769231 0.49759615384615385 0.021634615384615384 0.052884615384615384
1 0.5925480769230769 0.5024038461538461 0.013221153846153846 0.05048076923076923
1 0.6213942307692307 0.5048076923076923 0.040865384615384616 0.07451923076923077
1 0.6117788461538461 0.5048076923076923 0.021634615384615384 0.056490384615384616
6 0.6117788461538461 0.4543269230769231 0.009615384615384616 0.028846153846153848
1 0.6538461538461539 0.5072115384615384 0.07572115384615384 0.08052884615384616
6 0.6538461538461539 0.4326923076923077 0.015625 0.040865384615384616
6 0.6778846153846154 0.41346153846153844 0.018028846153846152 0.03485576923076923
2 0.8870192307692307 0.46634615384615385 0.021634615384615384 0.08653846153846154
2 0.8930288461538461 0.48197115384615385 0.021634615384615384 0.078125