2 0.030048076923076924 0.6514423076923077 0.06009615384615385 0.5721153846153846
1 0.12740384615384615 0.5552884615384616 0.078125 0.07572115384615384
2 0.9086538461538461 0.5048076923076923 0.1778846153846154 0.9867788461538461
1 0.22716346153846154 0.5444711538461539 0.08413461538461539 0.09375
1 0.2824519230769231 0.5288461538461539 0.03125 0.06490384615384616
1 0.30528846153846156 0.5180288461538461 0.028846153846153848 0.06490384615384616
1 0.3557692307692308 0.5144230769230769 0.03365384615384615 0.046875
1 0.43509615384615385 0.5216346153846154 0.04927884615384615 0.052884615384615384
3 0.5817307692307693 0.3137019230769231 0.025240384615384616 0.09615384615384616
1 0.6947115384615384 0.5408653846153846 0.21514423076923078 0.23197115384615385
2 0.9855769230769231 0.47475961538461536 0.025240384615384616 0.1502403846153846