1 0.21153846153846154 0.546875 0.04326923076923077 0.05048076923076923
1 0.21153846153846154 0.5516826923076923 0.04326923076923077 0.046875
1 0.25721153846153844 0.5444711538461539 0.03485576923076923 0.03485576923076923
1 0.2608173076923077 0.5444711538461539 0.03365384615384615 0.038461538461538464
1 0.34375 0.5420673076923077 0.025240384615384616 0.03365384615384615
1 0.34134615384615385 0.5420673076923077 0.019230769230769232 0.027644230769230768
1 0.37259615384615385 0.5408653846153846 0.03485576923076923 0.05048076923076923
1 0.39903846153846156 0.5336538461538461 0.025240384615384616 0.03365384615384615
1 0.41466346153846156 0.5576923076923077 0.052884615384615384 0.06850961538461539
1 0.4387019230769231 0.5372596153846154 0.021634615384615384 0.03125
4 0.6117788461538461 0.3473557692307692 0.03365384615384615 0.10576923076923077
4 0.6153846153846154 0.3485576923076923 0.028846153846153848 0.09615384615384616
1 0.8689903846153846 0.5024038461538461 0.12259615384615384 0.037259615384615384
1 0.8786057692307693 0.5108173076923077 0.12139423076923077 0.055288461538461536