1 0.12980769230769232 0.5012019230769231 0.20072115384615385 0.08173076923076923
5 0.22596153846153846 0.46875 0.02403846153846154 0.04447115384615385
1 0.31490384615384615 0.5132211538461539 0.04447115384615385 0.056490384615384616
1 0.3942307692307692 0.5 0.08052884615384616 0.08052884615384616
4 0.37259615384615385 0.43509615384615385 0.018028846153846152 0.037259615384615384
5 0.3713942307692308 0.4254807692307692 0.013221153846153846 0.038461538461538464
0 0.5865384615384616 0.49759615384615385 0.021634615384615384 0.05048076923076923
1 0.8209134615384616 0.49158653846153844 0.06009615384615385 0.09134615384615384
1 0.8257211538461539 0.48677884615384615 0.06850961538461539 0.07211538461538461
1 0.9086538461538461 0.49158653846153844 0.15625 0.09014423076923077
1 0.9086538461538461 0.4795673076923077 0.12860576923076922 0.07451923076923077