10 0.06129807692307692 0.47836538461538464 0.12139423076923077 0.15384615384615385
1 0.11538461538461539 0.5576923076923077 0.09134615384615384 0.09134615384615384
1 0.18509615384615385 0.47716346153846156 0.14423076923076922 0.11899038461538461
10 0.17668269230769232 0.5012019230769231 0.078125 0.1346153846153846
1 0.28125 0.6225961538461539 0.2692307692307692 0.31490384615384615
10 0.39903846153846156 0.5144230769230769 0.12259615384615384 0.20552884615384615
1 0.4326923076923077 0.5144230769230769 0.08413461538461539 0.2692307692307692
1 0.5048076923076923 0.5288461538461539 0.05048076923076923 0.06610576923076923
1 0.5528846153846154 0.5264423076923077 0.046875 0.15625
1 0.5805288461538461 0.5252403846153846 0.09375 0.12740384615384615
1 0.6526442307692307 0.5540865384615384 0.16947115384615385 0.16346153846153846
10 0.7391826923076923 0.47596153846153844 0.11899038461538461 0.18990384615384615
1 0.75 0.47596153846153844 0.08774038461538461 0.14903846153846154