2 0.030048076923076924 0.5108173076923077 0.038461538461538464 0.14903846153846154
6 0.10697115384615384 0.30528846153846156 0.03125 0.07451923076923077
6 0.1045673076923077 0.31009615384615385 0.025240384615384616 0.07451923076923077
1 0.2980769230769231 0.5072115384615384 0.23677884615384615 0.14302884615384615
1 0.48197115384615385 0.47115384615384615 0.021634615384615384 0.03365384615384615
1 0.5384615384615384 0.4831730769230769 0.018028846153846152 0.056490384615384616
1 0.5661057692307693 0.49158653846153844 0.046875 0.06850961538461539
1 0.5697115384615384 0.49278846153846156 0.037259615384615384 0.046875
1 0.6129807692307693 0.4963942307692308 0.0625 0.07211538461538461
6 0.6153846153846154 0.27403846153846156 0.02403846153846154 0.08653846153846154
1 0.8810096153846154 0.4987980769230769 0.23197115384615385 0.15865384615384615
1 0.8846153846153846 0.49278846153846156 0.22235576923076922 0.19110576923076922
2 0.8149038461538461 0.46153846153846156 0.02403846153846154 0.09975961538461539
2 0.8149038461538461 0.4567307692307692 0.019230769230769232 0.09735576923076923