3 0.21514423076923078 0.35697115384615385 0.019230769230769232 0.055288461538461536
1 0.27283653846153844 0.5180288461538461 0.025240384615384616 0.03125
1 0.3112980769230769 0.5108173076923077 0.019230769230769232 0.019230769230769232
1 0.34134615384615385 0.5216346153846154 0.052884615384615384 0.06971153846153846
1 0.33774038461538464 0.5168269230769231 0.037259615384615384 0.056490384615384616
3 0.3317307692307692 0.40865384615384615 0.009615384615384616 0.03485576923076923
1 0.36538461538461536 0.5132211538461539 0.018028846153846152 0.046875
3 0.3701923076923077 0.37740384615384615 0.018028846153846152 0.040865384615384616
1 0.4326923076923077 0.5384615384615384 0.10697115384615384 0.12259615384615384
4 0.39663461538461536 0.42908653846153844 0.009615384615384616 0.021634615384615384
4 0.4230769230769231 0.4411057692307692 0.015625 0.03365384615384615
1 0.48197115384615385 0.5024038461538461 0.037259615384615384 0.056490384615384616
1 0.4831730769230769 0.5144230769230769 0.025240384615384616 0.04326923076923077
4 0.49038461538461536 0.4266826923076923 0.019230769230769232 0.037259615384615384
1 0.5793269230769231 0.5252403846153846 0.06850961538461539 0.06850961538461539
1 0.5829326923076923 0.5252403846153846 0.06610576923076923 0.0625
1 0.5913461538461539 0.5120192307692307 0.021634615384615384 0.040865384615384616
10 0.6430288461538461 0.49759615384615385 0.07572115384615384 0.10336538461538461
10 0.6442307692307693 0.5048076923076923 0.07572115384615384 0.09735576923076923
4 0.6598557692307693 0.4483173076923077 0.015625 0.03125
1 0.9014423076923077 0.5504807692307693 0.16947115384615385 0.12259615384615384
1 0.9050480769230769 0.5552884615384616 0.171875 0.12259615384615384