3 0.057692307692307696 0.39903846153846156 0.019230769230769232 0.046875
0 0.125 0.49759615384615385 0.04326923076923077 0.052884615384615384
0 0.125 0.5132211538461539 0.025240384615384616 0.07451923076923077
6 0.3798076923076923 0.390625 0.019230769230769232 0.0625
6 0.38100961538461536 0.3713942307692308 0.015625 0.04927884615384615
1 0.4699519230769231 0.5084134615384616 0.16346153846153846 0.11899038461538461
1 0.4182692307692308 0.5036057692307693 0.021634615384615384 0.028846153846153848
1 0.5576923076923077 0.5132211538461539 0.04447115384615385 0.06610576923076923
1 0.5637019230769231 0.5144230769230769 0.038461538461538464 0.06610576923076923
1 0.7680288461538461 0.5348557692307693 0.3245192307692308 0.16826923076923078
6 0.6538461538461539 0.38822115384615385 0.018028846153846152 0.0625