1 0.7415865384615384 0.5300480769230769 0.07211538461538461 0.08653846153846154
1 0.9387019230769231 0.5336538461538461 0.11177884615384616 0.10697115384615384
1 0.028846153846153848 0.5625 0.055288461538461536 0.10576923076923077
1 0.03125 0.5576923076923077 0.06009615384615385 0.07451923076923077
1 0.09134615384615384 0.546875 0.13221153846153846 0.08653846153846154
1 0.0985576923076923 0.5288461538461539 0.11298076923076923 0.0625
1 0.15504807692307693 0.5408653846153846 0.078125 0.08653846153846154
1 0.17427884615384615 0.53125 0.040865384615384616 0.05889423076923077
1 0.3137019230769231 0.5528846153846154 0.10336538461538461 0.12860576923076922
1 0.6670673076923077 0.5360576923076923 0.09014423076923077 0.07451923076923077
1 0.8221153846153846 0.5264423076923077 0.13701923076923078 0.10697115384615384
1 0.8221153846153846 0.5276442307692307 0.1310096153846154 0.09615384615384616
10 0.8846153846153846 0.4519230769230769 0.2283653846153846 0.1658653846153846