1 0.03485576923076923 0.5396634615384616 0.06971153846153846 0.1658653846153846
10 0.07572115384615384 0.5024038461538461 0.10697115384615384 0.08653846153846154
1 0.0889423076923077 0.578125 0.1346153846153846 0.18028846153846154
1 0.28365384615384615 0.5913461538461539 0.32572115384615385 0.42427884615384615
3 0.31850961538461536 0.3293269230769231 0.018028846153846152 0.05048076923076923
6 0.41346153846153844 0.32572115384615385 0.018028846153846152 0.04326923076923077
1 0.49759615384615385 0.5192307692307693 0.037259615384615384 0.05889423076923077
6 0.49158653846153844 0.32572115384615385 0.018028846153846152 0.05048076923076923
1 0.5240384615384616 0.5216346153846154 0.025240384615384616 0.038461538461538464
1 0.6947115384615384 0.5649038461538461 0.16346153846153846 0.17548076923076922
2 0.6334134615384616 0.5216346153846154 0.019230769230769232 0.056490384615384616
2 0.6346153846153846 0.5132211538461539 0.013221153846153846 0.038461538461538464
6 0.6802884615384616 0.41586538461538464 0.015625 0.04447115384615385
10 0.8930288461538461 0.4831730769230769 0.21153846153846154 0.1466346153846154
6 0.9302884615384616 0.2548076923076923 0.04927884615384615 0.15985576923076922
2 0.9579326923076923 0.5420673076923077 0.028846153846153848 0.11899038461538461