2 0.4987980769230769 0.5264423076923077 0.009615384615384616 0.052884615384615384
2 0.5084134615384616 0.5228365384615384 0.009615384615384616 0.05048076923076923
2 0.5216346153846154 0.5216346153846154 0.01201923076923077 0.0625
2 0.5300480769230769 0.5288461538461539 0.009615384615384616 0.05048076923076923
1 0.5817307692307693 0.5252403846153846 0.06009615384615385 0.06490384615384616
1 0.5805288461538461 0.5264423076923077 0.056490384615384616 0.07451923076923077
1 0.6177884615384616 0.5132211538461539 0.027644230769230768 0.038461538461538464
0 0.6574519230769231 0.5300480769230769 0.025240384615384616 0.0625
0 0.6574519230769231 0.5276442307692307 0.02403846153846154 0.06490384615384616
1 0.6947115384615384 0.5084134615384616 0.055288461538461536 0.05048076923076923
0 0.7391826923076923 0.5625 0.05048076923076923 0.2283653846153846
0 0.7403846153846154 0.5625 0.037259615384615384 0.2283653846153846