1 0.6694711538461539 0.5096153846153846 0.5180288461538461 0.32572115384615385
1 0.0733173076923077 0.4735576923076923 0.05048076923076923 0.06009615384615385
1 0.12740384615384615 0.46634615384615385 0.03485576923076923 0.05048076923076923
1 0.15144230769230768 0.47115384615384615 0.03125 0.037259615384615384
1 0.15264423076923078 0.47475961538461536 0.03125 0.04326923076923077
1 0.23798076923076922 0.48197115384615385 0.05048076923076923 0.05048076923076923
1 0.24158653846153846 0.4831730769230769 0.04326923076923077 0.05048076923076923
6 0.24158653846153846 0.13221153846153846 0.028846153846153848 0.09615384615384616
1 0.29447115384615385 0.47596153846153844 0.046875 0.04447115384615385
1 0.3004807692307692 0.4807692307692308 0.052884615384615384 0.056490384615384616
6 0.46634615384615385 0.31009615384615385 0.027644230769230768 0.08774038461538461