1 0.43990384615384615 0.5240384615384616 0.019230769230769232 0.027644230769230768
1 0.40625 0.5288461538461539 0.025240384615384616 0.037259615384615384
1 0.9699519230769231 0.5745192307692307 0.056490384615384616 0.09014423076923077
1 0.08533653846153846 0.5564903846153846 0.09134615384615384 0.07211538461538461
1 0.18509615384615385 0.5408653846153846 0.027644230769230768 0.04326923076923077
1 0.34134615384615385 0.5288461538461539 0.03365384615384615 0.04326923076923077
1 0.4675480769230769 0.5264423076923077 0.04447115384615385 0.06009615384615385
1 0.5288461538461539 0.5492788461538461 0.09375 0.12259615384615384
10 0.5817307692307693 0.5168269230769231 0.04326923076923077 0.06610576923076923
1 0.5865384615384616 0.5144230769230769 0.04326923076923077 0.07211538461538461
1 0.6742788461538461 0.5456730769230769 0.06610576923076923 0.06850961538461539
1 0.8197115384615384 0.578125 0.18509615384615385 0.16346153846153846