0 0.8016826923076923 0.5096153846153846 0.03125 0.08173076923076923
1 0.11057692307692307 0.5396634615384616 0.12139423076923077 0.11298076923076923
1 0.17908653846153846 0.5336538461538461 0.04927884615384615 0.052884615384615384
1 0.4326923076923077 0.5540865384615384 0.29927884615384615 0.140625
7 0.4230769230769231 0.31971153846153844 0.019230769230769232 0.0625
6 0.49759615384615385 0.31850961538461536 0.025240384615384616 0.06610576923076923
1 0.5961538461538461 0.5384615384615384 0.21514423076923078 0.12259615384615384
10 0.5396634615384616 0.4795673076923077 0.04326923076923077 0.06850961538461539
10 0.5384615384615384 0.47475961538461536 0.038461538461538464 0.04927884615384615
6 0.6442307692307693 0.41346153846153844 0.025240384615384616 0.06971153846153846
1 0.9338942307692307 0.515625 0.10697115384615384 0.08173076923076923
1 0.9423076923076923 0.7091346153846154 0.109375 0.49759615384615385