2 0.9266826923076923 0.5336538461538461 0.019230769230769232 0.12740384615384615
0 0.9651442307692307 0.5252403846153846 0.052884615384615384 0.18990384615384615
2 0.06129807692307692 0.5817307692307693 0.009615384615384616 0.0625
1 0.16947115384615385 0.5877403846153846 0.08413461538461539 0.10697115384615384
1 0.2860576923076923 0.5865384615384616 0.07211538461538461 0.08052884615384616
3 0.34375 0.24879807692307693 0.02403846153846154 0.08653846153846154
1 0.43990384615384615 0.5516826923076923 0.10697115384615384 0.15384615384615385
4 0.49399038461538464 0.25721153846153844 0.02403846153846154 0.08653846153846154
4 0.7932692307692307 0.4110576923076923 0.025240384615384616 0.07211538461538461
0 0.8269230769230769 0.5348557692307693 0.04927884615384615 0.18028846153846154
0 0.8293269230769231 0.5372596153846154 0.04326923076923077 0.1875
2 0.8617788461538461 0.5444711538461539 0.025240384615384616 0.11778846153846154
2 0.8942307692307693 0.5432692307692307 0.028846153846153848 0.12139423076923077
2 0.9098557692307693 0.5432692307692307 0.013221153846153846 0.1310096153846154