1 0.09615384615384616 0.5144230769230769 0.09134615384615384 0.08413461538461539
1 0.0985576923076923 0.5144230769230769 0.07211538461538461 0.07211538461538461
1 0.15144230769230768 0.5132211538461539 0.05048076923076923 0.055288461538461536
1 0.15504807692307693 0.5144230769230769 0.037259615384615384 0.0625
1 0.2512019230769231 0.49759615384615385 0.06009615384615385 0.07451923076923077
1 0.24879807692307693 0.4987980769230769 0.056490384615384616 0.06490384615384616
1 0.28846153846153844 0.5012019230769231 0.02403846153846154 0.04447115384615385
1 0.33533653846153844 0.5024038461538461 0.08653846153846154 0.11778846153846154
1 0.4050480769230769 0.49759615384615385 0.040865384615384616 0.0625
1 0.46153846153846156 0.49759615384615385 0.021634615384615384 0.038461538461538464
1 0.5372596153846154 0.5072115384615384 0.052884615384615384 0.078125
1 0.5384615384615384 0.5072115384615384 0.05048076923076923 0.06490384615384616
1 0.5721153846153846 0.5204326923076923 0.037259615384615384 0.09134615384615384
1 0.5997596153846154 0.5300480769230769 0.04447115384615385 0.109375
1 0.6911057692307693 0.5492788461538461 0.13822115384615385 0.14903846153846154