1 0.3858173076923077 0.5180288461538461 0.013221153846153846 0.018028846153846152
10 0.06490384615384616 0.5240384615384616 0.12139423076923077 0.08173076923076923
1 0.2704326923076923 0.5540865384615384 0.12860576923076922 0.09375
6 0.3557692307692308 0.18990384615384615 0.03485576923076923 0.08653846153846154
1 0.4891826923076923 0.5240384615384616 0.09735576923076923 0.06850961538461539
1 0.49158653846153844 0.5264423076923077 0.09735576923076923 0.078125
6 0.6009615384615384 0.35216346153846156 0.028846153846153848 0.08774038461538461
6 0.6045673076923077 0.34975961538461536 0.018028846153846152 0.07451923076923077
2 0.7247596153846154 0.5288461538461539 0.05048076923076923 0.16826923076923078
2 0.8088942307692307 0.5384615384615384 0.03365384615384615 0.16826923076923078
2 0.8473557692307693 0.5384615384615384 0.028846153846153848 0.16947115384615385