1 0.33653846153846156 0.5192307692307693 0.03125 0.028846153846153848
1 0.2956730769230769 0.5240384615384616 0.04447115384615385 0.04326923076923077
1 0.25 0.5288461538461539 0.06490384615384616 0.07211538461538461
1 0.09615384615384616 0.5480769230769231 0.1466346153846154 0.14423076923076922
1 0.21153846153846154 0.5372596153846154 0.078125 0.08653846153846154
6 0.18269230769230768 0.4807692307692308 0.01201923076923077 0.027644230769230768
7 0.3581730769230769 0.39903846153846156 0.013221153846153846 0.03485576923076923
6 0.40865384615384615 0.4050480769230769 0.018028846153846152 0.038461538461538464
1 0.4230769230769231 0.5192307692307693 0.04326923076923077 0.052884615384615384
1 0.4699519230769231 0.515625 0.05889423076923077 0.038461538461538464
6 0.5120192307692307 0.42427884615384615 0.015625 0.040865384615384616
6 0.5132211538461539 0.42427884615384615 0.018028846153846152 0.04326923076923077
2 0.7536057692307693 0.46875 0.018028846153846152 0.046875
2 0.7836538461538461 0.46274038461538464 0.02403846153846154 0.052884615384615384