1 0.009615384615384616 0.5084134615384616 0.019230769230769232 0.06490384615384616
1 0.08173076923076923 0.49038461538461536 0.09134615384615384 0.08413461538461539
1 0.16826923076923078 0.48677884615384615 0.05889423076923077 0.0625
1 0.21153846153846154 0.48677884615384615 0.03125 0.03365384615384615
7 0.38100961538461536 0.2824519230769231 0.025240384615384616 0.08173076923076923
7 0.3870192307692308 0.27524038461538464 0.018028846153846152 0.0625
1 0.5132211538461539 0.5901442307692307 0.26802884615384615 0.3245192307692308
6 0.5096153846153846 0.27283653846153844 0.021634615384615384 0.0625
6 0.6430288461538461 0.29927884615384615 0.027644230769230768 0.07451923076923077
1 0.734375 0.46875 0.055288461538461536 0.038461538461538464
1 0.8653846153846154 0.5576923076923077 0.2620192307692308 0.38822115384615385
6 0.7524038461538461 0.3798076923076923 0.025240384615384616 0.06971153846153846
6 0.7524038461538461 0.37740384615384615 0.018028846153846152 0.05048076923076923