2 0.06370192307692307 0.49158653846153844 0.04326923076923077 0.10336538461538461
2 0.056490384615384616 0.5192307692307693 0.028846153846153848 0.078125
2 0.06850961538461539 0.4855769230769231 0.018028846153846152 0.06971153846153846
6 0.20432692307692307 0.34615384615384615 0.025240384615384616 0.06610576923076923
6 0.20552884615384615 0.34975961538461536 0.025240384615384616 0.07572115384615384
2 0.30288461538461536 0.4831730769230769 0.040865384615384616 0.11298076923076923
2 0.38100961538461536 0.47836538461538464 0.01201923076923077 0.055288461538461536
2 0.38822115384615385 0.49158653846153844 0.01201923076923077 0.05889423076923077
2 0.5264423076923077 0.48197115384615385 0.021634615384615384 0.05889423076923077
1 0.5384615384615384 0.4831730769230769 0.018028846153846152 0.056490384615384616
1 0.5649038461538461 0.4891826923076923 0.037259615384615384 0.0625
1 0.5649038461538461 0.4855769230769231 0.037259615384615384 0.046875
6 0.5913461538461539 0.3245192307692308 0.018028846153846152 0.06850961538461539
2 0.7175480769230769 0.47596153846153844 0.021634615384615384 0.08173076923076923
2 0.7199519230769231 0.4735576923076923 0.021634615384615384 0.09014423076923077
1 0.9855769230769231 0.46634615384615385 0.027644230769230768 0.14423076923076922