1 0.056490384615384616 0.5288461538461539 0.11298076923076923 0.2403846153846154
1 0.06610576923076923 0.49038461538461536 0.09375 0.09014423076923077
1 0.20673076923076922 0.5252403846153846 0.1971153846153846 0.19951923076923078
1 0.21754807692307693 0.5384615384615384 0.21514423076923078 0.26802884615384615
5 0.2512019230769231 0.3425480769230769 0.02403846153846154 0.06490384615384616
5 0.2536057692307692 0.33533653846153844 0.019230769230769232 0.05048076923076923
1 0.49278846153846156 0.6322115384615384 0.46153846153846156 0.47475961538461536
5 0.30649038461538464 0.3425480769230769 0.019230769230769232 0.055288461538461536
4 0.3858173076923077 0.34134615384615385 0.019230769230769232 0.055288461538461536
3 0.3918269230769231 0.3329326923076923 0.018028846153846152 0.046875
4 0.44591346153846156 0.34615384615384615 0.03365384615384615 0.07451923076923077
6 0.44591346153846156 0.34134615384615385 0.018028846153846152 0.04927884615384615
4 0.5697115384615384 0.41466346153846156 0.018028846153846152 0.06009615384615385
4 0.5721153846153846 0.40625 0.018028846153846152 0.04447115384615385
1 0.8389423076923077 0.4855769230769231 0.14423076923076922 0.09615384615384616