1 0.9338942307692307 0.47716346153846156 0.09975961538461539 0.08052884615384616
1 0.025240384615384616 0.5252403846153846 0.05048076923076923 0.06610576923076923
1 0.22115384615384615 0.5024038461538461 0.056490384615384616 0.06971153846153846
3 0.20673076923076922 0.2860576923076923 0.018028846153846152 0.04927884615384615
1 0.2956730769230769 0.5252403846153846 0.1310096153846154 0.13822115384615385
4 0.3112980769230769 0.2644230769230769 0.021634615384615384 0.046875
4 0.3137019230769231 0.26802884615384615 0.02403846153846154 0.06490384615384616
4 0.4026442307692308 0.27283653846153844 0.018028846153846152 0.055288461538461536
1 0.45552884615384615 0.49158653846153844 0.03125 0.040865384615384616
1 0.4963942307692308 0.49759615384615385 0.06009615384615385 0.078125
4 0.6225961538461539 0.38221153846153844 0.019230769230769232 0.04326923076923077
1 0.7055288461538461 0.49278846153846156 0.04447115384615385 0.06490384615384616
4 0.7067307692307693 0.2800480769230769 0.028846153846153848 0.09735576923076923
1 0.7632211538461539 0.49158653846153844 0.08774038461538461 0.07211538461538461
1 0.8569711538461539 0.484375 0.12259615384615384 0.08653846153846154