1 0.21754807692307693 0.7055288461538461 0.43509615384615385 0.49038461538461536
2 0.12740384615384615 0.41586538461538464 0.015625 0.03125
6 0.1502403846153846 0.39903846153846156 0.018028846153846152 0.055288461538461536
1 0.44591346153846156 0.53125 0.03365384615384615 0.046875
6 0.5264423076923077 0.3713942307692308 0.019230769230769232 0.06850961538461539
2 0.6237980769230769 0.5456730769230769 0.018028846153846152 0.07572115384615384
2 0.6430288461538461 0.5252403846153846 0.021634615384615384 0.07572115384615384
2 0.6730769230769231 0.5336538461538461 0.027644230769230768 0.09615384615384616
2 0.8401442307692307 0.5288461538461539 0.04447115384615385 0.2403846153846154
2 0.8930288461538461 0.5252403846153846 0.04927884615384615 0.2403846153846154
2 0.9807692307692307 0.5480769230769231 0.03485576923076923 0.22235576923076922