1 0.06610576923076923 0.5528846153846154 0.13221153846153846 0.12139423076923077
8 0.07932692307692307 0.38461538461538464 0.025240384615384616 0.07572115384615384
1 0.27403846153846156 0.5252403846153846 0.11538461538461539 0.1346153846153846
1 0.4110576923076923 0.5913461538461539 0.18509615384615385 0.2283653846153846
8 0.5096153846153846 0.3473557692307692 0.02403846153846154 0.078125
2 0.5576923076923077 0.5060096153846154 0.025240384615384616 0.09134615384615384
2 0.5901442307692307 0.5024038461538461 0.02403846153846154 0.08052884615384616
2 0.5889423076923077 0.4963942307692308 0.019230769230769232 0.055288461538461536
2 0.6201923076923077 0.5060096153846154 0.027644230769230768 0.09735576923076923
2 0.6213942307692307 0.5108173076923077 0.02403846153846154 0.09134615384615384
2 0.6538461538461539 0.5024038461538461 0.018028846153846152 0.08653846153846154
2 0.6694711538461539 0.5144230769230769 0.03365384615384615 0.12259615384615384
2 0.6742788461538461 0.5144230769230769 0.038461538461538464 0.11177884615384616
2 0.7872596153846154 0.5276442307692307 0.04326923076923077 0.3317307692307692
2 0.8233173076923077 0.5805288461538461 0.09134615384615384 0.5072115384615384
2 0.8882211538461539 0.5516826923076923 0.03485576923076923 0.3245192307692308
2 0.9134615384615384 0.5384615384615384 0.055288461538461536 0.359375
2 0.9579326923076923 0.5396634615384616 0.0625 0.35697115384615385