1 0.052884615384615384 0.46274038461538464 0.038461538461538464 0.055288461538461536
1 0.051682692307692304 0.4735576923076923 0.037259615384615384 0.056490384615384616
1 0.08653846153846154 0.47716346153846156 0.037259615384615384 0.04326923076923077
1 0.09014423076923077 0.4699519230769231 0.037259615384615384 0.037259615384615384
1 0.12379807692307693 0.48197115384615385 0.04927884615384615 0.04927884615384615
1 0.12980769230769232 0.47596153846153844 0.05048076923076923 0.040865384615384616
1 0.15865384615384615 0.4675480769230769 0.019230769230769232 0.04927884615384615
1 0.19591346153846154 0.47115384615384615 0.055288461538461536 0.06490384615384616
1 0.19951923076923078 0.4735576923076923 0.046875 0.06009615384615385
1 0.24759615384615385 0.4699519230769231 0.040865384615384616 0.046875
1 0.24879807692307693 0.46875 0.037259615384615384 0.04326923076923077
6 0.4170673076923077 0.32091346153846156 0.019230769230769232 0.04927884615384615
7 0.4170673076923077 0.32091346153846156 0.019230769230769232 0.04447115384615385
1 0.5024038461538461 0.4951923076923077 0.08173076923076923 0.09735576923076923
6 0.5024038461538461 0.3161057692307692 0.025240384615384616 0.03365384615384615
6 0.5060096153846154 0.32091346153846156 0.013221153846153846 0.052884615384615384
6 0.6009615384615384 0.3329326923076923 0.02403846153846154 0.040865384615384616
6 0.6033653846153846 0.32572115384615385 0.019230769230769232 0.038461538461538464
1 0.6622596153846154 0.49158653846153844 0.12740384615384615 0.1346153846153846
6 0.6814903846153846 0.3954326923076923 0.021634615384615384 0.04447115384615385
6 0.6826923076923077 0.39663461538461536 0.018028846153846152 0.05048076923076923
6 0.8076923076923077 0.33533653846153844 0.03125 0.09014423076923077
6 0.8137019230769231 0.3245192307692308 0.019230769230769232 0.06610576923076923