1 0.18870192307692307 0.5444711538461539 0.1935096153846154 0.1814903846153846
6 0.19110576923076922 0.4423076923076923 0.018028846153846152 0.025240384615384616
1 0.33052884615384615 0.47475961538461536 0.028846153846153848 0.028846153846153848
6 0.35697115384615385 0.4206730769230769 0.013221153846153846 0.03125
4 0.4362980769230769 0.3425480769230769 0.015625 0.038461538461538464
4 0.4387019230769231 0.34375 0.013221153846153846 0.04927884615384615
4 0.5841346153846154 0.41947115384615385 0.015625 0.03485576923076923
4 0.609375 0.40024038461538464 0.018028846153846152 0.052884615384615384
4 0.6069711538461539 0.4182692307692308 0.01201923076923077 0.03485576923076923
10 0.6694711538461539 0.45552884615384615 0.11177884615384616 0.09615384615384616
1 0.6983173076923077 0.45913461538461536 0.12860576923076922 0.10576923076923077
1 0.7379807692307693 0.49399038461538464 0.08173076923076923 0.07451923076923077
1 0.7391826923076923 0.49038461538461536 0.08173076923076923 0.052884615384615384
1 0.8569711538461539 0.4699519230769231 0.11298076923076923 0.06971153846153846
1 0.8509615384615384 0.47836538461538464 0.09134615384615384 0.038461538461538464
1 0.8617788461538461 0.45072115384615385 0.08413461538461539 0.052884615384615384
1 0.9194711538461539 0.4639423076923077 0.08052884615384616 0.055288461538461536
1 0.9350961538461539 0.46033653846153844 0.056490384615384616 0.056490384615384616