10 0.05889423076923077 0.49399038461538464 0.11778846153846154 0.18509615384615385
1 0.11778846153846154 0.5637019230769231 0.10576923076923077 0.109375
10 0.1814903846153846 0.5072115384615384 0.13221153846153846 0.17427884615384615
1 0.18509615384615385 0.5120192307692307 0.1346153846153846 0.15625
1 0.3161057692307692 0.6033653846153846 0.22235576923076922 0.28725961538461536
1 0.39903846153846156 0.5 0.14903846153846154 0.22235576923076922
10 0.40024038461538464 0.5276442307692307 0.12860576923076922 0.19110576923076922
1 0.5084134615384616 0.5372596153846154 0.056490384615384616 0.07451923076923077
1 0.5865384615384616 0.5336538461538461 0.10697115384615384 0.15264423076923078
1 0.6550480769230769 0.5600961538461539 0.16947115384615385 0.16826923076923078
1 0.7524038461538461 0.47596153846153844 0.09615384615384616 0.18509615384615385
10 0.7584134615384616 0.4951923076923077 0.10336538461538461 0.18389423076923078