1 0.9254807692307693 0.6081730769230769 0.14423076923076922 0.34975961538461536
1 0.03485576923076923 0.53125 0.06971153846153846 0.11298076923076923
1 0.4050480769230769 0.5384615384615384 0.12740384615384615 0.17548076923076922
6 0.3894230769230769 0.45913461538461536 0.015625 0.021634615384615384
1 0.46875 0.5348557692307693 0.056490384615384616 0.08052884615384616
6 0.5180288461538461 0.4579326923076923 0.015625 0.037259615384615384
1 0.5805288461538461 0.5408653846153846 0.04326923076923077 0.09134615384615384
1 0.6237980769230769 0.5408653846153846 0.07572115384615384 0.125
1 0.6899038461538461 0.5637019230769231 0.12259615384615384 0.16947115384615385
2 0.6850961538461539 0.4795673076923077 0.027644230769230768 0.04326923076923077
1 0.8016826923076923 0.5997596153846154 0.20673076923076922 0.2127403846153846
2 0.7211538461538461 0.49158653846153844 0.02403846153846154 0.04447115384615385