1 0.051682692307692304 0.546875 0.10336538461538461 0.11177884615384616
1 0.9471153846153846 0.5769230769230769 0.10336538461538461 0.3125
1 0.8545673076923077 0.5552884615384616 0.2403846153846154 0.2247596153846154
1 0.30528846153846156 0.5132211538461539 0.055288461538461536 0.052884615384615384
1 0.30528846153846156 0.5132211538461539 0.040865384615384616 0.038461538461538464
1 0.32572115384615385 0.5 0.046875 0.06009615384615385
1 0.3329326923076923 0.4951923076923077 0.019230769230769232 0.05048076923076923
1 0.35096153846153844 0.5048076923076923 0.021634615384615384 0.038461538461538464
1 0.4951923076923077 0.49278846153846156 0.04447115384615385 0.07451923076923077
1 0.5901442307692307 0.5024038461538461 0.055288461538461536 0.08413461538461539
1 0.6201923076923077 0.5240384615384616 0.04326923076923077 0.08653846153846154
1 0.6550480769230769 0.53125 0.04326923076923077 0.09975961538461539
1 0.7019230769230769 0.5384615384615384 0.06490384615384616 0.13822115384615385
1 0.7199519230769231 0.5384615384615384 0.09134615384615384 0.125