2 0.45913461538461536 0.5204326923076923 0.019230769230769232 0.06610576923076923
2 0.5709134615384616 0.5192307692307693 0.018028846153846152 0.07211538461538461
2 0.5360576923076923 0.5288461538461539 0.037259615384615384 0.08052884615384616
0 0.02283653846153846 0.5552884615384616 0.04326923076923077 0.08052884615384616
2 0.02403846153846154 0.5540865384615384 0.03485576923076923 0.07572115384615384
1 0.12139423076923077 0.5408653846153846 0.08413461538461539 0.08173076923076923
1 0.33052884615384615 0.6526442307692307 0.32572115384615385 0.41225961538461536
7 0.2800480769230769 0.27524038461538464 0.019230769230769232 0.0625
6 0.3894230769230769 0.28725961538461536 0.018028846153846152 0.06971153846153846
6 0.5625 0.40865384615384615 0.021634615384615384 0.0625
1 0.7163461538461539 0.5204326923076923 0.21634615384615385 0.125
2 0.7944711538461539 0.5769230769230769 0.08413461538461539 0.26322115384615385
1 0.8665865384615384 0.5192307692307693 0.109375 0.09134615384615384