1 0.04567307692307692 0.515625 0.09134615384615384 0.18028846153846154
1 0.04567307692307692 0.5504807692307693 0.07451923076923077 0.22115384615384615
1 0.09495192307692307 0.5805288461538461 0.12860576923076922 0.17427884615384615
10 0.10697115384615384 0.4735576923076923 0.09014423076923077 0.07451923076923077
1 0.2848557692307692 0.5889423076923077 0.32572115384615385 0.41346153846153844
3 0.3161057692307692 0.328125 0.019230769230769232 0.056490384615384616
6 0.41346153846153844 0.3269230769230769 0.021634615384615384 0.05048076923076923
1 0.48677884615384615 0.5180288461538461 0.038461538461538464 0.04447115384615385
1 0.4855769230769231 0.5168269230769231 0.02403846153846154 0.038461538461538464
6 0.49158653846153844 0.3269230769230769 0.021634615384615384 0.05889423076923077
1 0.5180288461538461 0.5240384615384616 0.028846153846153848 0.055288461538461536
1 0.7992788461538461 0.6334134615384616 0.37740384615384615 0.36778846153846156
1 0.6370192307692307 0.5432692307692307 0.04447115384615385 0.11778846153846154
1 0.7620192307692307 0.47115384615384615 0.23076923076923078 0.10336538461538461
6 0.6790865384615384 0.4182692307692308 0.018028846153846152 0.04927884615384615
10 0.9026442307692307 0.47596153846153844 0.078125 0.12860576923076922
6 0.9302884615384616 0.25600961538461536 0.052884615384615384 0.15865384615384615
2 0.9483173076923077 0.5132211538461539 0.027644230769230768 0.055288461538461536
1 0.9879807692307693 0.5204326923076923 0.021634615384615384 0.0625