1 0.8461538461538461 0.6790865384615384 0.30649038461538464 0.49038461538461536
1 0.18629807692307693 0.5637019230769231 0.109375 0.1346153846153846
10 0.18870192307692307 0.5600961538461539 0.10697115384615384 0.125
1 0.3016826923076923 0.5540865384615384 0.056490384615384616 0.0625
1 0.30408653846153844 0.5588942307692307 0.052884615384615384 0.056490384615384616
1 0.3449519230769231 0.5552884615384616 0.03365384615384615 0.040865384615384616
1 0.3449519230769231 0.5528846153846154 0.028846153846153848 0.04447115384615385
1 0.40384615384615385 0.5288461538461539 0.040865384615384616 0.03125
1 0.42788461538461536 0.5348557692307693 0.027644230769230768 0.02403846153846154
0 0.45913461538461536 0.5456730769230769 0.01201923076923077 0.04927884615384615
1 0.5192307692307693 0.5661057692307693 0.04927884615384615 0.08413461538461539
1 0.5552884615384616 0.5769230769230769 0.06009615384615385 0.09975961538461539
1 0.5600961538461539 0.5769230769230769 0.06009615384615385 0.11177884615384616
1 0.6514423076923077 0.5949519230769231 0.1502403846153846 0.18389423076923078