2 0.08413461538461539 0.5456730769230769 0.028846153846153848 0.12860576923076922
1 0.06490384615384616 0.6334134615384616 0.12860576923076922 0.328125
10 0.07451923076923077 0.49759615384615385 0.14423076923076922 0.1310096153846154
1 0.15384615384615385 0.5600961538461539 0.05048076923076923 0.06610576923076923
1 0.2956730769230769 0.6586538461538461 0.33052884615384615 0.42427884615384615
7 0.3389423076923077 0.24759615384615385 0.021634615384615384 0.06610576923076923
10 0.47115384615384615 0.5084134615384616 0.037259615384615384 0.078125
6 0.4651442307692308 0.27884615384615385 0.019230769230769232 0.06610576923076923
2 0.5504807692307693 0.5240384615384616 0.03365384615384615 0.09134615384615384
2 0.546875 0.5300480769230769 0.015625 0.08774038461538461
6 0.6418269230769231 0.39663461538461536 0.02403846153846154 0.06490384615384616
1 0.8822115384615384 0.5552884615384616 0.23197115384615385 0.6658653846153846