0 0.6658653846153846 0.5024038461538461 0.052884615384615384 0.08774038461538461
1 0.08774038461538461 0.4951923076923077 0.17427884615384615 0.6778846153846154
10 0.09134615384615384 0.4831730769230769 0.17427884615384615 0.6129807692307693
1 0.31490384615384615 0.5132211538461539 0.05889423076923077 0.07572115384615384
7 0.3425480769230769 0.29927884615384615 0.019230769230769232 0.06850961538461539
1 0.3641826923076923 0.5072115384615384 0.052884615384615384 0.06610576923076923
1 0.49278846153846156 0.5829326923076923 0.22596153846153846 0.3004807692307692
3 0.4723557692307692 0.234375 0.02403846153846154 0.07211538461538461
3 0.6574519230769231 0.3762019230769231 0.019230769230769232 0.052884615384615384
1 0.7704326923076923 0.5649038461538461 0.24639423076923078 0.23798076923076922
1 0.9579326923076923 0.5240384615384616 0.08052884615384616 0.09134615384615384
1 0.9603365384615384 0.515625 0.078125 0.14302884615384615