6 0.08173076923076923 0.078125 0.16346153846153846 0.15625
1 0.16466346153846154 0.5192307692307693 0.16346153846153846 0.12740384615384615
1 0.17067307692307693 0.5216346153846154 0.15985576923076922 0.140625
1 0.19110576923076922 0.49759615384615385 0.06971153846153846 0.07451923076923077
1 0.4050480769230769 0.4879807692307692 0.055288461538461536 0.0625
1 0.44711538461538464 0.4987980769230769 0.02403846153846154 0.040865384615384616
1 0.4951923076923077 0.49399038461538464 0.038461538461538464 0.040865384615384616
3 0.5649038461538461 0.36778846153846156 0.021634615384615384 0.06490384615384616
1 0.6177884615384616 0.48197115384615385 0.052884615384615384 0.056490384615384616
1 0.6165865384615384 0.484375 0.038461538461538464 0.06490384615384616
1 0.6586538461538461 0.49759615384615385 0.052884615384615384 0.056490384615384616
1 0.6586538461538461 0.49399038461538464 0.05048076923076923 0.06490384615384616
3 0.6526442307692307 0.3557692307692308 0.015625 0.040865384615384616
1 0.6730769230769231 0.4831730769230769 0.04326923076923077 0.037259615384615384
1 0.6887019230769231 0.49278846153846156 0.018028846153846152 0.056490384615384616
1 0.7620192307692307 0.5072115384615384 0.09735576923076923 0.13221153846153846
1 0.7584134615384616 0.5084134615384616 0.09014423076923077 0.10096153846153846
4 0.7259615384615384 0.41346153846153844 0.018028846153846152 0.04927884615384615
8 0.8004807692307693 0.07692307692307693 0.05048076923076923 0.11778846153846154
1 0.8858173076923077 0.5084134615384616 0.20072115384615385 0.21875
3 0.8004807692307693 0.07451923076923077 0.025240384615384616 0.09134615384615384
2 0.9783653846153846 0.49158653846153844 0.02403846153846154 0.08653846153846154