1 0.06490384615384616 0.6346153846153846 0.12860576923076922 0.33413461538461536
10 0.07451923076923077 0.5012019230769231 0.1466346153846154 0.14302884615384615
1 0.15745192307692307 0.5600961538461539 0.056490384615384616 0.06490384615384616
1 0.3004807692307692 0.65625 0.33052884615384615 0.42427884615384615
7 0.33774038461538464 0.24879807692307693 0.021634615384615384 0.07211538461538461
1 0.48197115384615385 0.5444711538461539 0.08413461538461539 0.08653846153846154
1 0.4831730769230769 0.5444711538461539 0.08052884615384616 0.08413461538461539
6 0.4651442307692308 0.27884615384615385 0.021634615384615384 0.06850961538461539
6 0.6418269230769231 0.39783653846153844 0.02403846153846154 0.06490384615384616
2 0.6862980769230769 0.5252403846153846 0.018028846153846152 0.08413461538461539
2 0.7019230769230769 0.5192307692307693 0.021634615384615384 0.08774038461538461
1 0.8798076923076923 0.5649038461538461 0.23798076923076922 0.6742788461538461