2 0.8990384615384616 0.5300480769230769 0.03365384615384615 0.12259615384615384
1 0.039663461538461536 0.5697115384615384 0.078125 0.08653846153846154
1 0.09254807692307693 0.5649038461538461 0.056490384615384616 0.06850961538461539
1 0.14302884615384615 0.5552884615384616 0.06009615384615385 0.056490384615384616
1 0.21153846153846154 0.5480769230769231 0.038461538461538464 0.04927884615384615
1 0.4098557692307692 0.5372596153846154 0.09134615384615384 0.13822115384615385
1 0.46274038461538464 0.5360576923076923 0.038461538461538464 0.07211538461538461
1 0.5024038461538461 0.53125 0.02403846153846154 0.05048076923076923
1 0.5204326923076923 0.5360576923076923 0.03485576923076923 0.078125
1 0.5649038461538461 0.5420673076923077 0.06850961538461539 0.08653846153846154
1 0.7391826923076923 0.5120192307692307 0.13221153846153846 0.07451923076923077