1 0.1346153846153846 0.4831730769230769 0.26802884615384615 0.6274038461538461
10 0.12860576923076922 0.484375 0.2536057692307692 0.6189903846153846
1 0.3329326923076923 0.4963942307692308 0.04447115384615385 0.06490384615384616
1 0.4987980769230769 0.6237980769230769 0.328125 0.43509615384615385
7 0.35096153846153844 0.3004807692307692 0.019230769230769232 0.07211538461538461
7 0.35336538461538464 0.28365384615384615 0.015625 0.038461538461538464
6 0.4723557692307692 0.24158653846153846 0.021634615384615384 0.06850961538461539
1 0.6382211538461539 0.47596153846153844 0.06971153846153846 0.09975961538461539
6 0.6454326923076923 0.36658653846153844 0.019230769230769232 0.04326923076923077
1 0.7391826923076923 0.48197115384615385 0.09375 0.078125
1 0.7355769230769231 0.4879807692307692 0.08413461538461539 0.052884615384615384
1 0.8617788461538461 0.5901442307692307 0.27403846153846156 0.34615384615384615
6 0.9855769230769231 0.23076923076923078 0.025240384615384616 0.08653846153846154
6 0.9879807692307693 0.20432692307692307 0.021634615384615384 0.040865384615384616