1 0.07692307692307693 0.6153846153846154 0.15384615384615385 0.234375
1 0.19471153846153846 0.5817307692307693 0.09014423076923077 0.20072115384615385
1 0.2512019230769231 0.5516826923076923 0.040865384615384616 0.09014423076923077
1 0.25240384615384615 0.5456730769230769 0.03485576923076923 0.08173076923076923
1 0.2800480769230769 0.5492788461538461 0.03485576923076923 0.06490384615384616
1 0.28365384615384615 0.546875 0.028846153846153848 0.06490384615384616
1 0.30288461538461536 0.5384615384615384 0.021634615384615384 0.05048076923076923
1 0.3137019230769231 0.5360576923076923 0.018028846153846152 0.05889423076923077
1 0.33052884615384615 0.5372596153846154 0.025240384615384616 0.03485576923076923
1 0.3762019230769231 0.5336538461538461 0.040865384615384616 0.05048076923076923
1 0.37740384615384615 0.5360576923076923 0.040865384615384616 0.04927884615384615
1 0.47475961538461536 0.5336538461538461 0.03125 0.06971153846153846
1 0.5805288461538461 0.5769230769230769 0.14423076923076922 0.18509615384615385