2 0.013221153846153846 0.5492788461538461 0.025240384615384616 0.10697115384615384
1 0.1622596153846154 0.5625 0.13221153846153846 0.11538461538461539
1 0.3389423076923077 0.6322115384615384 0.25961538461538464 0.30649038461538464
1 0.25841346153846156 0.53125 0.046875 0.07451923076923077
4 0.24759615384615385 0.4266826923076923 0.018028846153846152 0.05048076923076923
1 0.4543269230769231 0.5432692307692307 0.11177884615384616 0.18028846153846154
1 0.5456730769230769 0.5180288461538461 0.09134615384615384 0.08413461538461539
1 0.5456730769230769 0.5204326923076923 0.08774038461538461 0.08653846153846154
4 0.5180288461538461 0.40865384615384615 0.019230769230769232 0.05889423076923077
2 0.5649038461538461 0.5276442307692307 0.028846153846153848 0.125
2 0.5757211538461539 0.53125 0.015625 0.13701923076923078
2 0.5949519230769231 0.5216346153846154 0.028846153846153848 0.11298076923076923
2 0.6358173076923077 0.5192307692307693 0.027644230769230768 0.109375
2 0.7235576923076923 0.5024038461538461 0.015625 0.08774038461538461
2 0.7475961538461539 0.5024038461538461 0.04447115384615385 0.07451923076923077
1 0.8966346153846154 0.6021634615384616 0.20552884615384615 0.5252403846153846