2 0.53125 0.49278846153846156 0.006009615384615385 0.028846153846153848
1 0.06490384615384616 0.5024038461538461 0.052884615384615384 0.04447115384615385
1 0.06129807692307692 0.5084134615384616 0.04447115384615385 0.040865384615384616
1 0.10336538461538461 0.5060096153846154 0.06009615384615385 0.0625
1 0.10576923076923077 0.5084134615384616 0.056490384615384616 0.052884615384615384
1 0.21754807692307693 0.5480769230769231 0.23076923076923078 0.22596153846153846
1 0.32091346153846156 0.5024038461538461 0.037259615384615384 0.04447115384615385
3 0.31850961538461536 0.33653846153846156 0.025240384615384616 0.040865384615384616
4 0.390625 0.34134615384615385 0.019230769230769232 0.055288461538461536
4 0.3918269230769231 0.34975961538461536 0.015625 0.03125
4 0.44471153846153844 0.36778846153846156 0.015625 0.027644230769230768
4 0.44591346153846156 0.35697115384615385 0.013221153846153846 0.04447115384615385
4 0.5600961538461539 0.4266826923076923 0.019230769230769232 0.040865384615384616
4 0.5588942307692307 0.4338942307692308 0.01201923076923077 0.03125
1 0.5805288461538461 0.49399038461538464 0.03485576923076923 0.038461538461538464
4 0.5757211538461539 0.40024038461538464 0.019230769230769232 0.04447115384615385
4 0.5805288461538461 0.40625 0.013221153846153846 0.02403846153846154
1 0.6935096153846154 0.47596153846153844 0.11298076923076923 0.07451923076923077
1 0.8112980769230769 0.4831730769230769 0.09735576923076923 0.06490384615384616