8 0.02403846153846154 0.35697115384615385 0.03365384615384615 0.09014423076923077
2 0.10697115384615384 0.5528846153846154 0.03365384615384615 0.11899038461538461
1 0.23197115384615385 0.5252403846153846 0.1310096153846154 0.18028846153846154
1 0.4338942307692308 0.5396634615384616 0.11538461538461539 0.15384615384615385
8 0.5180288461538461 0.31009615384615385 0.028846153846153848 0.08774038461538461
2 0.5697115384615384 0.5 0.03365384615384615 0.10697115384615384
2 0.6045673076923077 0.4951923076923077 0.02403846153846154 0.08052884615384616
2 0.6574519230769231 0.49759615384615385 0.027644230769230768 0.10576923076923077
2 0.7872596153846154 0.5024038461538461 0.040865384615384616 0.14903846153846154
2 0.8413461538461539 0.4795673076923077 0.038461538461538464 0.1310096153846154
1 0.9711538461538461 0.5180288461538461 0.055288461538461536 0.11298076923076923