1 0.8774038461538461 0.5925480769230769 0.24278846153846154 0.25
1 0.13581730769230768 0.5612980769230769 0.10096153846153846 0.12259615384615384
1 0.13822115384615385 0.5492788461538461 0.10576923076923077 0.11899038461538461
1 0.20552884615384615 0.5600961538461539 0.046875 0.078125
1 0.2091346153846154 0.5600961538461539 0.04447115384615385 0.08653846153846154
1 0.23918269230769232 0.5420673076923077 0.056490384615384616 0.06971153846153846
1 0.2439903846153846 0.5480769230769231 0.052884615384615384 0.06971153846153846
1 0.27403846153846156 0.5336538461538461 0.03485576923076923 0.07211538461538461
1 0.29927884615384615 0.5372596153846154 0.03365384615384615 0.05889423076923077
1 0.33533653846153844 0.5252403846153846 0.040865384615384616 0.05048076923076923
1 0.5132211538461539 0.5276442307692307 0.03365384615384615 0.040865384615384616
1 0.5600961538461539 0.5372596153846154 0.028846153846153848 0.07572115384615384
1 0.5925480769230769 0.5492788461538461 0.04326923076923077 0.09014423076923077
1 0.6310096153846154 0.5480769230769231 0.06850961538461539 0.09615384615384616
1 0.6358173076923077 0.5528846153846154 0.06971153846153846 0.09735576923076923
1 0.7055288461538461 0.5600961538461539 0.1346153846153846 0.14903846153846154
1 0.7055288461538461 0.5612980769230769 0.1310096153846154 0.13221153846153846