6 0.06009615384615385 0.38822115384615385 0.019230769230769232 0.037259615384615384
6 0.11177884615384616 0.39302884615384615 0.019230769230769232 0.03365384615384615
1 0.17067307692307693 0.48677884615384615 0.04447115384615385 0.05048076923076923
1 0.17427884615384615 0.49158653846153844 0.037259615384615384 0.055288461538461536
1 0.1971153846153846 0.49399038461538464 0.052884615384615384 0.052884615384615384
6 0.17908653846153846 0.4411057692307692 0.015625 0.03125
1 0.20072115384615385 0.49278846153846156 0.04927884615384615 0.046875
1 0.26322115384615385 0.48677884615384615 0.04927884615384615 0.0625
1 0.265625 0.48677884615384615 0.04447115384615385 0.055288461538461536
1 0.29086538461538464 0.48677884615384615 0.028846153846153848 0.04326923076923077
1 0.31009615384615385 0.4855769230769231 0.028846153846153848 0.056490384615384616
1 0.3545673076923077 0.49759615384615385 0.06490384615384616 0.08653846153846154
1 0.41586538461538464 0.5072115384615384 0.040865384615384616 0.06971153846153846
1 0.4543269230769231 0.49158653846153844 0.04927884615384615 0.08653846153846154
1 0.4519230769230769 0.49158653846153844 0.04326923076923077 0.06850961538461539
1 0.5012019230769231 0.5036057692307693 0.06009615384615385 0.08774038461538461
1 0.5012019230769231 0.5024038461538461 0.04927884615384615 0.078125
1 0.5745192307692307 0.5144230769230769 0.11298076923076923 0.09735576923076923
1 0.5709134615384616 0.5204326923076923 0.09735576923076923 0.109375
1 0.6610576923076923 0.5276442307692307 0.09735576923076923 0.1658653846153846
1 0.8305288461538461 0.5600961538461539 0.27884615384615385 0.22115384615384615