1 0.12259615384615384 0.515625 0.10096153846153846 0.1310096153846154
10 0.12259615384615384 0.5144230769230769 0.08653846153846154 0.11298076923076923
10 0.1814903846153846 0.5072115384615384 0.04927884615384615 0.040865384615384616
1 0.18269230769230768 0.5048076923076923 0.038461538461538464 0.046875
1 0.22596153846153846 0.5240384615384616 0.04927884615384615 0.056490384615384616
1 0.23076923076923078 0.5288461538461539 0.04447115384615385 0.05048076923076923
1 0.2932692307692308 0.5372596153846154 0.07572115384615384 0.08052884615384616
1 0.3401442307692308 0.5084134615384616 0.03365384615384615 0.037259615384615384
1 0.38341346153846156 0.5132211538461539 0.03125 0.05048076923076923
1 0.38100961538461536 0.5108173076923077 0.025240384615384616 0.038461538461538464
3 0.3954326923076923 0.4182692307692308 0.013221153846153846 0.037259615384615384
4 0.43149038461538464 0.4266826923076923 0.019230769230769232 0.028846153846153848
4 0.49158653846153844 0.46274038461538464 0.013221153846153846 0.03365384615384615
4 0.5084134615384616 0.4579326923076923 0.01201923076923077 0.028846153846153848
1 0.5492788461538461 0.49158653846153844 0.056490384615384616 0.03485576923076923
1 0.5853365384615384 0.49158653846153844 0.021634615384615384 0.028846153846153848