1 0.039663461538461536 0.5769230769230769 0.078125 0.12139423076923077
2 0.9867788461538461 0.49038461538461536 0.021634615384615384 0.17548076923076922
1 0.11177884615384616 0.5625 0.11778846153846154 0.07211538461538461
1 0.08774038461538461 0.5793269230769231 0.04326923076923077 0.09615384615384616
1 0.13822115384615385 0.5649038461538461 0.06850961538461539 0.07211538461538461
1 0.18028846153846154 0.5564903846153846 0.078125 0.08052884615384616
1 0.22596153846153846 0.5444711538461539 0.06610576923076923 0.055288461538461536
1 0.2644230769230769 0.5480769230769231 0.04447115384615385 0.04927884615384615
1 0.41225961538461536 0.5516826923076923 0.08173076923076923 0.10336538461538461
4 0.46634615384615385 0.47475961538461536 0.01201923076923077 0.03125
1 0.5408653846153846 0.5228365384615384 0.08413461538461539 0.07211538461538461
1 0.5733173076923077 0.5336538461538461 0.11177884615384616 0.07211538461538461
2 0.6899038461538461 0.5096153846153846 0.019230769230769232 0.09375
2 0.7079326923076923 0.5144230769230769 0.028846153846153848 0.09735576923076923
2 0.7067307692307693 0.5120192307692307 0.019230769230769232 0.09014423076923077
2 0.7307692307692307 0.5108173076923077 0.025240384615384616 0.09615384615384616