1 0.9242788461538461 0.6153846153846154 0.1502403846153846 0.29447115384615385
1 0.040865384615384616 0.5649038461538461 0.08173076923076923 0.11538461538461539
1 0.08173076923076923 0.5576923076923077 0.028846153846153848 0.08774038461538461
1 0.1310096153846154 0.5384615384615384 0.052884615384615384 0.07211538461538461
1 0.12740384615384615 0.5384615384615384 0.04326923076923077 0.04927884615384615
1 0.22596153846153846 0.5360576923076923 0.0625 0.06850961538461539
1 0.3449519230769231 0.5492788461538461 0.12139423076923077 0.16947115384615385
1 0.42427884615384615 0.5528846153846154 0.018028846153846152 0.07211538461538461
1 0.4699519230769231 0.5288461538461539 0.078125 0.13221153846153846
1 0.5564903846153846 0.5480769230769231 0.14423076923076922 0.12259615384615384
1 0.7692307692307693 0.5588942307692307 0.171875 0.26322115384615385