1 0.03365384615384615 0.5540865384615384 0.03485576923076923 0.04447115384615385
1 0.10817307692307693 0.5420673076923077 0.05048076923076923 0.06610576923076923
2 0.13942307692307693 0.5432692307692307 0.015625 0.04927884615384615
1 0.26322115384615385 0.5288461538461539 0.038461538461538464 0.046875
1 0.40625 0.5600961538461539 0.14903846153846154 0.17427884615384615
1 0.5036057692307693 0.5180288461538461 0.040865384615384616 0.04326923076923077
1 0.5456730769230769 0.5096153846153846 0.04326923076923077 0.06490384615384616
10 0.5444711538461539 0.5120192307692307 0.03125 0.05048076923076923
1 0.6490384615384616 0.5324519230769231 0.06490384615384616 0.078125
1 0.8545673076923077 0.5228365384615384 0.038461538461538464 0.04326923076923077
1 0.8545673076923077 0.5252403846153846 0.03125 0.038461538461538464