1 0.9098557692307693 0.5480769230769231 0.15865384615384615 0.08052884615384616
1 0.06971153846153846 0.5444711538461539 0.06009615384615385 0.04326923076923077
1 0.06850961538461539 0.5492788461538461 0.055288461538461536 0.06490384615384616
1 0.15384615384615385 0.546875 0.04326923076923077 0.04326923076923077
1 0.21153846153846154 0.5516826923076923 0.04927884615384615 0.05048076923076923
1 0.21634615384615385 0.5372596153846154 0.05048076923076923 0.06971153846153846
1 0.265625 0.5432692307692307 0.07572115384615384 0.09615384615384616
1 0.390625 0.5661057692307693 0.10576923076923077 0.15384615384615385
7 0.36778846153846156 0.23798076923076922 0.027644230769230768 0.07572115384615384
4 0.5024038461538461 0.2764423076923077 0.027644230769230768 0.07572115384615384
1 0.5576923076923077 0.546875 0.07451923076923077 0.17427884615384615
1 0.6610576923076923 0.578125 0.203125 0.23677884615384615
4 0.6262019230769231 0.30528846153846156 0.03125 0.07451923076923077
4 0.6274038461538461 0.31490384615384615 0.019230769230769232 0.0625
4 0.7716346153846154 0.4230769230769231 0.02403846153846154 0.05048076923076923
1 0.8040865384615384 0.5372596153846154 0.07211538461538461 0.055288461538461536
1 0.7980769230769231 0.5384615384615384 0.056490384615384616 0.0625
1 0.9146634615384616 0.7403846153846154 0.1658653846153846 0.453125