1 0.08173076923076923 0.546875 0.1622596153846154 0.18389423076923078
1 0.13581730769230768 0.4639423076923077 0.08774038461538461 0.055288461538461536
1 0.18389423076923078 0.53125 0.078125 0.1466346153846154
1 0.23677884615384615 0.5048076923076923 0.06490384615384616 0.04326923076923077
4 0.3401442307692308 0.43990384615384615 0.013221153846153846 0.03125
1 0.4206730769230769 0.49158653846153844 0.038461538461538464 0.05048076923076923
1 0.5444711538461539 0.5348557692307693 0.13822115384615385 0.19110576923076922
4 0.5180288461538461 0.3713942307692308 0.019230769230769232 0.03125
4 0.5985576923076923 0.4266826923076923 0.01201923076923077 0.03125
1 0.6778846153846154 0.5372596153846154 0.12740384615384615 0.14903846153846154
4 0.6334134615384616 0.4074519230769231 0.013221153846153846 0.021634615384615384