1 0.9603365384615384 0.609375 0.07572115384615384 0.3004807692307692
1 0.04567307692307692 0.5877403846153846 0.09134615384615384 0.234375
1 0.23798076923076922 0.53125 0.11177884615384616 0.11177884615384616
1 0.3173076923076923 0.515625 0.06850961538461539 0.09615384615384616
1 0.39302884615384615 0.5036057692307693 0.09014423076923077 0.109375
1 0.3858173076923077 0.5 0.07451923076923077 0.12259615384615384
1 0.5420673076923077 0.4855769230769231 0.03125 0.05048076923076923
1 0.5685096153846154 0.5024038461538461 0.021634615384615384 0.078125
1 0.5985576923076923 0.49759615384615385 0.055288461538461536 0.08052884615384616
1 0.6538461538461539 0.5132211538461539 0.08052884615384616 0.12860576923076922
1 0.7127403846153846 0.5180288461538461 0.11298076923076923 0.15625
1 0.8533653846153846 0.5432692307692307 0.24278846153846154 0.24639423076923078