2 0.08413461538461539 0.48677884615384615 0.025240384615384616 0.12860576923076922
1 0.27163461538461536 0.5036057692307693 0.06490384615384616 0.06610576923076923
1 0.27524038461538464 0.5 0.06009615384615385 0.055288461538461536
1 0.33052884615384615 0.49158653846153844 0.046875 0.055288461538461536
1 0.3293269230769231 0.49158653846153844 0.04326923076923077 0.052884615384615384
1 0.4483173076923077 0.47716346153846156 0.028846153846153848 0.052884615384615384
1 0.4891826923076923 0.49759615384615385 0.09134615384615384 0.11778846153846154
4 0.5408653846153846 0.2091346153846154 0.025240384615384616 0.08653846153846154
1 0.5600961538461539 0.49759615384615385 0.04927884615384615 0.08052884615384616
4 0.6887019230769231 0.36899038461538464 0.018028846153846152 0.03485576923076923
4 0.6899038461538461 0.3473557692307692 0.018028846153846152 0.07572115384615384