1 0.12139423076923077 0.5432692307692307 0.07211538461538461 0.07572115384615384
1 0.019230769230769232 0.6947115384615384 0.037259615384615384 0.24639423076923078
1 0.17668269230769232 0.5384615384615384 0.05048076923076923 0.05889423076923077
1 0.32572115384615385 0.65625 0.32211538461538464 0.41225961538461536
7 0.27884615384615385 0.2800480769230769 0.025240384615384616 0.06610576923076923
6 0.3894230769230769 0.2860576923076923 0.025240384615384616 0.07572115384615384
2 0.4951923076923077 0.5264423076923077 0.025240384615384616 0.06971153846153846
2 0.5336538461538461 0.5228365384615384 0.013221153846153846 0.07211538461538461
2 0.5444711538461539 0.5192307692307693 0.019230769230769232 0.08413461538461539
6 0.5637019230769231 0.41346153846153844 0.027644230769230768 0.07451923076923077
2 0.5661057692307693 0.5180288461538461 0.018028846153846152 0.078125
2 0.5901442307692307 0.5144230769230769 0.027644230769230768 0.08413461538461539
0 0.6274038461538461 0.5276442307692307 0.03365384615384615 0.09134615384615384
0 0.6550480769230769 0.5252403846153846 0.03365384615384615 0.08774038461538461
2 0.6862980769230769 0.5276442307692307 0.021634615384615384 0.08173076923076923
2 0.7019230769230769 0.5252403846153846 0.021634615384615384 0.08774038461538461
2 0.7247596153846154 0.5216346153846154 0.019230769230769232 0.08774038461538461
2 0.8810096153846154 0.5192307692307693 0.03485576923076923 0.1502403846153846
2 0.8990384615384616 0.5084134615384616 0.018028846153846152 0.078125
2 0.9002403846153846 0.515625 0.021634615384615384 0.08173076923076923
1 0.9543269230769231 0.5216346153846154 0.08653846153846154 0.08774038461538461