1 0.38461538461538464 0.5180288461538461 0.015625 0.019230769230769232
10 0.0673076923076923 0.5192307692307693 0.1346153846153846 0.08653846153846154
6 0.3605769230769231 0.2091346153846154 0.028846153846153848 0.08653846153846154
1 0.42427884615384615 0.5192307692307693 0.046875 0.05889423076923077
1 0.4230769230769231 0.5180288461538461 0.028846153846153848 0.038461538461538464
6 0.5973557692307693 0.36538461538461536 0.027644230769230768 0.08413461538461539
2 0.7319711538461539 0.5216346153846154 0.03365384615384615 0.12139423076923077
2 0.7319711538461539 0.5240384615384616 0.025240384615384616 0.12139423076923077
2 0.7632211538461539 0.5228365384615384 0.028846153846153848 0.12259615384615384
2 0.8161057692307693 0.5432692307692307 0.06009615384615385 0.20552884615384615
2 0.9098557692307693 0.5576923076923077 0.06610576923076923 0.23197115384615385
2 0.9651442307692307 0.5480769230769231 0.05889423076923077 0.24639423076923078
3 0.96875 0.08052884615384616 0.06009615384615385 0.15985576923076922