3 0.07091346153846154 0.08533653846153846 0.109375 0.15625
1 0.12379807692307693 0.5252403846153846 0.18990384615384615 0.1310096153846154
1 0.13701923076923078 0.5180288461538461 0.1502403846153846 0.1346153846153846
1 0.2860576923076923 0.49399038461538464 0.056490384615384616 0.08173076923076923
1 0.32572115384615385 0.5036057692307693 0.10576923076923077 0.10697115384615384
1 0.43509615384615385 0.49759615384615385 0.04447115384615385 0.05048076923076923
1 0.47115384615384615 0.49278846153846156 0.028846153846153848 0.046875
3 0.5697115384615384 0.028846153846153848 0.025240384615384616 0.056490384615384616
3 0.5661057692307693 0.3605769230769231 0.013221153846153846 0.05048076923076923
3 0.6526442307692307 0.3557692307692308 0.015625 0.038461538461538464
4 0.7259615384615384 0.4110576923076923 0.015625 0.04447115384615385
3 0.8004807692307693 0.0733173076923077 0.025240384615384616 0.09014423076923077
2 0.8004807692307693 0.48197115384615385 0.015625 0.05048076923076923
0 0.8305288461538461 0.49158653846153844 0.021634615384615384 0.08173076923076923
2 0.8954326923076923 0.4879807692307692 0.019230769230769232 0.09014423076923077
2 0.8942307692307693 0.49278846153846156 0.009615384615384616 0.07451923076923077
2 0.9230769230769231 0.49278846153846156 0.02403846153846154 0.06971153846153846
2 0.9206730769230769 0.4855769230769231 0.019230769230769232 0.06009615384615385