6 0.3473557692307692 0.49158653846153844 0.01201923076923077 0.037259615384615384
1 0.3870192307692308 0.5264423076923077 0.08653846153846154 0.12740384615384615
1 0.4387019230769231 0.5240384615384616 0.021634615384615384 0.078125
1 0.46153846153846156 0.5132211538461539 0.04326923076923077 0.052884615384615384
1 0.49399038461538464 0.5132211538461539 0.037259615384615384 0.040865384615384616
1 0.49278846153846156 0.5132211538461539 0.025240384615384616 0.03485576923076923
4 0.5132211538461539 0.4050480769230769 0.013221153846153846 0.04326923076923077
4 0.5132211538461539 0.4110576923076923 0.01201923076923077 0.03485576923076923
1 0.5504807692307693 0.5120192307692307 0.055288461538461536 0.07451923076923077
4 0.6838942307692307 0.4326923076923077 0.015625 0.03125
4 0.6826923076923077 0.4483173076923077 0.01201923076923077 0.03365384615384615
1 0.7680288461538461 0.49759615384615385 0.06850961538461539 0.04326923076923077
1 0.7728365384615384 0.4987980769230769 0.07211538461538461 0.06610576923076923