2 0.6778846153846154 0.5084134615384616 0.02403846153846154 0.12259615384615384
1 0.16346153846153846 0.5180288461538461 0.12740384615384615 0.078125
1 0.2512019230769231 0.5048076923076923 0.03485576923076923 0.07451923076923077
1 0.28365384615384615 0.4987980769230769 0.02403846153846154 0.05889423076923077
1 0.30649038461538464 0.4963942307692308 0.021634615384615384 0.055288461538461536
1 0.3269230769230769 0.49759615384615385 0.019230769230769232 0.037259615384615384
1 0.40024038461538464 0.53125 0.10336538461538461 0.140625
1 0.44591346153846156 0.49278846153846156 0.028846153846153848 0.04927884615384615
2 0.46875 0.49759615384615385 0.009615384615384616 0.052884615384615384
1 0.4795673076923077 0.4951923076923077 0.013221153846153846 0.052884615384615384
1 0.5132211538461539 0.5048076923076923 0.038461538461538464 0.07451923076923077
2 0.6225961538461539 0.5036057692307693 0.013221153846153846 0.10697115384615384
2 0.6586538461538461 0.5120192307692307 0.018028846153846152 0.10697115384615384
2 0.7043269230769231 0.5084134615384616 0.013221153846153846 0.11538461538461539
2 0.7572115384615384 0.5012019230769231 0.013221153846153846 0.12860576923076922
2 0.8185096153846154 0.5036057692307693 0.02403846153846154 0.12139423076923077