1 0.02403846153846154 0.5288461538461539 0.046875 0.0625
1 0.1622596153846154 0.5024038461538461 0.0625 0.06610576923076923
1 0.16947115384615385 0.5012019230769231 0.056490384615384616 0.0625
4 0.2620192307692308 0.39663461538461536 0.025240384615384616 0.06610576923076923
4 0.26322115384615385 0.4110576923076923 0.021634615384615384 0.03485576923076923
1 0.3004807692307692 0.48197115384615385 0.025240384615384616 0.028846153846153848
1 0.4375 0.5084134615384616 0.06850961538461539 0.08052884615384616
4 0.4423076923076923 0.3629807692307692 0.018028846153846152 0.02403846153846154
4 0.44350961538461536 0.3605769230769231 0.018028846153846152 0.04326923076923077
4 0.5060096153846154 0.43509615384615385 0.015625 0.04326923076923077
4 0.5072115384615384 0.41947115384615385 0.015625 0.03485576923076923
4 0.6586538461538461 0.390625 0.021634615384615384 0.0625
4 0.6622596153846154 0.38221153846153844 0.02403846153846154 0.05889423076923077