1 0.8882211538461539 0.6358173076923077 0.22115384615384615 0.34615384615384615
1 0.04447115384615385 0.5913461538461539 0.08774038461538461 0.109375
1 0.11057692307692307 0.5697115384615384 0.06971153846153846 0.08413461538461539
1 0.15865384615384615 0.5649038461538461 0.04326923076923077 0.06850961538461539
1 0.20072115384615385 0.5649038461538461 0.04447115384615385 0.055288461538461536
1 0.2776442307692308 0.5492788461538461 0.05048076923076923 0.0625
1 0.38822115384615385 0.5372596153846154 0.037259615384615384 0.06009615384615385
1 0.46033653846153844 0.5444711538461539 0.03125 0.05048076923076923
1 0.49158653846153844 0.5492788461538461 0.052884615384615384 0.06850961538461539
1 0.5564903846153846 0.5396634615384616 0.10576923076923077 0.12259615384615384
1 0.6358173076923077 0.5793269230769231 0.11538461538461539 0.15264423076923078
1 0.7620192307692307 0.59375 0.22596153846153846 0.20072115384615385