1 0.06610576923076923 0.6225961538461539 0.13221153846153846 0.3629807692307692
1 0.17067307692307693 0.5396634615384616 0.046875 0.05048076923076923
1 0.33052884615384615 0.6622596153846154 0.32572115384615385 0.41947115384615385
3 0.2776442307692308 0.2800480769230769 0.02403846153846154 0.06610576923076923
3 0.38822115384615385 0.2860576923076923 0.02403846153846154 0.07451923076923077
2 0.48677884615384615 0.5252403846153846 0.021634615384615384 0.06850961538461539
3 0.5637019230769231 0.41466346153846156 0.027644230769230768 0.07572115384615384
2 0.5612980769230769 0.5192307692307693 0.021634615384615384 0.07451923076923077
2 0.5757211538461539 0.5204326923076923 0.018028846153846152 0.08173076923076923
2 0.5865384615384616 0.5228365384615384 0.019230769230769232 0.08173076923076923
2 0.6045673076923077 0.5228365384615384 0.02403846153846154 0.09134615384615384
0 0.6274038461538461 0.5276442307692307 0.03365384615384615 0.09134615384615384
0 0.6538461538461539 0.5264423076923077 0.03365384615384615 0.09014423076923077
2 0.6862980769230769 0.5252403846153846 0.021634615384615384 0.08653846153846154
2 0.7007211538461539 0.5288461538461539 0.02403846153846154 0.08653846153846154
2 0.7247596153846154 0.5216346153846154 0.021634615384615384 0.08653846153846154
2 0.7680288461538461 0.5192307692307693 0.03125 0.11778846153846154
1 0.9507211538461539 0.5192307692307693 0.09615384615384616 0.08413461538461539