2 0.016826923076923076 0.5504807692307693 0.028846153846153848 0.08052884615384616
1 0.12259615384615384 0.5384615384615384 0.07451923076923077 0.078125
1 0.33052884615384615 0.6526442307692307 0.3317307692307692 0.4182692307692308
2 0.17548076923076922 0.5360576923076923 0.021634615384615384 0.08173076923076923
2 0.17668269230769232 0.5348557692307693 0.018028846153846152 0.07451923076923077
7 0.2800480769230769 0.2764423076923077 0.019230769230769232 0.06490384615384616
6 0.3894230769230769 0.2860576923076923 0.019230769230769232 0.07211538461538461
2 0.5180288461538461 0.5216346153846154 0.021634615384615384 0.06490384615384616
2 0.5180288461538461 0.5240384615384616 0.015625 0.05889423076923077
2 0.5288461538461539 0.5180288461538461 0.018028846153846152 0.06490384615384616
2 0.5324519230769231 0.5192307692307693 0.015625 0.06971153846153846
6 0.5637019230769231 0.40865384615384615 0.021634615384615384 0.06490384615384616
2 0.6201923076923077 0.5132211538461539 0.02403846153846154 0.078125
2 0.6346153846153846 0.4891826923076923 0.018028846153846152 0.04326923076923077
0 0.6586538461538461 0.5264423076923077 0.025240384615384616 0.09014423076923077
1 0.7487980769230769 0.5396634615384616 0.04326923076923077 0.07451923076923077
1 0.875 0.5408653846153846 0.24759615384615385 0.13822115384615385