2 0.9807692307692307 0.5492788461538461 0.037259615384615384 0.13822115384615385
2 0.9086538461538461 0.5528846153846154 0.040865384615384616 0.14302884615384615
1 0.026442307692307692 0.5649038461538461 0.052884615384615384 0.10336538461538461
1 0.12259615384615384 0.5576923076923077 0.09975961538461539 0.11899038461538461
1 0.12379807692307693 0.5588942307692307 0.07211538461538461 0.10336538461538461
1 0.21875 0.5384615384615384 0.055288461538461536 0.06490384615384616
1 0.32091346153846156 0.5492788461538461 0.13221153846153846 0.15865384615384615
1 0.38822115384615385 0.5336538461538461 0.06610576923076923 0.08774038461538461
1 0.43990384615384615 0.5480769230769231 0.06490384615384616 0.11538461538461539
1 0.5084134615384616 0.5336538461538461 0.09014423076923077 0.140625
1 0.5264423076923077 0.5600961538461539 0.05889423076923077 0.140625
1 0.5264423076923077 0.5600961538461539 0.046875 0.12139423076923077
1 0.6081730769230769 0.5324519230769231 0.14302884615384615 0.25600961538461536
1 0.7944711538461539 0.5817307692307693 0.25961538461538464 0.2283653846153846