2 0.36177884615384615 0.5288461538461539 0.027644230769230768 0.1310096153846154
1 0.30408653846153844 0.5288461538461539 0.037259615384615384 0.04447115384615385
1 0.28365384615384615 0.5372596153846154 0.037259615384615384 0.05048076923076923
1 0.24158653846153846 0.5396634615384616 0.06490384615384616 0.0625
1 0.18028846153846154 0.5564903846153846 0.08173076923076923 0.09014423076923077
3 0.016826923076923076 0.359375 0.03365384615384615 0.09134615384615384
1 0.11177884615384616 0.5829326923076923 0.22235576923076922 0.203125
2 0.15144230769230768 0.5144230769230769 0.013221153846153846 0.018028846153846152
3 0.5204326923076923 0.328125 0.03485576923076923 0.09615384615384616
2 0.5889423076923077 0.5192307692307693 0.037259615384615384 0.09375
2 0.6274038461538461 0.5108173076923077 0.013221153846153846 0.11538461538461539
2 0.6574519230769231 0.5096153846153846 0.03485576923076923 0.109375
2 0.6550480769230769 0.5096153846153846 0.021634615384615384 0.09014423076923077
1 0.8028846153846154 0.5252403846153846 0.2620192307692308 0.1310096153846154
2 0.8605769230769231 0.4807692307692308 0.03485576923076923 0.1466346153846154