1 0.08533653846153846 0.5444711538461539 0.03485576923076923 0.038461538461538464
7 0.09134615384615384 0.4170673076923077 0.018028846153846152 0.04326923076923077
1 0.17908653846153846 0.5480769230769231 0.05048076923076923 0.09615384615384616
4 0.19951923076923078 0.42427884615384615 0.018028846153846152 0.038461538461538464
4 0.20192307692307693 0.43149038461538464 0.019230769230769232 0.03365384615384615
1 0.22596153846153846 0.546875 0.04326923076923077 0.04326923076923077
10 0.28966346153846156 0.5036057692307693 0.08774038461538461 0.16826923076923078
1 0.35697115384615385 0.5721153846153846 0.09375 0.10096153846153846
0 0.41586538461538464 0.5384615384615384 0.027644230769230768 0.08052884615384616
2 0.43509615384615385 0.5324519230769231 0.018028846153846152 0.078125
2 0.7788461538461539 0.5 0.038461538461538464 0.20673076923076922
1 0.8257211538461539 0.5168269230769231 0.040865384615384616 0.17548076923076922
2 0.8293269230769231 0.5144230769230769 0.038461538461538464 0.1875