1 0.11658653846153846 0.5552884615384616 0.09134615384615384 0.08413461538461539
2 0.08052884615384616 0.5180288461538461 0.013221153846153846 0.03485576923076923
1 0.16947115384615385 0.5336538461538461 0.03485576923076923 0.07451923076923077
1 0.21634615384615385 0.546875 0.10096153846153846 0.10697115384615384
1 0.2860576923076923 0.5252403846153846 0.05889423076923077 0.09975961538461539
1 0.28966346153846156 0.5228365384615384 0.05889423076923077 0.10096153846153846
2 0.3485576923076923 0.5084134615384616 0.018028846153846152 0.05889423076923077
2 0.36177884615384615 0.5084134615384616 0.013221153846153846 0.05889423076923077
1 0.43149038461538464 0.5024038461538461 0.027644230769230768 0.06610576923076923
1 0.43509615384615385 0.5060096153846154 0.027644230769230768 0.055288461538461536
1 0.49759615384615385 0.5180288461538461 0.08052884615384616 0.11778846153846154
2 0.6298076923076923 0.48677884615384615 0.027644230769230768 0.109375
2 0.6298076923076923 0.49399038461538464 0.025240384615384616 0.11538461538461539
2 0.65625 0.4807692307692308 0.025240384615384616 0.09134615384615384
1 0.8257211538461539 0.5192307692307693 0.34615384615384615 0.26802884615384615