1 0.1201923076923077 0.5709134615384616 0.19110576923076922 0.11177884615384616
1 0.22115384615384615 0.5444711538461539 0.07211538461538461 0.11538461538461539
1 0.23317307692307693 0.5396634615384616 0.05048076923076923 0.11177884615384616
1 0.28365384615384615 0.5336538461538461 0.07211538461538461 0.09735576923076923
1 0.34615384615384615 0.53125 0.04447115384615385 0.08173076923076923
1 0.38100961538461536 0.5396634615384616 0.038461538461538464 0.06009615384615385
1 0.4014423076923077 0.5336538461538461 0.019230769230769232 0.055288461538461536
1 0.4182692307692308 0.5240384615384616 0.025240384615384616 0.08173076923076923
1 0.43990384615384615 0.5240384615384616 0.03125 0.06490384615384616
1 0.45913461538461536 0.5144230769230769 0.028846153846153848 0.05889423076923077
1 0.49278846153846156 0.53125 0.037259615384615384 0.08413461538461539
1 0.5769230769230769 0.5420673076923077 0.16826923076923078 0.23076923076923078
1 0.6706730769230769 0.5036057692307693 0.03485576923076923 0.052884615384615384
1 0.7536057692307693 0.5264423076923077 0.03125 0.09014423076923077
1 0.7860576923076923 0.5348557692307693 0.04927884615384615 0.10697115384615384
10 0.9026442307692307 0.44591346153846156 0.1875 0.390625