1 0.10576923076923077 0.5168269230769231 0.16826923076923078 0.15264423076923078
1 0.20072115384615385 0.5240384615384616 0.04447115384615385 0.056490384615384616
1 0.20552884615384615 0.5240384615384616 0.037259615384615384 0.046875
1 0.5997596153846154 0.5024038461538461 0.06490384615384616 0.05048076923076923
1 0.6382211538461539 0.4987980769230769 0.021634615384615384 0.04447115384615385
1 0.6706730769230769 0.5024038461538461 0.0625 0.04326923076923077
1 0.6706730769230769 0.5024038461538461 0.052884615384615384 0.05048076923076923
1 0.8040865384615384 0.5036057692307693 0.08413461538461539 0.07572115384615384
1 0.8040865384615384 0.5048076923076923 0.08413461538461539 0.06971153846153846
1 0.8882211538461539 0.49759615384615385 0.08173076923076923 0.0625
1 0.8894230769230769 0.4987980769230769 0.08413461538461539 0.07211538461538461