0 0.02283653846153846 0.5396634615384616 0.03125 0.09375
2 0.02283653846153846 0.5348557692307693 0.015625 0.078125
0 0.10576923076923077 0.5384615384615384 0.027644230769230768 0.07572115384615384
0 0.10697115384615384 0.5372596153846154 0.018028846153846152 0.06610576923076923
7 0.12740384615384615 0.44591346153846156 0.019230769230769232 0.056490384615384616
1 0.31490384615384615 0.5949519230769231 0.3786057692307692 0.5096153846153846
3 0.359375 0.32091346153846156 0.01201923076923077 0.046875
4 0.45552884615384615 0.328125 0.018028846153846152 0.046875
10 0.7151442307692307 0.40384615384615385 0.39302884615384615 0.5600961538461539
1 0.9158653846153846 0.6959134615384616 0.1622596153846154 0.46875
1 0.9350961538461539 0.46153846153846156 0.08413461538461539 0.11177884615384616
2 0.9086538461538461 0.5024038461538461 0.013221153846153846 0.09134615384615384
10 0.9387019230769231 0.4362980769230769 0.06850961538461539 0.05048076923076923
2 0.9411057692307693 0.484375 0.02403846153846154 0.08173076923076923