1 0.30408653846153844 0.5288461538461539 0.037259615384615384 0.046875
1 0.28365384615384615 0.5372596153846154 0.038461538461538464 0.052884615384615384
1 0.24158653846153846 0.5396634615384616 0.06490384615384616 0.06490384615384616
1 0.18028846153846154 0.5564903846153846 0.08173076923076923 0.09014423076923077
3 0.016826923076923076 0.3605769230769231 0.03365384615384615 0.09014423076923077
2 0.38221153846153844 0.5180288461538461 0.013221153846153846 0.04326923076923077
2 0.46274038461538464 0.5240384615384616 0.03125 0.12860576923076922
1 0.5048076923076923 0.5252403846153846 0.056490384615384616 0.09375
3 0.5204326923076923 0.3317307692307692 0.03365384615384615 0.09375
1 0.7223557692307693 0.53125 0.25600961538461536 0.12860576923076922
2 0.8605769230769231 0.4807692307692308 0.03485576923076923 0.1466346153846154