1 0.05048076923076923 0.453125 0.04326923076923077 0.08413461538461539
1 0.08052884615384616 0.4519230769230769 0.04927884615384615 0.09014423076923077
1 0.12259615384615384 0.47596153846153844 0.08173076923076923 0.09014423076923077
1 0.18269230769230768 0.4567307692307692 0.055288461538461536 0.06971153846153846
1 0.2668269230769231 0.46274038461538464 0.06009615384615385 0.0625
6 0.4254807692307692 0.43028846153846156 0.01201923076923077 0.02403846153846154
1 0.5144230769230769 0.49759615384615385 0.078125 0.09735576923076923
8 0.4987980769230769 0.40384615384615385 0.009615384615384616 0.028846153846153848
1 0.6358173076923077 0.49158653846153844 0.05048076923076923 0.05048076923076923
1 0.7067307692307693 0.5192307692307693 0.08413461538461539 0.08653846153846154
1 0.8161057692307693 0.5084134615384616 0.06490384615384616 0.06971153846153846
1 0.8834134615384616 0.5084134615384616 0.052884615384615384 0.0625
1 0.9350961538461539 0.5108173076923077 0.06490384615384616 0.07451923076923077