4 0.44591346153846156 0.04807692307692308 0.028846153846153848 0.09375
1 0.14903846153846154 0.5661057692307693 0.14903846153846154 0.13701923076923078
1 0.23197115384615385 0.5504807692307693 0.05889423076923077 0.08774038461538461
1 0.2824519230769231 0.5432692307692307 0.05889423076923077 0.05889423076923077
1 0.28365384615384615 0.5384615384615384 0.046875 0.038461538461538464
1 0.3137019230769231 0.5360576923076923 0.028846153846153848 0.040865384615384616
1 0.3269230769230769 0.5336538461538461 0.025240384615384616 0.04447115384615385
1 0.34975961538461536 0.5336538461538461 0.027644230769230768 0.038461538461538464
1 0.375 0.5300480769230769 0.025240384615384616 0.04326923076923077
1 0.4026442307692308 0.5336538461538461 0.028846153846153848 0.052884615384615384
1 0.42908653846153844 0.5360576923076923 0.0625 0.0625
1 0.4699519230769231 0.5384615384615384 0.025240384615384616 0.05889423076923077
1 0.5552884615384616 0.5276442307692307 0.1346153846153846 0.078125
1 0.5961538461538461 0.5564903846153846 0.1622596153846154 0.10336538461538461