1 0.0829326923076923 0.5204326923076923 0.1658653846153846 0.18990384615384615
1 0.06490384615384616 0.49278846153846156 0.09014423076923077 0.09134615384615384
1 0.20072115384615385 0.5048076923076923 0.052884615384615384 0.056490384615384616
1 0.20793269230769232 0.5024038461538461 0.05889423076923077 0.04927884615384615
1 0.2800480769230769 0.4987980769230769 0.11538461538461539 0.16826923076923078
7 0.25 0.34375 0.02403846153846154 0.06610576923076923
1 0.29447115384615385 0.4951923076923077 0.11177884615384616 0.11778846153846154
3 0.2536057692307692 0.33533653846153844 0.019230769230769232 0.05048076923076923
1 0.47836538461538464 0.6346153846153846 0.44711538461538464 0.47596153846153844
3 0.30649038461538464 0.34615384615384615 0.019230769230769232 0.05889423076923077
4 0.38461538461538464 0.34615384615384615 0.019230769230769232 0.055288461538461536
3 0.3918269230769231 0.3329326923076923 0.018028846153846152 0.046875
4 0.44591346153846156 0.34975961538461536 0.03365384615384615 0.078125
6 0.44591346153846156 0.34134615384615385 0.018028846153846152 0.04927884615384615
4 0.5697115384615384 0.41466346153846156 0.018028846153846152 0.06009615384615385
4 0.5721153846153846 0.40625 0.018028846153846152 0.04447115384615385
1 0.8305288461538461 0.4855769230769231 0.12259615384615384 0.09735576923076923