1 0.18870192307692307 0.5108173076923077 0.12259615384615384 0.125
1 0.26322115384615385 0.4891826923076923 0.040865384615384616 0.10576923076923077
4 0.36177884615384615 0.4338942307692308 0.013221153846153846 0.037259615384615384
1 0.4014423076923077 0.4807692307692308 0.025240384615384616 0.046875
1 0.49399038461538464 0.4807692307692308 0.04927884615384615 0.08774038461538461
4 0.5048076923076923 0.3701923076923077 0.021634615384615384 0.04326923076923077
1 0.5661057692307693 0.47716346153846156 0.038461538461538464 0.078125
4 0.5612980769230769 0.4266826923076923 0.019230769230769232 0.028846153846153848
4 0.5673076923076923 0.4206730769230769 0.018028846153846152 0.04927884615384615
1 0.5961538461538461 0.49759615384615385 0.04447115384615385 0.08653846153846154
1 0.6634615384615384 0.5144230769230769 0.12259615384615384 0.13221153846153846