1 0.06610576923076923 0.5877403846153846 0.12139423076923077 0.1310096153846154
1 0.14783653846153846 0.5649038461538461 0.055288461538461536 0.08774038461538461
1 0.18509615384615385 0.5540865384615384 0.04447115384615385 0.06610576923076923
1 0.18990384615384615 0.5649038461538461 0.027644230769230768 0.07572115384615384
1 0.25841346153846156 0.5384615384615384 0.04447115384615385 0.046875
1 0.34615384615384615 0.5552884615384616 0.13701923076923078 0.19471153846153846
1 0.43028846153846156 0.53125 0.028846153846153848 0.06490384615384616
1 0.42908653846153844 0.53125 0.028846153846153848 0.05048076923076923
1 0.5384615384615384 0.5480769230769231 0.10697115384615384 0.11778846153846154
2 0.7091346153846154 0.5372596153846154 0.03485576923076923 0.13822115384615385
2 0.7103365384615384 0.5408653846153846 0.03365384615384615 0.15384615384615385
1 0.8725961538461539 0.7163461538461539 0.25240384615384615 0.46634615384615385
1 0.8737980769230769 0.7355769230769231 0.24759615384615385 0.5216346153846154
2 0.7740384615384616 0.5264423076923077 0.028846153846153848 0.16947115384615385
2 0.7728365384615384 0.5252403846153846 0.02403846153846154 0.17548076923076922