1 0.10697115384615384 0.546875 0.15264423076923078 0.13221153846153846
1 0.025240384615384616 0.53125 0.05048076923076923 0.11538461538461539
1 0.26802884615384615 0.5108173076923077 0.0625 0.06850961538461539
1 0.2692307692307692 0.5072115384615384 0.06610576923076923 0.056490384615384616
1 0.3233173076923077 0.49759615384615385 0.052884615384615384 0.08653846153846154
1 0.32091346153846156 0.4951923076923077 0.04326923076923077 0.052884615384615384
1 0.37740384615384615 0.48677884615384615 0.055288461538461536 0.08052884615384616
1 0.41947115384615385 0.49278846153846156 0.03365384615384615 0.05048076923076923
1 0.5 0.48677884615384615 0.056490384615384616 0.07451923076923077
1 0.5673076923076923 0.49759615384615385 0.021634615384615384 0.052884615384615384
1 0.5829326923076923 0.5024038461538461 0.018028846153846152 0.04326923076923077
1 0.609375 0.5096153846153846 0.03485576923076923 0.0625
1 0.6117788461538461 0.5132211538461539 0.03365384615384615 0.0625
1 0.6730769230769231 0.5240384615384616 0.09375 0.11538461538461539