1 0.9399038461538461 0.6454326923076923 0.11778846153846154 0.3125
1 0.0889423076923077 0.5588942307692307 0.17548076923076922 0.1778846153846154
1 0.09134615384615384 0.5612980769230769 0.1778846153846154 0.18389423076923078
2 0.16826923076923078 0.5204326923076923 0.013221153846153846 0.07211538461538461
1 0.23677884615384615 0.5264423076923077 0.09735576923076923 0.056490384615384616
4 0.27283653846153844 0.43509615384615385 0.015625 0.04326923076923077
1 0.36177884615384615 0.5877403846153846 0.17548076923076922 0.21875
1 0.4519230769230769 0.5264423076923077 0.06610576923076923 0.12259615384615384
1 0.49278846153846156 0.5144230769230769 0.046875 0.06610576923076923
4 0.5 0.42427884615384615 0.021634615384615384 0.0625
4 0.4987980769230769 0.4182692307692308 0.018028846153846152 0.038461538461538464
2 0.5240384615384616 0.5240384615384616 0.027644230769230768 0.09735576923076923
2 0.5240384615384616 0.5180288461538461 0.018028846153846152 0.08774038461538461
2 0.5324519230769231 0.5204326923076923 0.015625 0.08653846153846154
2 0.5552884615384616 0.5168269230769231 0.015625 0.09375
2 0.5721153846153846 0.49759615384615385 0.021634615384615384 0.06971153846153846
2 0.5733173076923077 0.5024038461538461 0.015625 0.06610576923076923
1 0.7079326923076923 0.5492788461538461 0.203125 0.23076923076923078