2 0.037259615384615384 0.5504807692307693 0.019230769230769232 0.06850961538461539
2 0.07572115384615384 0.5456730769230769 0.015625 0.06850961538461539
2 0.171875 0.5372596153846154 0.019230769230769232 0.08052884615384616
4 0.21634615384615385 0.40384615384615385 0.019230769230769232 0.046875
4 0.21634615384615385 0.40625 0.021634615384615384 0.04927884615384615
2 0.21875 0.5372596153846154 0.018028846153846152 0.07572115384615384
1 0.27283653846153844 0.5432692307692307 0.08413461538461539 0.08052884615384616
1 0.33653846153846156 0.5516826923076923 0.025240384615384616 0.07451923076923077
1 0.42427884615384615 0.5709134615384616 0.1935096153846154 0.29447115384615385
1 0.5865384615384616 0.5360576923076923 0.140625 0.11899038461538461
4 0.5973557692307693 0.3942307692307692 0.018028846153846152 0.06971153846153846
2 0.6706730769230769 0.5012019230769231 0.019230769230769232 0.08173076923076923