1 0.140625 0.46274038461538464 0.28125 0.49278846153846156
10 0.1346153846153846 0.46274038461538464 0.2692307692307692 0.46153846153846156
1 0.3701923076923077 0.5637019230769231 0.1971153846153846 0.29086538461538464
1 0.45552884615384615 0.5336538461538461 0.03365384615384615 0.125
1 0.47115384615384615 0.5252403846153846 0.028846153846153848 0.055288461538461536
1 0.5348557692307693 0.5600961538461539 0.04927884615384615 0.10576923076923077
4 0.5324519230769231 0.44471153846153844 0.019230769230769232 0.04326923076923077
1 0.5769230769230769 0.5757211538461539 0.09975961538461539 0.15384615384615385
1 0.5685096153846154 0.5733173076923077 0.0625 0.14423076923076922
1 0.6598557692307693 0.59375 0.15264423076923078 0.2536057692307692
1 0.8245192307692307 0.6526442307692307 0.34615384615384615 0.4879807692307692