0 0.014423076923076924 0.5072115384615384 0.028846153846153848 0.09975961538461539
7 0.1622596153846154 0.4170673076923077 0.018028846153846152 0.046875
7 0.1622596153846154 0.4098557692307692 0.015625 0.03365384615384615
1 0.23557692307692307 0.5144230769230769 0.06610576923076923 0.08653846153846154
1 0.2668269230769231 0.49759615384615385 0.10697115384615384 0.11177884615384616
10 0.29086538461538464 0.4951923076923077 0.04447115384615385 0.078125
7 0.3317307692307692 0.3449519230769231 0.019230769230769232 0.04326923076923077
7 0.3317307692307692 0.34134615384615385 0.015625 0.04447115384615385
1 0.3545673076923077 0.4723557692307692 0.04927884615384615 0.05889423076923077
1 0.3557692307692308 0.4795673076923077 0.046875 0.04927884615384615
6 0.4050480769230769 0.33052884615384615 0.018028846153846152 0.05048076923076923
6 0.40384615384615385 0.3293269230769231 0.009615384615384616 0.04447115384615385
1 0.5348557692307693 0.47115384615384615 0.13822115384615385 0.07451923076923077
1 0.5336538461538461 0.4723557692307692 0.12259615384615384 0.06610576923076923
6 0.5180288461538461 0.40625 0.018028846153846152 0.04447115384615385
6 0.5180288461538461 0.4026442307692308 0.013221153846153846 0.04326923076923077
6 0.5576923076923077 0.32091346153846156 0.025240384615384616 0.0625
1 0.6899038461538461 0.4567307692307692 0.14302884615384615 0.09014423076923077
2 0.7319711538461539 0.4951923076923077 0.052884615384615384 0.1875
1 0.8569711538461539 0.47115384615384615 0.040865384615384616 0.05048076923076923