10 0.05889423076923077 0.47475961538461536 0.11778846153846154 0.18389423076923078
1 0.11658653846153846 0.5673076923076923 0.109375 0.11538461538461539
10 0.17908653846153846 0.5084134615384616 0.13822115384615385 0.171875
1 0.18509615384615385 0.4855769230769231 0.1346153846153846 0.10576923076923077
1 0.24278846153846154 0.5480769230769231 0.06850961538461539 0.109375
1 0.33533653846153844 0.5901442307692307 0.18990384615384615 0.234375
1 0.3954326923076923 0.5084134615384616 0.12259615384615384 0.1875
10 0.4110576923076923 0.5264423076923077 0.10336538461538461 0.16826923076923078
1 0.5132211538461539 0.5336538461538461 0.06009615384615385 0.08052884615384616
1 0.5853365384615384 0.5336538461538461 0.10336538461538461 0.14302884615384615
1 0.6598557692307693 0.5625 0.16826923076923078 0.1622596153846154
1 0.7524038461538461 0.4807692307692308 0.09615384615384616 0.18509615384615385
10 0.7620192307692307 0.5 0.10096153846153846 0.18028846153846154