1 0.06490384615384616 0.5600961538461539 0.06971153846153846 0.08653846153846154
1 0.02403846153846154 0.5576923076923077 0.04447115384615385 0.125
1 0.15264423076923078 0.5540865384615384 0.08052884615384616 0.08653846153846154
1 0.15384615384615385 0.5540865384615384 0.07572115384615384 0.07451923076923077
1 0.21394230769230768 0.5348557692307693 0.046875 0.06610576923076923
1 0.21394230769230768 0.5372596153846154 0.04326923076923077 0.05889423076923077
1 0.3112980769230769 0.5384615384615384 0.05048076923076923 0.06850961538461539
1 0.31490384615384615 0.5396634615384616 0.055288461538461536 0.06009615384615385
4 0.37259615384615385 0.4050480769230769 0.021634615384615384 0.04326923076923077
4 0.3713942307692308 0.4074519230769231 0.013221153846153846 0.040865384615384616
1 0.3954326923076923 0.5528846153846154 0.06490384615384616 0.09615384615384616
1 0.39903846153846156 0.5540865384615384 0.06490384615384616 0.08774038461538461
4 0.4495192307692308 0.47836538461538464 0.018028846153846152 0.04326923076923077
0 0.4987980769230769 0.5528846153846154 0.028846153846153848 0.1310096153846154
0 0.5036057692307693 0.5384615384615384 0.02403846153846154 0.11899038461538461