2 0.5949519230769231 0.5168269230769231 0.015625 0.05889423076923077
1 0.021634615384615384 0.5949519230769231 0.040865384615384616 0.13701923076923078
2 0.009615384615384616 0.5276442307692307 0.018028846153846152 0.078125
1 0.25961538461538464 0.6802884615384616 0.3317307692307692 0.43028846153846156
2 0.1502403846153846 0.5384615384615384 0.013221153846153846 0.07211538461538461
6 0.15865384615384615 0.39903846153846156 0.013221153846153846 0.04447115384615385
1 0.4362980769230769 0.53125 0.03485576923076923 0.056490384615384616
6 0.5144230769230769 0.3701923076923077 0.018028846153846152 0.056490384615384616
2 0.6490384615384616 0.53125 0.021634615384615384 0.10096153846153846
2 0.7584134615384616 0.5288461538461539 0.04927884615384615 0.22596153846153846
2 0.8004807692307693 0.5144230769230769 0.06850961538461539 0.25721153846153844
2 0.9194711538461539 0.5336538461538461 0.03365384615384615 0.1875