1 0.9170673076923077 0.47716346153846156 0.1622596153846154 0.13822115384615385
1 0.9194711538461539 0.6850961538461539 0.15865384615384615 0.38822115384615385
1 0.028846153846153848 0.5084134615384616 0.055288461538461536 0.056490384615384616
6 0.18990384615384615 0.40384615384615385 0.019230769230769232 0.04927884615384615
1 0.2439903846153846 0.4951923076923077 0.07451923076923077 0.08413461538461539
4 0.23076923076923078 0.41225961538461536 0.018028846153846152 0.037259615384615384
4 0.28365384615384615 0.4567307692307692 0.013221153846153846 0.038461538461538464
1 0.3870192307692308 0.4855769230769231 0.03485576923076923 0.05048076923076923
1 0.4110576923076923 0.4891826923076923 0.055288461538461536 0.07451923076923077
4 0.46033653846153844 0.44471153846153844 0.019230769230769232 0.038461538461538464
4 0.4579326923076923 0.44471153846153844 0.01201923076923077 0.028846153846153848
1 0.5060096153846154 0.4855769230769231 0.04927884615384615 0.0625
1 0.5480769230769231 0.4951923076923077 0.027644230769230768 0.06009615384615385
1 0.5733173076923077 0.5024038461538461 0.028846153846153848 0.06971153846153846
1 0.6069711538461539 0.5084134615384616 0.06971153846153846 0.09615384615384616
1 0.6117788461538461 0.5084134615384616 0.06850961538461539 0.08052884615384616
1 0.7451923076923077 0.5384615384615384 0.1935096153846154 0.27163461538461536