1 0.06610576923076923 0.5372596153846154 0.07451923076923077 0.06610576923076923
1 0.11658653846153846 0.5288461538461539 0.03485576923076923 0.06490384615384616
1 0.20673076923076922 0.5144230769230769 0.055288461538461536 0.040865384615384616
1 0.40024038461538464 0.5288461538461539 0.11899038461538461 0.1310096153846154
1 0.45072115384615385 0.5192307692307693 0.02403846153846154 0.06971153846153846
1 0.4519230769230769 0.5276442307692307 0.025240384615384616 0.07451923076923077
1 0.5612980769230769 0.5324519230769231 0.055288461538461536 0.09134615384615384
1 0.5588942307692307 0.5348557692307693 0.04326923076923077 0.10336538461538461
1 0.6009615384615384 0.5300480769230769 0.06009615384615385 0.1502403846153846
1 0.6382211538461539 0.53125 0.13221153846153846 0.15384615384615385
1 0.7163461538461539 0.5721153846153846 0.16947115384615385 0.1875