0 0.055288461538461536 0.546875 0.03485576923076923 0.06971153846153846
7 0.05048076923076923 0.43990384615384615 0.02403846153846154 0.05889423076923077
0 0.052884615384615384 0.5420673076923077 0.018028846153846152 0.06610576923076923
2 0.08052884615384616 0.5384615384615384 0.02403846153846154 0.08052884615384616
2 0.08413461538461539 0.5420673076923077 0.025240384615384616 0.07572115384615384
0 0.08052884615384616 0.5372596153846154 0.009615384615384616 0.06850961538461539
1 0.171875 0.5252403846153846 0.08774038461538461 0.07451923076923077
10 0.17427884615384615 0.5216346153846154 0.08173076923076923 0.08413461538461539
10 0.23677884615384615 0.5120192307692307 0.056490384615384616 0.056490384615384616
1 0.24519230769230768 0.515625 0.0625 0.05889423076923077
1 0.2439903846153846 0.5324519230769231 0.056490384615384616 0.04927884615384615
2 0.2848557692307692 0.5132211538461539 0.02403846153846154 0.07451923076923077
10 0.3269230769230769 0.48197115384615385 0.09975961538461539 0.1466346153846154
1 0.3942307692307692 0.5180288461538461 0.03365384615384615 0.03485576923076923
1 0.43990384615384615 0.5132211538461539 0.027644230769230768 0.028846153846153848
7 0.4483173076923077 0.3245192307692308 0.019230769230769232 0.05889423076923077
1 0.4651442307692308 0.5132211538461539 0.027644230769230768 0.038461538461538464
6 0.5180288461538461 0.32572115384615385 0.02403846153846154 0.06490384615384616
1 0.5637019230769231 0.5252403846153846 0.04927884615384615 0.0625
6 0.6550480769230769 0.4110576923076923 0.02403846153846154 0.06490384615384616
1 0.8605769230769231 0.6430288461538461 0.27524038461538464 0.7055288461538461
1 0.8617788461538461 0.6430288461538461 0.2692307692307692 0.6995192307692307