1 0.8629807692307693 0.5480769230769231 0.2692307692307692 0.28725961538461536
1 0.055288461538461536 0.5060096153846154 0.05048076923076923 0.040865384615384616
1 0.06129807692307692 0.515625 0.056490384615384616 0.040865384615384616
1 0.3401442307692308 0.4951923076923077 0.037259615384615384 0.052884615384615384
1 0.34375 0.49158653846153844 0.040865384615384616 0.0625
4 0.44591346153846156 0.3954326923076923 0.01201923076923077 0.03125
4 0.47836538461538464 0.40384615384615385 0.018028846153846152 0.038461538461538464
4 0.5432692307692307 0.4519230769230769 0.013221153846153846 0.028846153846153848
1 0.5552884615384616 0.4951923076923077 0.03125 0.05048076923076923
1 0.5901442307692307 0.5048076923076923 0.052884615384615384 0.0625
4 0.6033653846153846 0.43509615384615385 0.013221153846153846 0.040865384615384616
1 0.6875 0.5204326923076923 0.12259615384615384 0.2283653846153846
1 0.7223557692307693 0.5240384615384616 0.1778846153846154 0.21514423076923078