1 0.054086538461538464 0.4879807692307692 0.09975961538461539 0.06009615384615385
7 0.2548076923076923 0.40024038461538464 0.015625 0.04326923076923077
0 0.3425480769230769 0.4699519230769231 0.021634615384615384 0.05048076923076923
1 0.3798076923076923 0.47115384615384615 0.04447115384615385 0.052884615384615384
1 0.41586538461538464 0.4723557692307692 0.02403846153846154 0.040865384615384616
1 0.4483173076923077 0.4699519230769231 0.038461538461538464 0.056490384615384616
6 0.49278846153846156 0.3269230769230769 0.015625 0.040865384615384616
6 0.49278846153846156 0.32091346153846156 0.013221153846153846 0.03125
6 0.5480769230769231 0.31971153846153844 0.015625 0.028846153846153848
6 0.5516826923076923 0.3293269230769231 0.015625 0.040865384615384616
6 0.6069711538461539 0.3317307692307692 0.013221153846153846 0.038461538461538464
6 0.6105769230769231 0.32211538461538464 0.018028846153846152 0.028846153846153848
6 0.7151442307692307 0.3894230769230769 0.018028846153846152 0.040865384615384616
6 0.7163461538461539 0.38822115384615385 0.013221153846153846 0.037259615384615384
1 0.7788461538461539 0.4735576923076923 0.09735576923076923 0.06009615384615385
6 0.8221153846153846 0.3425480769230769 0.015625 0.05889423076923077
6 0.8257211538461539 0.34134615384615385 0.018028846153846152 0.0625
1 0.8449519230769231 0.4519230769230769 0.038461538461538464 0.040865384615384616
1 0.9711538461538461 0.4675480769230769 0.056490384615384616 0.06490384615384616
1 0.9711538461538461 0.4579326923076923 0.055288461538461536 0.0625