1 0.07572115384615384 0.5576923076923077 0.13701923076923078 0.13822115384615385
1 0.171875 0.5420673076923077 0.11778846153846154 0.12259615384615384
1 0.24519230769230768 0.5288461538461539 0.07451923076923077 0.09134615384615384
1 0.34134615384615385 0.5300480769230769 0.06009615384615385 0.07451923076923077
6 0.3762019230769231 0.39302884615384615 0.019230769230769232 0.040865384615384616
1 0.4206730769230769 0.5240384615384616 0.06850961538461539 0.09975961538461539
6 0.4362980769230769 0.38822115384615385 0.021634615384615384 0.04447115384615385
6 0.4879807692307692 0.38822115384615385 0.018028846153846152 0.040865384615384616
1 0.5552884615384616 0.5288461538461539 0.06490384615384616 0.09014423076923077
1 0.6430288461538461 0.5144230769230769 0.08653846153846154 0.10697115384615384
6 0.6117788461538461 0.44591346153846156 0.018028846153846152 0.046875
6 0.6478365384615384 0.4050480769230769 0.019230769230769232 0.06009615384615385
1 0.7007211538461539 0.5336538461538461 0.09375 0.11899038461538461
1 0.7836538461538461 0.53125 0.14302884615384615 0.17427884615384615
1 0.9014423076923077 0.5697115384615384 0.1935096153846154 0.20072115384615385