1 0.08173076923076923 0.5600961538461539 0.16346153846153846 0.19230769230769232
2 0.02403846153846154 0.5252403846153846 0.021634615384615384 0.06850961538461539
1 0.18990384615384615 0.5372596153846154 0.109375 0.125
1 0.2776442307692308 0.5228365384615384 0.09014423076923077 0.06610576923076923
1 0.2764423076923077 0.5216346153846154 0.08173076923076923 0.056490384615384616
1 0.32572115384615385 0.5204326923076923 0.04447115384615385 0.05889423076923077
1 0.3245192307692308 0.5240384615384616 0.037259615384615384 0.040865384615384616
1 0.3389423076923077 0.5132211538461539 0.05889423076923077 0.06009615384615385
1 0.34134615384615385 0.5024038461538461 0.03485576923076923 0.040865384615384616
1 0.3762019230769231 0.5144230769230769 0.03125 0.040865384615384616
1 0.41947115384615385 0.5072115384615384 0.056490384615384616 0.07211538461538461
1 0.4170673076923077 0.5084134615384616 0.04326923076923077 0.055288461538461536
1 0.47475961538461536 0.5180288461538461 0.08173076923076923 0.07451923076923077
1 0.5348557692307693 0.5180288461538461 0.03125 0.055288461538461536
1 0.65625 0.515625 0.18990384615384615 0.1658653846153846
1 0.6598557692307693 0.5168269230769231 0.17427884615384615 0.1502403846153846
1 0.7259615384615384 0.5432692307692307 0.23798076923076922 0.171875