1 0.9038461538461539 0.5288461538461539 0.1875 0.11538461538461539
1 0.20072115384615385 0.5805288461538461 0.09615384615384616 0.11177884615384616
4 0.19831730769230768 0.4206730769230769 0.02403846153846154 0.052884615384615384
4 0.19831730769230768 0.421875 0.019230769230769232 0.056490384615384616
1 0.2860576923076923 0.5661057692307693 0.04447115384615385 0.056490384615384616
1 0.3401442307692308 0.5637019230769231 0.06850961538461539 0.08774038461538461
1 0.44711538461538464 0.5733173076923077 0.13221153846153846 0.1971153846153846
1 0.5180288461538461 0.5384615384615384 0.019230769230769232 0.04927884615384615
4 0.6033653846153846 0.39783653846153844 0.021634615384615384 0.07572115384615384
2 0.6177884615384616 0.5240384615384616 0.021634615384615384 0.08173076923076923
2 0.6382211538461539 0.5144230769230769 0.015625 0.08413461538461539
2 0.6490384615384616 0.5192307692307693 0.027644230769230768 0.09375
2 0.6502403846153846 0.5264423076923077 0.015625 0.08052884615384616
2 0.6850961538461539 0.5144230769230769 0.018028846153846152 0.09014423076923077
2 0.7019230769230769 0.5192307692307693 0.013221153846153846 0.08173076923076923
2 0.9074519230769231 0.47115384615384615 0.025240384615384616 0.05048076923076923
2 0.9567307692307693 0.45913461538461536 0.015625 0.03485576923076923