1 0.9338942307692307 0.5348557692307693 0.12860576923076922 0.13221153846153846
0 0.014423076923076924 0.5492788461538461 0.028846153846153848 0.07932692307692307
7 0.06009615384615385 0.4387019230769231 0.027644230769230768 0.06009615384615385
7 0.05889423076923077 0.42427884615384615 0.013221153846153846 0.040865384615384616
2 0.08052884615384616 0.5336538461538461 0.02403846153846154 0.08052884615384616
2 0.08533653846153846 0.5336538461538461 0.019230769230769232 0.07451923076923077
2 0.10216346153846154 0.5300480769230769 0.025240384615384616 0.07451923076923077
1 0.17427884615384615 0.5192307692307693 0.078125 0.07451923076923077
1 0.24278846153846154 0.5096153846153846 0.06009615384615385 0.052884615384615384
2 0.30288461538461536 0.5961538461538461 0.12259615384615384 0.37259615384615385
2 0.2860576923076923 0.5168269230769231 0.018028846153846152 0.07572115384615384
1 0.33052884615384615 0.46153846153846156 0.09735576923076923 0.125
10 0.33052884615384615 0.47115384615384615 0.09014423076923077 0.140625
2 0.31971153846153844 0.5024038461538461 0.019230769230769232 0.07572115384615384
2 0.34134615384615385 0.5036057692307693 0.019230769230769232 0.078125
2 0.3473557692307692 0.5144230769230769 0.015625 0.0625
2 0.36177884615384615 0.5072115384615384 0.018028846153846152 0.06850961538461539
2 0.3641826923076923 0.5144230769230769 0.01201923076923077 0.06610576923076923
7 0.453125 0.3233173076923077 0.021634615384615384 0.052884615384615384
6 0.5240384615384616 0.3245192307692308 0.021634615384615384 0.06850961538461539
1 0.6887019230769231 0.5444711538461539 0.34615384615384615 0.16947115384615385
6 0.6586538461538461 0.4074519230769231 0.019230769230769232 0.0625
1 0.8413461538461539 0.5168269230769231 0.10576923076923077 0.07572115384615384