1 0.026442307692307692 0.5733173076923077 0.05048076923076923 0.16947115384615385
1 0.0889423076923077 0.5709134615384616 0.06850961538461539 0.13221153846153846
1 0.15504807692307693 0.5444711538461539 0.09975961538461539 0.12740384615384615
1 0.23317307692307693 0.5084134615384616 0.06009615384615385 0.07572115384615384
4 0.23798076923076922 0.45072115384615385 0.019230769230769232 0.04326923076923077
1 0.2848557692307692 0.5240384615384616 0.09134615384615384 0.10697115384615384
1 0.39903846153846156 0.5432692307692307 0.08653846153846154 0.11899038461538461
1 0.5216346153846154 0.5036057692307693 0.12139423076923077 0.11177884615384616
1 0.6778846153846154 0.4879807692307692 0.10576923076923077 0.06009615384615385
1 0.7872596153846154 0.5024038461538461 0.08774038461538461 0.08173076923076923
1 0.8990384615384616 0.49759615384615385 0.1466346153846154 0.15384615384615385