2 0.018028846153846152 0.5384615384615384 0.021634615384615384 0.11177884615384616
4 0.078125 0.3233173076923077 0.021634615384615384 0.08413461538461539
1 0.5444711538461539 0.5024038461538461 0.040865384615384616 0.08052884615384616
1 0.5420673076923077 0.5072115384615384 0.021634615384615384 0.055288461538461536
1 0.5721153846153846 0.5132211538461539 0.03485576923076923 0.052884615384615384
1 0.5769230769230769 0.5360576923076923 0.04447115384615385 0.078125
1 0.6117788461538461 0.5180288461538461 0.06610576923076923 0.07451923076923077
3 0.6213942307692307 0.2932692307692308 0.025240384615384616 0.09134615384615384
2 0.6274038461538461 0.5372596153846154 0.027644230769230768 0.10096153846153846
2 0.9555288461538461 0.5108173076923077 0.03485576923076923 0.15384615384615385
2 0.9579326923076923 0.515625 0.038461538461538464 0.15384615384615385