0 0.37259615384615385 0.4735576923076923 0.007211538461538462 0.037259615384615384
1 0.14302884615384615 0.4807692307692308 0.09975961538461539 0.06009615384615385
7 0.29927884615384615 0.4098557692307692 0.015625 0.04326923076923077
1 0.4026442307692308 0.4723557692307692 0.03485576923076923 0.040865384615384616
1 0.4326923076923077 0.4735576923076923 0.019230769230769232 0.028846153846153848
1 0.46274038461538464 0.47716346153846156 0.03365384615384615 0.04447115384615385
6 0.4987980769230769 0.34615384615384615 0.013221153846153846 0.03125
6 0.5024038461538461 0.3473557692307692 0.01201923076923077 0.03125
6 0.5492788461538461 0.3425480769230769 0.015625 0.028846153846153848
6 0.5492788461538461 0.3485576923076923 0.01201923076923077 0.037259615384615384
6 0.5985576923076923 0.34615384615384615 0.018028846153846152 0.028846153846153848
6 0.5973557692307693 0.35697115384615385 0.013221153846153846 0.038461538461538464
6 0.6923076923076923 0.40384615384615385 0.018028846153846152 0.040865384615384616
6 0.6923076923076923 0.4014423076923077 0.013221153846153846 0.027644230769230768
6 0.7572115384615384 0.3737980769230769 0.018028846153846152 0.038461538461538464
6 0.7608173076923077 0.37740384615384615 0.015625 0.046875
1 0.7992788461538461 0.47475961538461536 0.08052884615384616 0.04447115384615385
1 0.9362980769230769 0.46274038461538464 0.08653846153846154 0.06490384615384616