7 0.038461538461538464 0.4567307692307692 0.018028846153846152 0.04927884615384615
1 0.09014423076923077 0.5288461538461539 0.06850961538461539 0.07211538461538461
1 0.2091346153846154 0.5168269230769231 0.046875 0.055288461538461536
7 0.203125 0.3605769230769231 0.019230769230769232 0.055288461538461536
1 0.2668269230769231 0.5144230769230769 0.04447115384615385 0.05048076923076923
4 0.2776442307692308 0.3605769230769231 0.018028846153846152 0.05048076923076923
1 0.31009615384615385 0.5108173076923077 0.038461538461538464 0.06610576923076923
1 0.4206730769230769 0.5276442307692307 0.13701923076923078 0.18509615384615385
4 0.3798076923076923 0.4423076923076923 0.018028846153846152 0.04927884615384615
1 0.5901442307692307 0.5540865384615384 0.125 0.09975961538461539
1 0.6045673076923077 0.4855769230769231 0.08413461538461539 0.046875
3 0.6153846153846154 0.36177884615384615 0.027644230769230768 0.08653846153846154
1 0.734375 0.5745192307692307 0.2247596153846154 0.16826923076923078