2 0.9735576923076923 0.5372596153846154 0.03125 0.13822115384615385
2 0.9459134615384616 0.5384615384615384 0.03485576923076923 0.1466346153846154
1 0.13221153846153846 0.5396634615384616 0.07211538461538461 0.06009615384615385
1 0.17427884615384615 0.546875 0.02403846153846154 0.05048076923076923
1 0.26322115384615385 0.5372596153846154 0.03365384615384615 0.04326923076923077
1 0.359375 0.5600961538461539 0.19110576923076922 0.25721153846153844
7 0.34975961538461536 0.39302884615384615 0.021634615384615384 0.06009615384615385
1 0.45552884615384615 0.5540865384615384 0.09014423076923077 0.15985576923076922
4 0.5108173076923077 0.3076923076923077 0.021634615384615384 0.06850961538461539
1 0.5516826923076923 0.5444711538461539 0.04927884615384615 0.052884615384615384
3 0.578125 0.40865384615384615 0.018028846153846152 0.06490384615384616