1 0.8858173076923077 0.6201923076923077 0.22596153846153846 0.30528846153846156
10 0.030048076923076924 0.4963942307692308 0.06009615384615385 0.10576923076923077
1 0.028846153846153848 0.5192307692307693 0.056490384615384616 0.06009615384615385
10 0.03365384615384615 0.46153846153846156 0.06009615384615385 0.06009615384615385
1 0.15865384615384615 0.49759615384615385 0.028846153846153848 0.03365384615384615
1 0.21394230769230768 0.49278846153846156 0.05889423076923077 0.06610576923076923
1 0.33774038461538464 0.49759615384615385 0.027644230769230768 0.04447115384615385
1 0.3701923076923077 0.49759615384615385 0.04927884615384615 0.05048076923076923
1 0.43028846153846156 0.4963942307692308 0.09014423076923077 0.11538461538461539
1 0.5552884615384616 0.5012019230769231 0.10336538461538461 0.12860576923076922
1 0.6418269230769231 0.5192307692307693 0.15865384615384615 0.15264423076923078
1 0.7992788461538461 0.49038461538461536 0.06610576923076923 0.078125