1 0.014423076923076924 0.4963942307692308 0.028846153846153848 0.06490384615384616
1 0.08173076923076923 0.484375 0.08413461538461539 0.078125
1 0.17668269230769232 0.4807692307692308 0.05889423076923077 0.05889423076923077
1 0.3233173076923077 0.43990384615384615 0.025240384615384616 0.025240384615384616
7 0.3870192307692308 0.27884615384615385 0.02403846153846154 0.08173076923076923
7 0.3870192307692308 0.2776442307692308 0.018028846153846152 0.0625
1 0.5096153846153846 0.5769230769230769 0.23677884615384615 0.30528846153846156
6 0.5096153846153846 0.2704326923076923 0.021634615384615384 0.0625
6 0.6358173076923077 0.2980769230769231 0.025240384615384616 0.07451923076923077
1 0.7283653846153846 0.46634615384615385 0.055288461538461536 0.038461538461538464
1 0.8641826923076923 0.5600961538461539 0.26802884615384615 0.39302884615384615
6 0.7463942307692307 0.37740384615384615 0.02403846153846154 0.06971153846153846
6 0.7451923076923077 0.37740384615384615 0.018028846153846152 0.05048076923076923