1 0.038461538461538464 0.5180288461538461 0.07572115384615384 0.07572115384615384
1 0.16706730769230768 0.5084134615384616 0.06490384615384616 0.04326923076923077
1 0.1658653846153846 0.5120192307692307 0.05889423076923077 0.040865384615384616
10 0.28966346153846156 0.4795673076923077 0.07211538461538461 0.04927884615384615
1 0.2704326923076923 0.515625 0.03365384615384615 0.05889423076923077
1 0.3173076923076923 0.5144230769230769 0.052884615384615384 0.056490384615384616
1 0.3858173076923077 0.5060096153846154 0.02403846153846154 0.028846153846153848
4 0.3918269230769231 0.34134615384615385 0.015625 0.04927884615384615
1 0.4951923076923077 0.5072115384615384 0.13221153846153846 0.08774038461538461
4 0.49759615384615385 0.4326923076923077 0.015625 0.03485576923076923
1 0.8112980769230769 0.47115384615384615 0.09975961538461539 0.078125