1 0.06490384615384616 0.6334134615384616 0.12860576923076922 0.328125
10 0.07451923076923077 0.49759615384615385 0.14423076923076922 0.1346153846153846
2 0.13942307692307693 0.5336538461538461 0.027644230769230768 0.09615384615384616
1 0.15384615384615385 0.5600961538461539 0.052884615384615384 0.06610576923076923
1 0.2980769230769231 0.6574519230769231 0.33052884615384615 0.421875
2 0.14302884615384615 0.5384615384615384 0.019230769230769232 0.11177884615384616
7 0.33774038461538464 0.24879807692307693 0.021634615384615384 0.06850961538461539
10 0.46634615384615385 0.5084134615384616 0.037259615384615384 0.06850961538461539
6 0.4651442307692308 0.27884615384615385 0.021634615384615384 0.06610576923076923
2 0.6021634615384616 0.5288461538461539 0.018028846153846152 0.08413461538461539
2 0.6237980769230769 0.5228365384615384 0.03365384615384615 0.09134615384615384
6 0.6418269230769231 0.39663461538461536 0.02403846153846154 0.06490384615384616
1 0.8822115384615384 0.5600961538461539 0.234375 0.6682692307692307