1 0.054086538461538464 0.43509615384615385 0.08173076923076923 0.06490384615384616
1 0.11538461538461539 0.4387019230769231 0.04447115384615385 0.08413461538461539
1 0.15745192307692307 0.4411057692307692 0.04927884615384615 0.06971153846153846
1 0.1971153846153846 0.46153846153846156 0.06850961538461539 0.09014423076923077
1 0.20432692307692307 0.46153846153846156 0.05048076923076923 0.06490384615384616
1 0.2920673076923077 0.4567307692307692 0.0625 0.06490384615384616
1 0.2920673076923077 0.45072115384615385 0.04927884615384615 0.06009615384615385
6 0.4254807692307692 0.43149038461538464 0.013221153846153846 0.02403846153846154
1 0.48677884615384615 0.5024038461538461 0.10697115384615384 0.16947115384615385
8 0.49759615384615385 0.4050480769230769 0.01201923076923077 0.03125
1 0.6213942307692307 0.4891826923076923 0.05048076923076923 0.052884615384615384
1 0.6682692307692307 0.5108173076923077 0.06971153846153846 0.08173076923076923
1 0.7067307692307693 0.5 0.040865384615384616 0.046875
1 0.7692307692307693 0.5048076923076923 0.06490384615384616 0.06971153846153846
1 0.7740384615384616 0.5036057692307693 0.056490384615384616 0.05889423076923077
1 0.8365384615384616 0.5072115384615384 0.05048076923076923 0.06490384615384616
1 0.8786057692307693 0.5144230769230769 0.04447115384615385 0.04326923076923077
1 0.9302884615384616 0.5540865384615384 0.13701923076923078 0.13701923076923078
1 0.9302884615384616 0.5552884615384616 0.1346153846153846 0.11538461538461539