2 0.1346153846153846 0.5480769230769231 0.013221153846153846 0.046875
2 0.15264423076923078 0.5384615384615384 0.015625 0.06850961538461539
2 0.16826923076923078 0.53125 0.013221153846153846 0.06009615384615385
2 0.16947115384615385 0.5360576923076923 0.013221153846153846 0.055288461538461536
2 0.2824519230769231 0.5336538461538461 0.013221153846153846 0.06610576923076923
2 0.28365384615384615 0.53125 0.013221153846153846 0.06971153846153846
2 0.29927884615384615 0.5336538461538461 0.013221153846153846 0.0625
2 0.29927884615384615 0.5300480769230769 0.013221153846153846 0.06009615384615385
0 0.3786057692307692 0.5192307692307693 0.018028846153846152 0.038461538461538464
1 0.4723557692307692 0.5180288461538461 0.056490384615384616 0.08413461538461539
1 0.8473557692307693 0.49278846153846156 0.05048076923076923 0.03485576923076923
1 0.8942307692307693 0.4855769230769231 0.08173076923076923 0.05048076923076923