1 0.028846153846153848 0.5120192307692307 0.055288461538461536 0.09134615384615384
1 0.12139423076923077 0.5204326923076923 0.10336538461538461 0.08653846153846154
1 0.20673076923076922 0.5204326923076923 0.08173076923076923 0.09615384615384616
1 0.29447115384615385 0.5216346153846154 0.09134615384615384 0.09375
1 0.3858173076923077 0.5240384615384616 0.09615384615384616 0.08653846153846154
1 0.42427884615384615 0.5120192307692307 0.03365384615384615 0.04326923076923077
1 0.46153846153846156 0.5132211538461539 0.04927884615384615 0.05048076923076923
1 0.6069711538461539 0.5120192307692307 0.05048076923076923 0.06610576923076923
1 0.6694711538461539 0.5144230769230769 0.09134615384615384 0.056490384615384616
2 0.7680288461538461 0.5144230769230769 0.013221153846153846 0.09014423076923077
2 0.7800480769230769 0.5132211538461539 0.018028846153846152 0.07451923076923077
2 0.7992788461538461 0.5072115384615384 0.019230769230769232 0.07211538461538461