1 0.9170673076923077 0.5949519230769231 0.1622596153846154 0.35336538461538464
1 0.11057692307692307 0.5697115384615384 0.1502403846153846 0.19110576923076922
1 0.2283653846153846 0.5456730769230769 0.12139423076923077 0.14302884615384615
1 0.29447115384615385 0.5300480769230769 0.0625 0.08413461538461539
1 0.33653846153846156 0.5288461538461539 0.03365384615384615 0.08173076923076923
1 0.35697115384615385 0.5180288461538461 0.03485576923076923 0.07451923076923077
1 0.37740384615384615 0.5168269230769231 0.037259615384615384 0.06610576923076923
1 0.38822115384615385 0.5036057692307693 0.038461538461538464 0.07211538461538461
1 0.6430288461538461 0.5324519230769231 0.05048076923076923 0.09134615384615384
1 0.6742788461538461 0.5372596153846154 0.052884615384615384 0.125
1 0.7355769230769231 0.5444711538461539 0.12139423076923077 0.13221153846153846