2 0.17548076923076922 0.4987980769230769 0.019230769230769232 0.08052884615384616
2 0.0733173076923077 0.5396634615384616 0.052884615384615384 0.18509615384615385
2 0.6394230769230769 0.48197115384615385 0.025240384615384616 0.05889423076923077
1 0.6742788461538461 0.5132211538461539 0.09375 0.08173076923076923
1 0.7355769230769231 0.49759615384615385 0.06009615384615385 0.07451923076923077
1 0.7355769230769231 0.4987980769230769 0.056490384615384616 0.06610576923076923
1 0.7680288461538461 0.49278846153846156 0.046875 0.07451923076923077
1 0.7980769230769231 0.49038461538461536 0.03125 0.06009615384615385
1 0.8245192307692307 0.49038461538461536 0.04447115384615385 0.06009615384615385
1 0.8521634615384616 0.4831730769230769 0.03125 0.06009615384615385
1 0.8762019230769231 0.4807692307692308 0.027644230769230768 0.05048076923076923