1 0.03245192307692308 0.6033653846153846 0.06490384615384616 0.08052884615384616
1 0.06850961538461539 0.5901442307692307 0.08413461538461539 0.11177884615384616
1 0.08413461538461539 0.59375 0.05048076923076923 0.09975961538461539
1 0.12980769230769232 0.5997596153846154 0.046875 0.08774038461538461
1 0.1622596153846154 0.5324519230769231 0.08173076923076923 0.06610576923076923
1 0.16466346153846154 0.5997596153846154 0.03365384615384615 0.06009615384615385
1 0.21754807692307693 0.5540865384615384 0.078125 0.056490384615384616
1 0.21394230769230768 0.5829326923076923 0.04326923076923077 0.08413461538461539
10 0.3894230769230769 0.4483173076923077 0.2932692307692308 0.6117788461538461
2 0.5504807692307693 0.5697115384615384 0.025240384615384616 0.12259615384615384
2 0.5637019230769231 0.5769230769230769 0.018028846153846152 0.11538461538461539
2 0.7644230769230769 0.5288461538461539 0.040865384615384616 0.0625
2 0.9555288461538461 0.5540865384615384 0.046875 0.10697115384615384
2 0.953125 0.5588942307692307 0.025240384615384616 0.12139423076923077
2 0.9855769230769231 0.5552884615384616 0.025240384615384616 0.16947115384615385