1 0.042067307692307696 0.5649038461538461 0.08413461538461539 0.08653846153846154
1 0.14783653846153846 0.5216346153846154 0.02403846153846154 0.038461538461538464
1 0.29447115384615385 0.5288461538461539 0.09014423076923077 0.06490384615384616
1 0.29086538461538464 0.5264423076923077 0.08052884615384616 0.06971153846153846
1 0.26802884615384615 0.5168269230769231 0.028846153846153848 0.05048076923076923
1 0.26802884615384615 0.5204326923076923 0.027644230769230768 0.04447115384615385
7 0.3245192307692308 0.36177884615384615 0.018028846153846152 0.03485576923076923
7 0.32572115384615385 0.37259615384615385 0.018028846153846152 0.040865384615384616
1 0.36658653846153844 0.5408653846153846 0.06610576923076923 0.08173076923076923
1 0.3701923076923077 0.5336538461538461 0.06490384615384616 0.07451923076923077
6 0.39903846153846156 0.37259615384615385 0.015625 0.04326923076923077
6 0.4026442307692308 0.37259615384615385 0.018028846153846152 0.038461538461538464
1 0.46634615384615385 0.5288461538461539 0.052884615384615384 0.09375
1 0.47836538461538464 0.5180288461538461 0.06009615384615385 0.09615384615384616
6 0.4651442307692308 0.390625 0.013221153846153846 0.038461538461538464
6 0.4651442307692308 0.3894230769230769 0.015625 0.03365384615384615
1 0.5180288461538461 0.5444711538461539 0.09134615384615384 0.10096153846153846
6 0.5444711538461539 0.44471153846153844 0.019230769230769232 0.046875
3 0.5444711538461539 0.44471153846153844 0.013221153846153846 0.03485576923076923
1 0.609375 0.5084134615384616 0.10576923076923077 0.10576923076923077
1 0.6057692307692307 0.5072115384615384 0.09615384615384616 0.13701923076923078
1 0.7319711538461539 0.5540865384615384 0.1502403846153846 0.140625
6 0.7668269230769231 0.3894230769230769 0.021634615384615384 0.05048076923076923
6 0.7692307692307693 0.3918269230769231 0.025240384615384616 0.08052884615384616