1 0.025240384615384616 0.5552884615384616 0.05048076923076923 0.07211538461538461
1 0.06009615384615385 0.5336538461538461 0.04447115384615385 0.05889423076923077
1 0.06490384615384616 0.5348557692307693 0.055288461538461536 0.06610576923076923
1 0.11057692307692307 0.5432692307692307 0.08413461538461539 0.078125
1 0.11177884615384616 0.5432692307692307 0.07211538461538461 0.07211538461538461
1 0.15504807692307693 0.5072115384615384 0.037259615384615384 0.038461538461538464
10 0.20673076923076922 0.5252403846153846 0.078125 0.11298076923076923
1 0.2091346153846154 0.5252403846153846 0.078125 0.11538461538461539
7 0.28966346153846156 0.4230769230769231 0.02403846153846154 0.06009615384615385
5 0.29086538461538464 0.41947115384615385 0.021634615384615384 0.07211538461538461
1 0.3701923076923077 0.5072115384615384 0.052884615384615384 0.08653846153846154
1 0.38822115384615385 0.48197115384615385 0.027644230769230768 0.021634615384615384
1 0.40865384615384615 0.5012019230769231 0.03365384615384615 0.04927884615384615
1 0.41466346153846156 0.4723557692307692 0.02403846153846154 0.028846153846153848
1 0.47596153846153844 0.5252403846153846 0.07211538461538461 0.10576923076923077
1 0.5096153846153846 0.49399038461538464 0.02403846153846154 0.03125
1 0.5528846153846154 0.49759615384615385 0.055288461538461536 0.055288461538461536
1 0.5504807692307693 0.49759615384615385 0.046875 0.05048076923076923
1 0.6177884615384616 0.5192307692307693 0.056490384615384616 0.05048076923076923
4 0.6009615384615384 0.25240384615384615 0.021634615384615384 0.06971153846153846
4 0.6021634615384616 0.2512019230769231 0.021634615384615384 0.07211538461538461
1 0.6995192307692307 0.5276442307692307 0.08413461538461539 0.06850961538461539
4 0.7848557692307693 0.3894230769230769 0.019230769230769232 0.052884615384615384
2 0.7908653846153846 0.5144230769230769 0.019230769230769232 0.07451923076923077