2 0.8701923076923077 0.5120192307692307 0.056490384615384616 0.24639423076923078
2 0.08413461538461539 0.5024038461538461 0.01201923076923077 0.04447115384615385
2 0.10216346153846154 0.5024038461538461 0.019230769230769232 0.05048076923076923
1 0.14783653846153846 0.5024038461538461 0.03485576923076923 0.038461538461538464
1 0.3762019230769231 0.5408653846153846 0.11778846153846154 0.14903846153846154
1 0.46634615384615385 0.49759615384615385 0.04447115384615385 0.04326923076923077
2 0.5252403846153846 0.5120192307692307 0.038461538461538464 0.09375
1 0.5264423076923077 0.5084134615384616 0.038461538461538464 0.055288461538461536
1 0.6021634615384616 0.5084134615384616 0.12860576923076922 0.08653846153846154
2 0.7295673076923077 0.4891826923076923 0.02403846153846154 0.08774038461538461
2 0.7572115384615384 0.48677884615384615 0.021634615384615384 0.08774038461538461