6 0.2764423076923077 0.38341346153846156 0.019230769230769232 0.04927884615384615
6 0.2776442307692308 0.37740384615384615 0.015625 0.03125
1 0.33653846153846156 0.47115384615384615 0.03125 0.04326923076923077
1 0.35697115384615385 0.4807692307692308 0.03125 0.04326923076923077
1 0.421875 0.4735576923076923 0.037259615384615384 0.037259615384615384
1 0.42427884615384615 0.47596153846153844 0.040865384615384616 0.037259615384615384
6 0.45072115384615385 0.29086538461538464 0.019230769230769232 0.04927884615384615
6 0.45072115384615385 0.27884615384615385 0.015625 0.03125
1 0.46634615384615385 0.4699519230769231 0.03125 0.03125
6 0.5625 0.359375 0.019230769230769232 0.025240384615384616
6 0.5649038461538461 0.37259615384615385 0.019230769230769232 0.04326923076923077
1 0.6225961538461539 0.4567307692307692 0.109375 0.10336538461538461
6 0.6598557692307693 0.26802884615384615 0.03365384615384615 0.09134615384615384
6 0.6634615384615384 0.24278846153846154 0.019230769230769232 0.040865384615384616