10 0.06370192307692307 0.48197115384615385 0.12740384615384615 0.17548076923076922
1 0.11538461538461539 0.5600961538461539 0.10096153846153846 0.10697115384615384
1 0.18028846153846154 0.48197115384615385 0.1346153846153846 0.1310096153846154
1 0.28365384615384615 0.6237980769230769 0.28365384615384615 0.33774038461538464
1 0.38341346153846156 0.49759615384615385 0.15865384615384615 0.2620192307692308
1 0.4338942307692308 0.5192307692307693 0.07572115384615384 0.25961538461538464
1 0.5132211538461539 0.5408653846153846 0.0625 0.08173076923076923
1 0.53125 0.5336538461538461 0.028846153846153848 0.109375
1 0.5769230769230769 0.5276442307692307 0.09134615384615384 0.15264423076923078
1 0.6538461538461539 0.5564903846153846 0.17427884615384615 0.17548076923076922
10 0.7487980769230769 0.4795673076923077 0.11177884615384616 0.19951923076923078
1 0.7524038461538461 0.4807692307692308 0.10336538461538461 0.17548076923076922