1 0.9278846153846154 0.5841346153846154 0.14302884615384615 0.4651442307692308
1 0.8088942307692307 0.5793269230769231 0.2932692307692308 0.2848557692307692
1 0.27283653846153844 0.5240384615384616 0.05889423076923077 0.06490384615384616
1 0.27524038461538464 0.5276442307692307 0.05048076923076923 0.05048076923076923
1 0.3389423076923077 0.5192307692307693 0.03365384615384615 0.05048076923076923
1 0.3713942307692308 0.5204326923076923 0.05048076923076923 0.05889423076923077
1 0.37740384615384615 0.5252403846153846 0.040865384615384616 0.05048076923076923
1 0.43509615384615385 0.5252403846153846 0.040865384615384616 0.055288461538461536
1 0.43990384615384615 0.5264423076923077 0.037259615384615384 0.05048076923076923
0 0.4963942307692308 0.5252403846153846 0.019230769230769232 0.07211538461538461
0 0.5024038461538461 0.5180288461538461 0.021634615384615384 0.06009615384615385
1 0.5348557692307693 0.5120192307692307 0.04326923076923077 0.13701923076923078
1 0.5913461538461539 0.5300480769230769 0.11177884615384616 0.14302884615384615