1 0.056490384615384616 0.5204326923076923 0.11298076923076923 0.16105769230769232
1 0.19591346153846154 0.4891826923076923 0.06971153846153846 0.07211538461538461
1 0.24519230769230768 0.49158653846153844 0.040865384615384616 0.04326923076923077
1 0.2800480769230769 0.47596153846153844 0.03125 0.055288461538461536
1 0.30528846153846156 0.48197115384615385 0.027644230769230768 0.04326923076923077
6 0.3473557692307692 0.2692307692307692 0.019230769230769232 0.05889423076923077
1 0.4675480769230769 0.5348557692307693 0.15264423076923078 0.20673076923076922
3 0.4567307692307692 0.28725961538461536 0.025240384615384616 0.06971153846153846
6 0.6346153846153846 0.38341346153846156 0.019230769230769232 0.04326923076923077
6 0.6334134615384616 0.3762019230769231 0.013221153846153846 0.038461538461538464
6 0.7415865384615384 0.25600961538461536 0.03125 0.09615384615384616