1 0.09615384615384616 0.5168269230769231 0.19110576923076922 0.12139423076923077
1 0.38221153846153844 0.5072115384615384 0.15625 0.08173076923076923
1 0.17668269230769232 0.4963942307692308 0.10336538461538461 0.06610576923076923
1 0.18629807692307693 0.49158653846153844 0.09134615384615384 0.08052884615384616
1 0.6021634615384616 0.5396634615384616 0.21875 0.1971153846153846
1 0.8461538461538461 0.49759615384615385 0.056490384615384616 0.078125
1 0.8846153846153846 0.49038461538461536 0.028846153846153848 0.06490384615384616
1 0.9242788461538461 0.49038461538461536 0.04447115384615385 0.05048076923076923
1 0.9507211538461539 0.4891826923076923 0.03365384615384615 0.04447115384615385
1 0.9807692307692307 0.48677884615384615 0.027644230769230768 0.052884615384615384
1 0.9927884615384616 0.4891826923076923 0.013221153846153846 0.04927884615384615