1 0.04326923076923077 0.5360576923076923 0.08653846153846154 0.10697115384615384
1 0.14302884615384615 0.5480769230769231 0.08413461538461539 0.07451923076923077
1 0.1778846153846154 0.5072115384615384 0.06850961538461539 0.05048076923076923
1 0.20192307692307693 0.5336538461538461 0.052884615384615384 0.05889423076923077
10 0.2764423076923077 0.48197115384615385 0.11538461538461539 0.1778846153846154
1 0.3545673076923077 0.5288461538461539 0.037259615384615384 0.037259615384615384
1 0.38461538461538464 0.5168269230769231 0.037259615384615384 0.037259615384615384
7 0.42427884615384615 0.31971153846153844 0.021634615384615384 0.0625
6 0.4987980769230769 0.3173076923076923 0.02403846153846154 0.06490384615384616
1 0.5528846153846154 0.5168269230769231 0.02403846153846154 0.037259615384615384
6 0.6442307692307693 0.41466346153846156 0.027644230769230768 0.06971153846153846
10 0.9663461538461539 0.49278846153846156 0.0625 0.140625