0 0.055288461538461536 0.5528846153846154 0.027644230769230768 0.08052884615384616
1 0.1141826923076923 0.5540865384615384 0.09615384615384616 0.08774038461538461
7 0.12980769230769232 0.46033653846153844 0.021634615384615384 0.052884615384615384
1 0.20552884615384615 0.5600961538461539 0.06610576923076923 0.052884615384615384
1 0.25721153846153844 0.5492788461538461 0.040865384615384616 0.04927884615384615
1 0.37259615384615385 0.5637019230769231 0.2091346153846154 0.296875
3 0.36177884615384615 0.33774038461538464 0.013221153846153846 0.046875
4 0.4567307692307692 0.34134615384615385 0.018028846153846152 0.052884615384615384
10 0.7067307692307693 0.41466346153846156 0.40024038461538464 0.5625
1 0.9194711538461539 0.7175480769230769 0.15985576923076922 0.47836538461538464
1 0.9387019230769231 0.47716346153846156 0.07572115384615384 0.12139423076923077
10 0.9399038461538461 0.4735576923076923 0.06971153846153846 0.10697115384615384