1 0.08052884615384616 0.5384615384615384 0.04326923076923077 0.08173076923076923
1 0.30649038461538464 0.5961538461538461 0.40384615384615385 0.5288461538461539
7 0.12860576923076922 0.42788461538461536 0.019230769230769232 0.018028846153846152
3 0.3605769230769231 0.31850961538461536 0.01201923076923077 0.038461538461538464
4 0.45552884615384615 0.3269230769230769 0.018028846153846152 0.046875
10 0.7151442307692307 0.40384615384615385 0.39302884615384615 0.5600961538461539
1 0.9182692307692307 0.6947115384615384 0.15985576923076922 0.421875
2 0.9134615384615384 0.48197115384615385 0.021634615384615384 0.13221153846153846
10 0.9399038461538461 0.4362980769230769 0.06610576923076923 0.05048076923076923
2 0.9399038461538461 0.4879807692307692 0.019230769230769232 0.07572115384615384
2 0.9615384615384616 0.46875 0.019230769230769232 0.06850961538461539