10 0.055288461538461536 0.41225961538461536 0.109375 0.171875
1 0.05048076923076923 0.5360576923076923 0.10096153846153846 0.19230769230769232
10 0.05889423076923077 0.4182692307692308 0.11298076923076923 0.23677884615384615
1 0.1971153846153846 0.5276442307692307 0.1971153846153846 0.2091346153846154
5 0.2536057692307692 0.33533653846153844 0.019230769230769232 0.05048076923076923
1 0.48197115384615385 0.65625 0.38461538461538464 0.47836538461538464
5 0.3076923076923077 0.33774038461538464 0.019230769230769232 0.05048076923076923
6 0.3918269230769231 0.3329326923076923 0.018028846153846152 0.046875
6 0.44711538461538464 0.34134615384615385 0.019230769230769232 0.04927884615384615
6 0.5721153846153846 0.40625 0.018028846153846152 0.04447115384615385
1 0.8353365384615384 0.4795673076923077 0.1310096153846154 0.07211538461538461