6 0.14302884615384615 0.41225961538461536 0.019230769230769232 0.05048076923076923
7 0.14302884615384615 0.41225961538461536 0.015625 0.038461538461538464
1 0.1622596153846154 0.5084134615384616 0.037259615384615384 0.037259615384615384
4 0.18990384615384615 0.4230769230769231 0.013221153846153846 0.037259615384615384
4 0.19110576923076922 0.41586538461538464 0.018028846153846152 0.03485576923076923
4 0.2620192307692308 0.47115384615384615 0.013221153846153846 0.038461538461538464
1 0.29927884615384615 0.5 0.04447115384615385 0.07451923076923077
1 0.31009615384615385 0.5084134615384616 0.046875 0.04927884615384615
1 0.3545673076923077 0.5084134615384616 0.046875 0.07211538461538461
4 0.4651442307692308 0.4423076923076923 0.019230769230769232 0.038461538461538464
4 0.4651442307692308 0.43990384615384615 0.01201923076923077 0.028846153846153848
1 0.5384615384615384 0.5072115384615384 0.08413461538461539 0.09615384615384616
1 0.6310096153846154 0.5300480769230769 0.11298076923076923 0.13221153846153846
1 0.6382211538461539 0.5420673076923077 0.11298076923076923 0.08413461538461539
1 0.8870192307692307 0.6322115384615384 0.2247596153846154 0.28846153846153844
1 0.7319711538461539 0.5697115384615384 0.10576923076923077 0.22596153846153846