3 0.019230769230769232 0.35336538461538464 0.03365384615384615 0.09014423076923077
2 0.12259615384615384 0.5492788461538461 0.03365384615384615 0.11899038461538461
1 0.2536057692307692 0.5228365384615384 0.1502403846153846 0.18509615384615385
1 0.42788461538461536 0.5408653846153846 0.09735576923076923 0.125
3 0.5204326923076923 0.31009615384615385 0.03365384615384615 0.09134615384615384
2 0.5709134615384616 0.5024038461538461 0.03365384615384615 0.10697115384615384
2 0.5985576923076923 0.48197115384615385 0.03125 0.08774038461538461
2 0.5973557692307693 0.4951923076923077 0.02403846153846154 0.08052884615384616
2 0.6598557692307693 0.5024038461538461 0.027644230769230768 0.10576923076923077
2 0.8088942307692307 0.49759615384615385 0.052884615384615384 0.15625
2 0.8509615384615384 0.48197115384615385 0.038461538461538464 0.13221153846153846
1 0.9735576923076923 0.5228365384615384 0.04927884615384615 0.11177884615384616