6 0.0829326923076923 0.07932692307692307 0.1658653846153846 0.15865384615384615
1 0.20192307692307693 0.5252403846153846 0.15865384615384615 0.1346153846153846
1 0.20793269230769232 0.5252403846153846 0.15264423076923078 0.12259615384615384
1 0.18389423076923078 0.49759615384615385 0.08413461538461539 0.06850961538461539
1 0.43028846153846156 0.5024038461538461 0.056490384615384616 0.06490384615384616
1 0.4723557692307692 0.49278846153846156 0.018028846153846152 0.037259615384615384
1 0.49399038461538464 0.4951923076923077 0.03365384615384615 0.04326923076923077
3 0.5649038461538461 0.3641826923076923 0.019230769230769232 0.05889423076923077
1 0.6286057692307693 0.4855769230769231 0.052884615384615384 0.06610576923076923
1 0.6382211538461539 0.48197115384615385 0.052884615384615384 0.056490384615384616
1 0.6790865384615384 0.5204326923076923 0.07451923076923077 0.08653846153846154
3 0.6526442307692307 0.3557692307692308 0.015625 0.04326923076923077
1 0.6802884615384616 0.5024038461538461 0.06009615384615385 0.06490384615384616
1 0.6887019230769231 0.46875 0.04447115384615385 0.037259615384615384
1 0.6887019230769231 0.46875 0.04447115384615385 0.028846153846153848
4 0.7259615384615384 0.41346153846153844 0.018028846153846152 0.04927884615384615
1 0.7860576923076923 0.5192307692307693 0.125 0.1466346153846154
1 0.7836538461538461 0.5072115384615384 0.109375 0.109375
8 0.8004807692307693 0.07692307692307693 0.05048076923076923 0.11778846153846154
3 0.8004807692307693 0.07451923076923077 0.027644230769230768 0.09134615384615384
1 0.9254807692307693 0.5348557692307693 0.14423076923076922 0.22115384615384615