1 0.9098557692307693 0.5805288461538461 0.1778846153846154 0.22115384615384615
1 0.24759615384615385 0.5084134615384616 0.09375 0.10336538461538461
1 0.3076923076923077 0.5048076923076923 0.027644230769230768 0.037259615384615384
1 0.3629807692307692 0.4987980769230769 0.06490384615384616 0.05889423076923077
1 0.36899038461538464 0.5 0.06009615384615385 0.055288461538461536
6 0.4110576923076923 0.4519230769230769 0.025240384615384616 0.05889423076923077
6 0.41225961538461536 0.44711538461538464 0.018028846153846152 0.052884615384615384
1 0.46634615384615385 0.4987980769230769 0.046875 0.04927884615384615
1 0.46274038461538464 0.49759615384615385 0.038461538461538464 0.040865384615384616
1 0.5444711538461539 0.49038461538461536 0.052884615384615384 0.046875
1 0.5384615384615384 0.49399038461538464 0.03125 0.04927884615384615
6 0.5456730769230769 0.28125 0.018028846153846152 0.03485576923076923
7 0.5528846153846154 0.2824519230769231 0.015625 0.038461538461538464
1 0.6045673076923077 0.5132211538461539 0.10576923076923077 0.12740384615384615
6 0.5829326923076923 0.40865384615384615 0.019230769230769232 0.05048076923076923
6 0.5853365384615384 0.40024038461538464 0.015625 0.038461538461538464
6 0.6382211538461539 0.4050480769230769 0.015625 0.040865384615384616
6 0.6430288461538461 0.4014423076923077 0.015625 0.040865384615384616
6 0.6478365384615384 0.3125 0.019230769230769232 0.04927884615384615
6 0.6490384615384616 0.30528846153846156 0.018028846153846152 0.04326923076923077
1 0.6778846153846154 0.5024038461538461 0.040865384615384616 0.08774038461538461
1 0.6814903846153846 0.5036057692307693 0.046875 0.09615384615384616
1 0.7175480769230769 0.5168269230769231 0.06971153846153846 0.09375
6 0.6899038461538461 0.43509615384615385 0.01201923076923077 0.028846153846153848
1 0.7211538461538461 0.5144230769230769 0.046875 0.09735576923076923
1 0.7992788461538461 0.5324519230769231 0.13221153846153846 0.14423076923076922
1 0.7884615384615384 0.53125 0.09134615384615384 0.1466346153846154
6 0.7668269230769231 0.4074519230769231 0.019230769230769232 0.052884615384615384
6 0.7644230769230769 0.40625 0.015625 0.04326923076923077
6 0.8257211538461539 0.3786057692307692 0.02403846153846154 0.05889423076923077
6 0.8257211538461539 0.36658653846153844 0.018028846153846152 0.03485576923076923
2 0.9927884615384616 0.5108173076923077 0.013221153846153846 0.078125