1 0.9038461538461539 0.5228365384615384 0.19110576923076922 0.18990384615384615
2 0.27163461538461536 0.5420673076923077 0.018028846153846152 0.09735576923076923
2 0.3137019230769231 0.5372596153846154 0.019230769230769232 0.13221153846153846
2 0.3317307692307692 0.5276442307692307 0.019230769230769232 0.11298076923076923
2 0.34615384615384615 0.5336538461538461 0.013221153846153846 0.125
3 0.016826923076923076 0.33774038461538464 0.03365384615384615 0.0625
2 0.07091346153846154 0.6009615384615384 0.1310096153846154 0.5805288461538461
2 0.18509615384615385 0.6490384615384616 0.20673076923076922 0.5721153846153846
2 0.11177884615384616 0.5588942307692307 0.056490384615384616 0.31009615384615385
1 0.5649038461538461 0.5324519230769231 0.3125 0.16826923076923078
3 0.5204326923076923 0.30288461538461536 0.037259615384615384 0.07572115384615384