1 0.15865384615384615 0.5336538461538461 0.06850961538461539 0.056490384615384616
1 0.15865384615384615 0.5300480769230769 0.06610576923076923 0.06971153846153846
1 0.23798076923076922 0.5288461538461539 0.07211538461538461 0.078125
1 0.24158653846153846 0.5240384615384616 0.06610576923076923 0.07451923076923077
1 0.31490384615384615 0.5240384615384616 0.05048076923076923 0.052884615384615384
1 0.31490384615384615 0.5192307692307693 0.037259615384615384 0.038461538461538464
1 0.3629807692307692 0.515625 0.02403846153846154 0.03125
10 0.4050480769230769 0.5012019230769231 0.052884615384615384 0.10697115384615384
1 0.4387019230769231 0.5132211538461539 0.025240384615384616 0.05889423076923077
1 0.4375 0.5132211538461539 0.018028846153846152 0.04326923076923077
1 0.48197115384615385 0.5108173076923077 0.019230769230769232 0.03125