1 0.20192307692307693 0.5288461538461539 0.05048076923076923 0.05889423076923077
1 0.20552884615384615 0.5264423076923077 0.052884615384615384 0.046875
1 0.32572115384615385 0.5444711538461539 0.1658653846153846 0.203125
7 0.359375 0.421875 0.021634615384615384 0.038461538461538464
7 0.359375 0.4266826923076923 0.018028846153846152 0.038461538461538464
1 0.4206730769230769 0.5420673076923077 0.056490384615384616 0.13221153846153846
6 0.46274038461538464 0.37259615384615385 0.019230769230769232 0.0625
6 0.46153846153846156 0.36658653846153844 0.01201923076923077 0.03365384615384615
6 0.5036057692307693 0.4387019230769231 0.021634615384615384 0.052884615384615384
6 0.5024038461538461 0.4326923076923077 0.01201923076923077 0.03485576923076923
6 0.6069711538461539 0.36899038461538464 0.025240384615384616 0.08173076923076923
6 0.6069711538461539 0.36899038461538464 0.021634615384615384 0.06850961538461539
1 0.7475961538461539 0.5132211538461539 0.06971153846153846 0.08653846153846154
1 0.765625 0.5144230769230769 0.08173076923076923 0.08052884615384616
1 0.7884615384615384 0.5072115384615384 0.06610576923076923 0.09014423076923077
1 0.9435096153846154 0.5132211538461539 0.11177884615384616 0.15384615384615385
1 0.9459134615384616 0.5048076923076923 0.10576923076923077 0.15384615384615385