1 0.2403846153846154 0.6826923076923077 0.37259615384615385 0.43028846153846156
2 0.12740384615384615 0.41586538461538464 0.015625 0.03125
6 0.15504807692307693 0.40024038461538464 0.018028846153846152 0.055288461538461536
1 0.42788461538461536 0.5384615384615384 0.11538461538461539 0.11538461538461539
6 0.5192307692307693 0.3713942307692308 0.019230769230769232 0.06850961538461539
2 0.5865384615384616 0.5252403846153846 0.018028846153846152 0.078125
2 0.6081730769230769 0.5204326923076923 0.021634615384615384 0.07572115384615384
2 0.6598557692307693 0.5288461538461539 0.021634615384615384 0.09735576923076923
2 0.8016826923076923 0.5276442307692307 0.04447115384615385 0.22235576923076922
2 0.8581730769230769 0.5252403846153846 0.05889423076923077 0.23677884615384615
2 0.9507211538461539 0.53125 0.04927884615384615 0.19110576923076922