1 0.07211538461538461 0.5 0.14423076923076922 0.14903846153846154
1 0.2548076923076923 0.5012019230769231 0.03365384615384615 0.04326923076923077
1 0.3269230769230769 0.5048076923076923 0.05048076923076923 0.055288461538461536
1 0.33052884615384615 0.5024038461538461 0.03485576923076923 0.046875
4 0.3581730769230769 0.3233173076923077 0.018028846153846152 0.046875
4 0.36177884615384615 0.328125 0.018028846153846152 0.05048076923076923
1 0.43149038461538464 0.49278846153846156 0.03365384615384615 0.03125
4 0.47716346153846156 0.34615384615384615 0.019230769230769232 0.04447115384615385
4 0.5997596153846154 0.4110576923076923 0.015625 0.038461538461538464
2 0.6466346153846154 0.48197115384615385 0.018028846153846152 0.08052884615384616
2 0.6514423076923077 0.48197115384615385 0.013221153846153846 0.06009615384615385
2 0.6598557692307693 0.4855769230769231 0.013221153846153846 0.06610576923076923
2 0.7211538461538461 0.4831730769230769 0.03365384615384615 0.140625
2 0.7139423076923077 0.49759615384615385 0.019230769230769232 0.14302884615384615
2 0.8834134615384616 0.46634615384615385 0.01201923076923077 0.046875
2 0.8882211538461539 0.46634615384615385 0.015625 0.04447115384615385
2 0.8930288461538461 0.4675480769230769 0.021634615384615384 0.052884615384615384