1 0.030048076923076924 0.5817307692307693 0.05889423076923077 0.19110576923076922
1 0.9086538461538461 0.5913461538461539 0.1814903846153846 0.27524038461538464
2 0.8629807692307693 0.6021634615384616 0.08774038461538461 0.39903846153846156
1 0.07211538461538461 0.578125 0.09134615384615384 0.12740384615384615
1 0.11057692307692307 0.5649038461538461 0.06971153846153846 0.11177884615384616
1 0.1466346153846154 0.5540865384615384 0.08052884615384616 0.10336538461538461
1 0.20552884615384615 0.5540865384615384 0.07451923076923077 0.08052884615384616
1 0.2403846153846154 0.5372596153846154 0.09735576923076923 0.09735576923076923
1 0.35096153846153844 0.5300480769230769 0.056490384615384616 0.08052884615384616
1 0.4639423076923077 0.53125 0.056490384615384616 0.06971153846153846
1 0.6021634615384616 0.5288461538461539 0.078125 0.08052884615384616
1 0.6177884615384616 0.5432692307692307 0.04927884615384615 0.10697115384615384
1 0.6959134615384616 0.5444711538461539 0.14423076923076922 0.15264423076923078
1 0.7127403846153846 0.5504807692307693 0.11538461538461539 0.15264423076923078
1 0.7992788461538461 0.5745192307692307 0.19951923076923078 0.21514423076923078