2 0.03245192307692308 0.6141826923076923 0.056490384615384616 0.3557692307692308
2 0.0985576923076923 0.59375 0.06009615384615385 0.3161057692307692
1 0.16826923076923078 0.5745192307692307 0.13221153846153846 0.15625
1 0.24879807692307693 0.5540865384615384 0.04326923076923077 0.05889423076923077
1 0.2980769230769231 0.5504807692307693 0.06971153846153846 0.08653846153846154
10 0.35697115384615385 0.5264423076923077 0.028846153846153848 0.056490384615384616
1 0.3737980769230769 0.5444711538461539 0.027644230769230768 0.04326923076923077
10 0.4230769230769231 0.5408653846153846 0.08774038461538461 0.12860576923076922
1 0.4230769230769231 0.546875 0.08173076923076923 0.1466346153846154
1 0.47475961538461536 0.5348557692307693 0.037259615384615384 0.056490384615384616
1 0.5324519230769231 0.5612980769230769 0.07211538461538461 0.09014423076923077
1 0.9074519230769231 0.5444711538461539 0.11899038461538461 0.09134615384615384