1 0.9350961538461539 0.5925480769230769 0.12860576923076922 0.4182692307692308
1 0.7848557692307693 0.5564903846153846 0.20673076923076922 0.18990384615384615
1 0.3954326923076923 0.4879807692307692 0.03125 0.04326923076923077
1 0.44471153846153844 0.4879807692307692 0.03365384615384615 0.046875
4 0.4579326923076923 0.41346153846153844 0.013221153846153846 0.02403846153846154
1 0.48197115384615385 0.48197115384615385 0.03365384615384615 0.038461538461538464
4 0.4891826923076923 0.41947115384615385 0.01201923076923077 0.027644230769230768
4 0.5432692307692307 0.4519230769230769 0.01201923076923077 0.028846153846153848
4 0.5721153846153846 0.44471153846153844 0.018028846153846152 0.03125
1 0.6742788461538461 0.5216346153846154 0.11177884615384616 0.1310096153846154
1 0.6586538461538461 0.5276442307692307 0.078125 0.13822115384615385