1 0.10216346153846154 0.5240384615384616 0.07211538461538461 0.055288461538461536
1 0.12740384615384615 0.5396634615384616 0.06009615384615385 0.05048076923076923
1 0.26802884615384615 0.5240384615384616 0.06490384615384616 0.06610576923076923
1 0.3112980769230769 0.5180288461538461 0.037259615384615384 0.04447115384615385
1 0.43149038461538464 0.5456730769230769 0.12259615384615384 0.171875
1 0.6550480769230769 0.5108173076923077 0.08774038461538461 0.08173076923076923
2 0.6802884615384616 0.5192307692307693 0.02403846153846154 0.09014423076923077
1 0.7704326923076923 0.5144230769230769 0.09975961538461539 0.09975961538461539
1 0.7728365384615384 0.5240384615384616 0.07211538461538461 0.08774038461538461
1 0.8100961538461539 0.5084134615384616 0.14302884615384615 0.11778846153846154
1 0.8425480769230769 0.5120192307692307 0.12740384615384615 0.11298076923076923
1 0.8858173076923077 0.5084134615384616 0.12740384615384615 0.13701923076923078