4 0.7223557692307693 0.0733173076923077 0.0625 0.14423076923076922
2 0.6923076923076923 0.5276442307692307 0.025240384615384616 0.11177884615384616
1 0.06490384615384616 0.5961538461538461 0.12860576923076922 0.171875
1 0.18870192307692307 0.5673076923076923 0.10336538461538461 0.10096153846153846
1 0.24879807692307693 0.5432692307692307 0.037259615384615384 0.08653846153846154
1 0.28846153846153844 0.5408653846153846 0.040865384615384616 0.08173076923076923
1 0.39903846153846156 0.5600961538461539 0.078125 0.10096153846153846
1 0.6105769230769231 0.5564903846153846 0.109375 0.15985576923076922
2 0.7632211538461539 0.4831730769230769 0.018028846153846152 0.08413461538461539
2 0.7800480769230769 0.49759615384615385 0.02403846153846154 0.078125
2 0.8413461538461539 0.49399038461538464 0.02403846153846154 0.09615384615384616