2 0.8966346153846154 0.6009615384615384 0.09134615384615384 0.5721153846153846
2 0.8930288461538461 0.6586538461538461 0.21153846153846154 0.6213942307692307
1 0.10096153846153846 0.5961538461538461 0.20072115384615385 0.25240384615384615
1 0.2668269230769231 0.5552884615384616 0.11778846153846154 0.13701923076923078
1 0.35096153846153844 0.5408653846153846 0.078125 0.0625
1 0.3473557692307692 0.5372596153846154 0.06610576923076923 0.078125
10 0.4206730769230769 0.5024038461538461 0.03365384615384615 0.038461538461538464
1 0.44591346153846156 0.5180288461538461 0.03125 0.05048076923076923
1 0.49278846153846156 0.5252403846153846 0.05048076923076923 0.09014423076923077
10 0.49158653846153844 0.5180288461538461 0.046875 0.06971153846153846
1 0.5444711538461539 0.5240384615384616 0.037259615384615384 0.05048076923076923
1 0.6225961538461539 0.5492788461538461 0.08413461538461539 0.09735576923076923