1 0.7632211538461539 0.5072115384615384 0.4723557692307692 0.33774038461538464
1 0.06009615384615385 0.4699519230769231 0.05048076923076923 0.06009615384615385
1 0.1201923076923077 0.47475961538461536 0.03485576923076923 0.05048076923076923
1 0.14302884615384615 0.47596153846153844 0.03365384615384615 0.037259615384615384
1 0.14783653846153846 0.48197115384615385 0.03125 0.040865384615384616
1 0.22956730769230768 0.4855769230769231 0.05048076923076923 0.05048076923076923
1 0.23197115384615385 0.4855769230769231 0.04326923076923077 0.05048076923076923
4 0.23076923076923078 0.13221153846153846 0.028846153846153848 0.09615384615384616
1 0.28846153846153844 0.4879807692307692 0.052884615384615384 0.056490384615384616
1 0.28846153846153844 0.4855769230769231 0.04447115384615385 0.040865384615384616
4 0.4567307692307692 0.3125 0.025240384615384616 0.08774038461538461