1 0.019230769230769232 0.5600961538461539 0.038461538461538464 0.11057692307692307
1 0.8774038461538461 0.5685096153846154 0.24278846153846154 0.34375
1 0.07091346153846154 0.5408653846153846 0.08052884615384616 0.09134615384615384
1 0.22355769230769232 0.5240384615384616 0.06009615384615385 0.06850961538461539
1 0.3485576923076923 0.5336538461538461 0.109375 0.14903846153846154
1 0.41346153846153844 0.5120192307692307 0.046875 0.10697115384615384
1 0.47115384615384615 0.5240384615384616 0.09975961538461539 0.09615384615384616
1 0.5697115384615384 0.5288461538461539 0.08653846153846154 0.13822115384615385
1 0.6225961538461539 0.5600961538461539 0.06850961538461539 0.14903846153846154
1 0.6225961538461539 0.5564903846153846 0.056490384615384616 0.1502403846153846
1 0.7043269230769231 0.5456730769230769 0.12740384615384615 0.24759615384615385