1 0.3858173076923077 0.5144230769230769 0.013221153846153846 0.018028846153846152
10 0.06850961538461539 0.5228365384615384 0.12139423076923077 0.08173076923076923
1 0.18990384615384615 0.5649038461538461 0.12740384615384615 0.12259615384615384
6 0.3605769230769231 0.19591346153846154 0.03485576923076923 0.08653846153846154
1 0.44471153846153844 0.5204326923076923 0.06490384615384616 0.06610576923076923
6 0.6009615384615384 0.3545673076923077 0.028846153846153848 0.08774038461538461
2 0.7379807692307693 0.53125 0.056490384615384616 0.16826923076923078
2 0.7920673076923077 0.5216346153846154 0.018028846153846152 0.13701923076923078
2 0.8149038461538461 0.5420673076923077 0.046875 0.17427884615384615
2 0.8713942307692307 0.53125 0.046875 0.17548076923076922
3 0.9675480769230769 0.07572115384615384 0.0625 0.14903846153846154