1 0.05048076923076923 0.6189903846153846 0.10096153846153846 0.25721153846153844
1 0.15985576923076922 0.5745192307692307 0.14903846153846154 0.20552884615384615
1 0.23557692307692307 0.5288461538461539 0.04447115384615385 0.1658653846153846
1 0.2692307692307692 0.5384615384615384 0.056490384615384616 0.109375
1 0.31009615384615385 0.5288461538461539 0.027644230769230768 0.09014423076923077
1 0.33052884615384615 0.5264423076923077 0.028846153846153848 0.056490384615384616
1 0.3870192307692308 0.5216346153846154 0.10336538461538461 0.16346153846153846
1 0.4579326923076923 0.5204326923076923 0.038461538461538464 0.06850961538461539
1 0.5060096153846154 0.5300480769230769 0.06610576923076923 0.10336538461538461
1 0.5492788461538461 0.5432692307692307 0.055288461538461536 0.18509615384615385
1 0.6430288461538461 0.5769230769230769 0.13822115384615385 0.24759615384615385
1 0.8485576923076923 0.6358173076923077 0.29927884615384615 0.6430288461538461