10 0.15504807692307693 0.3004807692307692 0.31009615384615385 0.5973557692307693
10 0.14302884615384615 0.5012019230769231 0.2848557692307692 0.24278846153846154
2 0.17908653846153846 0.5168269230769231 0.04326923076923077 0.18389423076923078
2 0.18269230769230768 0.5096153846153846 0.038461538461538464 0.1466346153846154
1 0.390625 0.5024038461538461 0.08173076923076923 0.10096153846153846
1 0.5132211538461539 0.49759615384615385 0.10336538461538461 0.12740384615384615
3 0.4831730769230769 0.41225961538461536 0.019230769230769232 0.046875
1 0.6165865384615384 0.5168269230769231 0.06610576923076923 0.08653846153846154
1 0.6081730769230769 0.5144230769230769 0.037259615384615384 0.09615384615384616
1 0.6790865384615384 0.5192307692307693 0.11538461538461539 0.10697115384615384
1 0.6850961538461539 0.5300480769230769 0.11298076923076923 0.12259615384615384