1 0.04927884615384615 0.5432692307692307 0.046875 0.09375
1 0.11899038461538461 0.5685096153846154 0.15985576923076922 0.21153846153846154
4 0.25600961538461536 0.38221153846153844 0.019230769230769232 0.055288461538461536
1 0.2668269230769231 0.5240384615384616 0.03365384615384615 0.046875
1 0.3389423076923077 0.5588942307692307 0.14302884615384615 0.16346153846153846
1 0.34375 0.5576923076923077 0.1346153846153846 0.15264423076923078
10 0.36538461538461536 0.4699519230769231 0.12860576923076922 0.11899038461538461
1 0.49759615384615385 0.5036057692307693 0.052884615384615384 0.055288461538461536
4 0.5204326923076923 0.35096153846153844 0.027644230769230768 0.056490384615384616
1 0.5600961538461539 0.5180288461538461 0.04927884615384615 0.0625
1 0.6742788461538461 0.49399038461538464 0.09014423076923077 0.07211538461538461
1 0.8521634615384616 0.4807692307692308 0.07572115384615384 0.08052884615384616