1 0.24158653846153846 0.5925480769230769 0.3088942307692308 0.38822115384615385
7 0.34975961538461536 0.40865384615384615 0.021634615384615384 0.040865384615384616
7 0.35096153846153844 0.41225961538461536 0.015625 0.040865384615384616
1 0.42788461538461536 0.5649038461538461 0.08173076923076923 0.18990384615384615
6 0.46875 0.3545673076923077 0.025240384615384616 0.0625
6 0.4675480769230769 0.35336538461538464 0.013221153846153846 0.046875
1 0.5012019230769231 0.5240384615384616 0.03125 0.04326923076923077
6 0.5168269230769231 0.4326923076923077 0.019230769230769232 0.0625
6 0.6634615384615384 0.32572115384615385 0.03365384615384615 0.09735576923076923
1 0.8978365384615384 0.5096153846153846 0.08173076923076923 0.12139423076923077
1 0.9338942307692307 0.5240384615384616 0.04447115384615385 0.11177884615384616