0 0.05048076923076923 0.5384615384615384 0.04927884615384615 0.08052884615384616
7 0.054086538461538464 0.4375 0.019230769230769232 0.052884615384615384
2 0.06009615384615385 0.5420673076923077 0.018028846153846152 0.08052884615384616
0 0.07091346153846154 0.5408653846153846 0.03125 0.07211538461538461
2 0.0673076923076923 0.5396634615384616 0.015625 0.078125
2 0.08052884615384616 0.5384615384615384 0.025240384615384616 0.08052884615384616
0 0.08173076923076923 0.5372596153846154 0.01201923076923077 0.06850961538461539
0 0.09975961538461539 0.5432692307692307 0.021634615384615384 0.06850961538461539
0 0.0985576923076923 0.5384615384615384 0.018028846153846152 0.06610576923076923
1 0.171875 0.5252403846153846 0.08774038461538461 0.07451923076923077
10 0.17427884615384615 0.5216346153846154 0.08173076923076923 0.08413461538461539
10 0.23918269230769232 0.5120192307692307 0.056490384615384616 0.056490384615384616
1 0.24519230769230768 0.515625 0.0625 0.05889423076923077
1 0.24759615384615385 0.5324519230769231 0.05889423076923077 0.04927884615384615
2 0.2848557692307692 0.5132211538461539 0.025240384615384616 0.07451923076923077
10 0.328125 0.48197115384615385 0.09975961538461539 0.1466346153846154
1 0.4206730769230769 0.5192307692307693 0.025240384615384616 0.03365384615384615
7 0.4483173076923077 0.32091346153846156 0.019230769230769232 0.055288461538461536
1 0.4651442307692308 0.5132211538461539 0.028846153846153848 0.040865384615384616
6 0.5192307692307693 0.3245192307692308 0.021634615384615384 0.06850961538461539
1 0.5877403846153846 0.5120192307692307 0.10576923076923077 0.09375
6 0.65625 0.40865384615384615 0.021634615384615384 0.06490384615384616
2 0.8725961538461539 0.6021634615384616 0.1346153846153846 0.44471153846153844