2 0.9783653846153846 0.4831730769230769 0.038461538461538464 0.15865384615384615
2 0.06129807692307692 0.5192307692307693 0.018028846153846152 0.06610576923076923
2 0.06490384615384616 0.5252403846153846 0.018028846153846152 0.07451923076923077
2 0.07211538461538461 0.5360576923076923 0.01201923076923077 0.05889423076923077
2 0.07451923076923077 0.5264423076923077 0.009615384615384616 0.04326923076923077
2 0.08413461538461539 0.5252403846153846 0.013221153846153846 0.05048076923076923
2 0.10096153846153846 0.5192307692307693 0.015625 0.037259615384615384
2 0.2536057692307692 0.5132211538461539 0.01201923076923077 0.04326923076923077
10 0.2920673076923077 0.5024038461538461 0.038461538461538464 0.04326923076923077
2 0.29086538461538464 0.5192307692307693 0.009615384615384616 0.037259615384615384
1 0.39302884615384615 0.5252403846153846 0.05048076923076923 0.04326923076923077