2 0.9795673076923077 0.53125 0.037259615384615384 0.34375
6 0.06610576923076923 0.3641826923076923 0.027644230769230768 0.08173076923076923
2 0.16947115384615385 0.5709134615384616 0.03365384615384615 0.37259615384615385
2 0.22115384615384615 0.5865384615384616 0.05048076923076923 0.37740384615384615
2 0.32091346153846156 0.5661057692307693 0.09975961538461539 0.36778846153846156
2 0.31971153846153844 0.5649038461538461 0.046875 0.36538461538461536
1 0.3449519230769231 0.5 0.009615384615384616 0.055288461538461536
2 0.37740384615384615 0.5600961538461539 0.06009615384615385 0.31850961538461536
2 0.3713942307692308 0.5492788461538461 0.046875 0.28725961538461536
2 0.46634615384615385 0.5757211538461539 0.0625 0.37259615384615385
1 0.5024038461538461 0.5132211538461539 0.019230769230769232 0.06490384615384616
2 0.5649038461538461 0.5552884615384616 0.052884615384615384 0.39903846153846156
6 0.5637019230769231 0.3329326923076923 0.021634615384615384 0.055288461538461536
1 0.703125 0.5024038461538461 0.23798076923076922 0.140625
2 0.9278846153846154 0.5372596153846154 0.09014423076923077 0.31850961538461536