1 0.1201923076923077 0.5408653846153846 0.078125 0.08173076923076923
1 0.17908653846153846 0.5384615384615384 0.046875 0.06610576923076923
1 0.18028846153846154 0.5420673076923077 0.04326923076923077 0.055288461538461536
1 0.33052884615384615 0.6538461538461539 0.328125 0.42788461538461536
7 0.2800480769230769 0.27884615384615385 0.02403846153846154 0.06610576923076923
6 0.390625 0.28725961538461536 0.02403846153846154 0.07572115384615384
0 0.5024038461538461 0.5264423076923077 0.027644230769230768 0.08413461538461539
0 0.5096153846153846 0.5300480769230769 0.03365384615384615 0.07451923076923077
2 0.5216346153846154 0.5180288461538461 0.013221153846153846 0.06009615384615385
2 0.5228365384615384 0.5132211538461539 0.013221153846153846 0.06490384615384616
2 0.5288461538461539 0.5180288461538461 0.015625 0.0625
2 0.53125 0.5180288461538461 0.015625 0.07572115384615384
2 0.5444711538461539 0.5180288461538461 0.018028846153846152 0.06009615384615385
2 0.5444711538461539 0.5180288461538461 0.018028846153846152 0.078125
6 0.5637019230769231 0.41225961538461536 0.025240384615384616 0.06850961538461539
2 0.6225961538461539 0.5324519230769231 0.056490384615384616 0.08653846153846154
2 0.6262019230769231 0.5252403846153846 0.02403846153846154 0.07211538461538461
0 0.6586538461538461 0.5240384615384616 0.03365384615384615 0.08774038461538461
0 0.6622596153846154 0.5276442307692307 0.025240384615384616 0.08774038461538461
2 0.6887019230769231 0.5300480769230769 0.021634615384615384 0.078125
1 0.7740384615384616 0.5384615384615384 0.17427884615384615 0.08774038461538461
2 0.7079326923076923 0.5060096153846154 0.019230769230769232 0.052884615384615384
2 0.7247596153846154 0.5072115384615384 0.021634615384615384 0.052884615384615384
2 0.7259615384615384 0.5024038461538461 0.021634615384615384 0.04927884615384615