1 0.5204326923076923 0.5372596153846154 0.1310096153846154 0.07211538461538461
1 0.04447115384615385 0.5288461538461539 0.08774038461538461 0.15264423076923078
1 0.057692307692307696 0.5480769230769231 0.08413461538461539 0.22235576923076922
1 0.09495192307692307 0.5805288461538461 0.12740384615384615 0.17427884615384615
1 0.2848557692307692 0.5889423076923077 0.3245192307692308 0.41586538461538464
3 0.3161057692307692 0.3269230769230769 0.019230769230769232 0.05889423076923077
6 0.41346153846153844 0.3269230769230769 0.021634615384615384 0.05048076923076923
6 0.49158653846153844 0.3269230769230769 0.021634615384615384 0.05889423076923077
10 0.6346153846153846 0.48677884615384615 0.1346153846153846 0.11899038461538461
1 0.6850961538461539 0.4855769230769231 0.23197115384615385 0.10336538461538461
1 0.7992788461538461 0.6334134615384616 0.37740384615384615 0.36778846153846156
1 0.6370192307692307 0.5432692307692307 0.046875 0.11778846153846154
6 0.6790865384615384 0.4182692307692308 0.018028846153846152 0.05048076923076923
6 0.9302884615384616 0.25721153846153844 0.056490384615384616 0.15985576923076922
1 0.9591346153846154 0.5120192307692307 0.08052884615384616 0.06009615384615385
2 0.9495192307692307 0.5132211538461539 0.028846153846153848 0.056490384615384616