2 0.055288461538461536 0.5348557692307693 0.04447115384615385 0.1502403846153846
1 0.04807692307692308 0.5432692307692307 0.09615384615384616 0.08774038461538461
1 0.04807692307692308 0.546875 0.09375 0.09375
1 0.10697115384615384 0.5456730769230769 0.052884615384615384 0.08173076923076923
2 0.18389423076923078 0.5288461538461539 0.08173076923076923 0.2692307692307692
1 0.18509615384615385 0.5216346153846154 0.05889423076923077 0.25
1 0.31850961538461536 0.5384615384615384 0.22596153846153846 0.1346153846153846
1 0.49399038461538464 0.5408653846153846 0.02403846153846154 0.04447115384615385
1 0.5228365384615384 0.5432692307692307 0.037259615384615384 0.06610576923076923
1 0.5324519230769231 0.5432692307692307 0.046875 0.06610576923076923
1 0.5757211538461539 0.5480769230769231 0.06850961538461539 0.06971153846153846
1 0.6538461538461539 0.5576923076923077 0.056490384615384616 0.078125
1 0.7439903846153846 0.5709134615384616 0.09375 0.19951923076923078
1 0.8786057692307693 0.6057692307692307 0.23798076923076922 0.31971153846153844