1 0.9555288461538461 0.5192307692307693 0.08774038461538461 0.08413461538461539
10 0.04567307692307692 0.5372596153846154 0.09134615384615384 0.078125
1 0.1658653846153846 0.5480769230769231 0.037259615384615384 0.04326923076923077
1 0.23197115384615385 0.5360576923076923 0.025240384615384616 0.04326923076923077
6 0.28725961538461536 0.4266826923076923 0.015625 0.04326923076923077
1 0.34975961538461536 0.5408653846153846 0.03485576923076923 0.04447115384615385
4 0.34134615384615385 0.43028846153846156 0.015625 0.037259615384615384
4 0.3858173076923077 0.43509615384615385 0.019230769230769232 0.040865384615384616
1 0.3942307692307692 0.5288461538461539 0.037259615384615384 0.04326923076923077
1 0.47716346153846156 0.53125 0.03485576923076923 0.06850961538461539
4 0.4735576923076923 0.4855769230769231 0.015625 0.037259615384615384
1 0.5240384615384616 0.5564903846153846 0.10096153846153846 0.12259615384615384
4 0.5552884615384616 0.45552884615384615 0.018028846153846152 0.046875
1 0.625 0.5384615384615384 0.078125 0.078125
1 0.7800480769230769 0.5637019230769231 0.1502403846153846 0.12139423076923077