1 0.921875 0.6274038461538461 0.15264423076923078 0.3557692307692308
1 0.057692307692307696 0.5540865384615384 0.10096153846153846 0.07451923076923077
1 0.13581730769230768 0.5444711538461539 0.08774038461538461 0.09615384615384616
1 0.140625 0.5372596153846154 0.0625 0.08052884615384616
2 0.15264423076923078 0.5360576923076923 0.025240384615384616 0.08653846153846154
1 0.203125 0.5396634615384616 0.06009615384615385 0.06490384615384616
1 0.20432692307692307 0.5384615384615384 0.052884615384615384 0.05048076923076923
1 0.24158653846153846 0.53125 0.03125 0.04326923076923077
1 0.35697115384615385 0.5913461538461539 0.16826923076923078 0.23197115384615385
1 0.5649038461538461 0.5384615384615384 0.037259615384615384 0.06850961538461539
1 0.6298076923076923 0.5480769230769231 0.10697115384615384 0.23197115384615385
1 0.6322115384615384 0.5384615384615384 0.10336538461538461 0.19110576923076922
1 0.7608173076923077 0.5985576923076923 0.18509615384615385 0.25961538461538464
1 0.7632211538461539 0.5769230769230769 0.1658653846153846 0.21153846153846154