2 0.9651442307692307 0.6598557692307693 0.06610576923076923 0.6009615384615384
1 0.06490384615384616 0.5612980769230769 0.12860576923076922 0.1875
1 0.07451923076923077 0.5600961538461539 0.09975961538461539 0.1814903846153846
1 0.12740384615384615 0.5516826923076923 0.08173076923076923 0.16947115384615385
1 0.13822115384615385 0.5276442307692307 0.09375 0.13822115384615385
1 0.16947115384615385 0.5348557692307693 0.04326923076923077 0.1346153846153846
1 0.20072115384615385 0.5252403846153846 0.07451923076923077 0.11177884615384616
1 0.20072115384615385 0.5288461538461539 0.06610576923076923 0.11538461538461539
1 0.2956730769230769 0.5072115384615384 0.09375 0.078125
2 0.31971153846153844 0.5024038461538461 0.021634615384615384 0.12139423076923077
2 0.32211538461538464 0.5024038461538461 0.018028846153846152 0.10697115384615384
2 0.35096153846153844 0.5072115384615384 0.019230769230769232 0.12139423076923077
2 0.3485576923076923 0.5012019230769231 0.015625 0.09975961538461539
2 0.3701923076923077 0.5504807692307693 0.04326923076923077 0.3088942307692308
2 0.4050480769230769 0.5480769230769231 0.052884615384615384 0.2932692307692308
10 0.44591346153846156 0.47836538461538464 0.04927884615384615 0.11177884615384616
1 0.5012019230769231 0.5120192307692307 0.046875 0.06009615384615385
1 0.5 0.5120192307692307 0.04326923076923077 0.056490384615384616
10 0.5072115384615384 0.47475961538461536 0.052884615384615384 0.12259615384615384
10 0.5096153846153846 0.45072115384615385 0.052884615384615384 0.09014423076923077
2 0.7295673076923077 0.49759615384615385 0.028846153846153848 0.1346153846153846
2 0.7283653846153846 0.5024038461538461 0.021634615384615384 0.125
2 0.7379807692307693 0.5048076923076923 0.015625 0.12740384615384615
1 0.9278846153846154 0.5600961538461539 0.14302884615384615 0.22596153846153846