1 0.030048076923076924 0.5084134615384616 0.06009615384615385 0.10697115384615384
2 0.16105769230769232 0.49158653846153844 0.028846153846153848 0.078125
2 0.17067307692307693 0.48677884615384615 0.021634615384615384 0.078125
2 0.17427884615384615 0.47475961538461536 0.019230769230769232 0.05889423076923077
6 0.26802884615384615 0.3737980769230769 0.021634615384615384 0.052884615384615384
6 0.27524038461538464 0.37740384615384615 0.025240384615384616 0.07572115384615384
2 0.42427884615384615 0.4891826923076923 0.03485576923076923 0.08653846153846154
2 0.5216346153846154 0.48197115384615385 0.018028846153846152 0.055288461538461536
2 0.5240384615384616 0.48197115384615385 0.021634615384615384 0.05889423076923077
1 0.5396634615384616 0.4855769230769231 0.018028846153846152 0.056490384615384616
1 0.5600961538461539 0.48677884615384615 0.03125 0.05889423076923077
1 0.5612980769230769 0.4891826923076923 0.03125 0.04927884615384615
6 0.5793269230769231 0.359375 0.018028846153846152 0.06850961538461539
2 0.6742788461538461 0.46875 0.02403846153846154 0.07451923076923077