1 0.09495192307692307 0.5516826923076923 0.06009615384615385 0.06610576923076923
1 0.13822115384615385 0.5480769230769231 0.056490384615384616 0.06009615384615385
1 0.14302884615384615 0.546875 0.04326923076923077 0.06009615384615385
1 0.171875 0.5492788461538461 0.037259615384615384 0.055288461538461536
1 0.19951923076923078 0.5420673076923077 0.03485576923076923 0.04326923076923077
1 0.24639423076923078 0.5384615384615384 0.037259615384615384 0.03485576923076923
1 0.24879807692307693 0.5372596153846154 0.040865384615384616 0.04326923076923077
1 0.39903846153846156 0.5552884615384616 0.12740384615384615 0.17548076923076922
1 0.46153846153846156 0.5348557692307693 0.040865384615384616 0.08413461538461539
1 0.5264423076923077 0.5324519230769231 0.04927884615384615 0.05889423076923077
1 0.5264423076923077 0.53125 0.04326923076923077 0.055288461538461536
2 0.6225961538461539 0.5276442307692307 0.025240384615384616 0.078125
2 0.6201923076923077 0.5240384615384616 0.018028846153846152 0.078125
1 0.640625 0.5132211538461539 0.056490384615384616 0.056490384615384616
1 0.9338942307692307 0.5108173076923077 0.12259615384615384 0.11177884615384616
1 0.9338942307692307 0.5072115384615384 0.11298076923076923 0.09975961538461539