4 0.27403846153846156 0.34375 0.027644230769230768 0.08173076923076923
4 0.27403846153846156 0.34615384615384615 0.02403846153846154 0.08774038461538461
1 0.41225961538461536 0.5204326923076923 0.05048076923076923 0.06850961538461539
1 0.46033653846153844 0.5132211538461539 0.015625 0.025240384615384616
1 0.47716346153846156 0.515625 0.03365384615384615 0.038461538461538464
1 0.5120192307692307 0.5144230769230769 0.0625 0.08413461538461539
3 0.5288461538461539 0.15985576923076922 0.027644230769230768 0.09375
4 0.5288461538461539 0.15865384615384615 0.021634615384615384 0.08413461538461539
1 0.8257211538461539 0.6814903846153846 0.33653846153846156 0.6129807692307693
3 0.6911057692307693 0.13341346153846154 0.021634615384615384 0.07572115384615384
4 0.6911057692307693 0.13822115384615385 0.021634615384615384 0.08774038461538461