3 0.06370192307692307 0.06850961538461539 0.08653846153846154 0.13221153846153846
1 0.23557692307692307 0.5168269230769231 0.125 0.11298076923076923
1 0.3088942307692308 0.5036057692307693 0.07451923076923077 0.0625
1 0.31490384615384615 0.5024038461538461 0.055288461538461536 0.055288461538461536
1 0.4735576923076923 0.49399038461538464 0.040865384615384616 0.05048076923076923
1 0.47475961538461536 0.4951923076923077 0.027644230769230768 0.037259615384615384
1 0.6057692307692307 0.5 0.12259615384615384 0.07451923076923077
3 0.5721153846153846 0.027644230769230768 0.028846153846153848 0.05048076923076923
6 0.5649038461538461 0.3629807692307692 0.013221153846153846 0.046875
1 0.6802884615384616 0.48677884615384615 0.08052884615384616 0.06971153846153846
6 0.6538461538461539 0.3581730769230769 0.018028846153846152 0.05048076923076923
6 0.6526442307692307 0.35697115384615385 0.009615384615384616 0.038461538461538464
6 0.7283653846153846 0.41947115384615385 0.013221153846153846 0.04927884615384615
6 0.8004807692307693 0.07572115384615384 0.028846153846153848 0.09375
1 0.8617788461538461 0.4891826923076923 0.07211538461538461 0.055288461538461536
1 0.9206730769230769 0.48677884615384615 0.10336538461538461 0.056490384615384616