1 0.09134615384615384 0.5408653846153846 0.05048076923076923 0.07211538461538461
1 0.09134615384615384 0.5396634615384616 0.04326923076923077 0.04326923076923077
1 0.27403846153846156 0.5240384615384616 0.03485576923076923 0.06610576923076923
1 0.35336538461538464 0.5793269230769231 0.1875 0.23197115384615385
1 0.34615384615384615 0.5877403846153846 0.17548076923076922 0.2439903846153846
7 0.35336538461538464 0.3137019230769231 0.019230769230769232 0.06009615384615385
7 0.3557692307692308 0.31490384615384615 0.021634615384615384 0.05889423076923077
1 0.4495192307692308 0.5252403846153846 0.08052884615384616 0.08653846153846154
6 0.45913461538461536 0.31490384615384615 0.019230769230769232 0.05889423076923077
6 0.46033653846153844 0.31971153846153844 0.021634615384615384 0.06490384615384616
6 0.5444711538461539 0.3473557692307692 0.018028846153846152 0.05889423076923077
6 0.5480769230769231 0.34134615384615385 0.021634615384615384 0.056490384615384616
1 0.625 0.5444711538461539 0.1502403846153846 0.2403846153846154
1 0.6237980769230769 0.5540865384615384 0.13701923076923078 0.2439903846153846
1 0.8149038461538461 0.6225961538461539 0.35697115384615385 0.3942307692307692
3 0.6538461538461539 0.41346153846153844 0.015625 0.04326923076923077
6 0.65625 0.4170673076923077 0.019230769230769232 0.040865384615384616
1 0.9278846153846154 0.39302884615384615 0.14302884615384615 0.1346153846153846