1 0.8221153846153846 0.5348557692307693 0.08413461538461539 0.046875
1 0.7487980769230769 0.53125 0.046875 0.05889423076923077
1 0.0829326923076923 0.5384615384615384 0.09134615384615384 0.07211538461538461
3 0.06009615384615385 0.25841346153846156 0.019230769230769232 0.06850961538461539
1 0.16826923076923078 0.5276442307692307 0.04447115384615385 0.03485576923076923
1 0.33052884615384615 0.6177884615384616 0.2536057692307692 0.2932692307692308
1 0.22235576923076922 0.5288461538461539 0.021634615384615384 0.037259615384615384
3 0.2536057692307692 0.35697115384615385 0.019230769230769232 0.055288461538461536
3 0.3245192307692308 0.29927884615384615 0.02403846153846154 0.06009615384615385
4 0.3786057692307692 0.41586538461538464 0.013221153846153846 0.03485576923076923
4 0.40865384615384615 0.44350961538461536 0.015625 0.03365384615384615
1 0.4423076923076923 0.5144230769230769 0.025240384615384616 0.04326923076923077
1 0.48197115384615385 0.5216346153846154 0.027644230769230768 0.037259615384615384
4 0.5024038461538461 0.4026442307692308 0.019230769230769232 0.04326923076923077
1 0.5925480769230769 0.5769230769230769 0.15384615384615385 0.1778846153846154
1 0.6730769230769231 0.5420673076923077 0.06490384615384616 0.07451923076923077
4 0.8052884615384616 0.40865384615384615 0.018028846153846152 0.055288461538461536
3 0.8305288461538461 0.35697115384615385 0.019230769230769232 0.04326923076923077
3 0.8725961538461539 0.3389423076923077 0.021634615384615384 0.0625