1 0.057692307692307696 0.578125 0.11298076923076923 0.18509615384615385
2 0.11899038461538461 0.5420673076923077 0.018028846153846152 0.078125
2 0.1346153846153846 0.5480769230769231 0.013221153846153846 0.06850961538461539
2 0.1466346153846154 0.5432692307692307 0.019230769230769232 0.06610576923076923
4 0.17548076923076922 0.4170673076923077 0.021634615384615384 0.06490384615384616
2 0.18028846153846154 0.5480769230769231 0.021634615384615384 0.078125
2 0.1814903846153846 0.5540865384615384 0.025240384615384616 0.078125
1 0.26802884615384615 0.5408653846153846 0.06490384615384616 0.06850961538461539
1 0.3269230769230769 0.5288461538461539 0.07211538461538461 0.09375
1 0.39302884615384615 0.6081730769230769 0.18990384615384615 0.2247596153846154
1 0.5456730769230769 0.5408653846153846 0.14903846153846154 0.15625
4 0.5096153846153846 0.39302884615384615 0.019230769230769232 0.06850961538461539
2 0.6117788461538461 0.5600961538461539 0.05048076923076923 0.19951923076923078
2 0.6334134615384616 0.5420673076923077 0.028846153846153848 0.20072115384615385
2 0.6826923076923077 0.5420673076923077 0.021634615384615384 0.15985576923076922
2 0.6983173076923077 0.5348557692307693 0.027644230769230768 0.16947115384615385
2 0.7175480769230769 0.5372596153846154 0.03125 0.15384615384615385
2 0.7235576923076923 0.5384615384615384 0.03365384615384615 0.17427884615384615
1 0.8257211538461539 0.5192307692307693 0.10576923076923077 0.10336538461538461
1 0.8353365384615384 0.515625 0.07572115384615384 0.078125