1 0.056490384615384616 0.6045673076923077 0.11298076923076923 0.15865384615384615
1 0.13341346153846154 0.5709134615384616 0.06850961538461539 0.11298076923076923
1 0.13221153846153846 0.5805288461538461 0.06610576923076923 0.12139423076923077
1 0.31850961538461536 0.609375 0.31490384615384615 0.39302884615384615
2 0.17668269230769232 0.53125 0.025240384615384616 0.06009615384615385
1 0.44471153846153844 0.5576923076923077 0.06971153846153846 0.18509615384615385
4 0.5264423076923077 0.45552884615384615 0.019230769230769232 0.04326923076923077
1 0.5396634615384616 0.5733173076923077 0.038461538461538464 0.11778846153846154
1 0.5853365384615384 0.5637019230769231 0.07451923076923077 0.18389423076923078
1 0.7091346153846154 0.5949519230769231 0.25961538461538464 0.30649038461538464
2 0.7475961538461539 0.4567307692307692 0.04326923076923077 0.0625
2 0.7475961538461539 0.4543269230769231 0.025240384615384616 0.04326923076923077