1 0.019230769230769232 0.5024038461538461 0.038461538461538464 0.20192307692307693
1 0.02283653846153846 0.5024038461538461 0.04447115384615385 0.13701923076923078
1 0.06370192307692307 0.49399038461538464 0.08413461538461539 0.09615384615384616
1 0.1502403846153846 0.5096153846153846 0.038461538461538464 0.05048076923076923
1 0.21033653846153846 0.5 0.13822115384615385 0.140625
7 0.24879807692307693 0.34615384615384615 0.02403846153846154 0.0625
3 0.2536057692307692 0.33533653846153844 0.019230769230769232 0.05048076923076923
1 0.4831730769230769 0.6478365384615384 0.43149038461538464 0.5024038461538461
3 0.30528846153846156 0.34975961538461536 0.019230769230769232 0.0625
4 0.38341346153846156 0.34975961538461536 0.019230769230769232 0.056490384615384616
3 0.3918269230769231 0.3329326923076923 0.018028846153846152 0.046875
4 0.44471153846153844 0.3545673076923077 0.03365384615384615 0.07451923076923077
6 0.44591346153846156 0.34134615384615385 0.018028846153846152 0.04927884615384615
4 0.5697115384615384 0.41466346153846156 0.018028846153846152 0.06009615384615385
1 0.8173076923076923 0.48677884615384615 0.09014423076923077 0.09615384615384616
1 0.9110576923076923 0.4699519230769231 0.03125 0.07451923076923077