1 0.055288461538461536 0.5084134615384616 0.06009615384615385 0.028846153846153848
1 0.1502403846153846 0.5132211538461539 0.06490384615384616 0.040865384615384616
1 0.15745192307692307 0.5132211538461539 0.06490384615384616 0.038461538461538464
1 0.24759615384615385 0.515625 0.04326923076923077 0.06490384615384616
10 0.28846153846153844 0.4795673076923077 0.07211538461538461 0.04927884615384615
1 0.28966346153846156 0.5144230769230769 0.040865384615384616 0.0625
1 0.33774038461538464 0.5108173076923077 0.08052884615384616 0.06850961538461539
4 0.39663461538461536 0.3269230769230769 0.013221153846153846 0.04927884615384615
4 0.5132211538461539 0.4230769230769231 0.013221153846153846 0.05048076923076923
1 0.6310096153846154 0.5012019230769231 0.15985576923076922 0.10576923076923077
1 0.8725961538461539 0.46634615384615385 0.125 0.07451923076923077