2 0.013221153846153846 0.5492788461538461 0.02403846153846154 0.10576923076923077
1 0.18990384615384615 0.5600961538461539 0.10096153846153846 0.10697115384615384
1 0.32091346153846156 0.6466346153846154 0.28846153846153844 0.33653846153846156
4 0.24759615384615385 0.42908653846153844 0.018028846153846152 0.05048076923076923
1 0.45552884615384615 0.5408653846153846 0.11177884615384616 0.1778846153846154
1 0.5276442307692307 0.5192307692307693 0.06490384615384616 0.08653846153846154
1 0.5288461538461539 0.5180288461538461 0.05889423076923077 0.06610576923076923
4 0.5168269230769231 0.4074519230769231 0.019230769230769232 0.05889423076923077
2 0.5649038461538461 0.5276442307692307 0.028846153846153848 0.125
2 0.5745192307692307 0.5324519230769231 0.015625 0.1310096153846154
2 0.5841346153846154 0.5072115384615384 0.021634615384615384 0.06971153846153846
2 0.5949519230769231 0.5192307692307693 0.028846153846153848 0.11298076923076923
2 0.6358173076923077 0.5192307692307693 0.025240384615384616 0.10697115384615384
2 0.7067307692307693 0.5072115384615384 0.013221153846153846 0.06971153846153846
2 0.7211538461538461 0.5024038461538461 0.013221153846153846 0.08653846153846154
2 0.7475961538461539 0.5024038461538461 0.04447115384615385 0.07451923076923077
1 0.8954326923076923 0.6021634615384616 0.20673076923076922 0.5252403846153846