1 0.021634615384615384 0.6009615384615384 0.04326923076923077 0.1814903846153846
1 0.8930288461538461 0.734375 0.2091346153846154 0.515625
1 0.16706730769230768 0.5793269230769231 0.10096153846153846 0.09975961538461539
1 0.24639423076923078 0.5600961538461539 0.06490384615384616 0.07572115384615384
1 0.29086538461538464 0.5456730769230769 0.04326923076923077 0.05889423076923077
1 0.31490384615384615 0.5396634615384616 0.027644230769230768 0.055288461538461536
1 0.31971153846153844 0.5420673076923077 0.025240384615384616 0.06009615384615385
1 0.33774038461538464 0.5348557692307693 0.03365384615384615 0.055288461538461536
1 0.3870192307692308 0.5372596153846154 0.040865384615384616 0.05048076923076923
1 0.5072115384615384 0.5336538461538461 0.021634615384615384 0.052884615384615384
1 0.5288461538461539 0.5480769230769231 0.05048076923076923 0.09134615384615384
1 0.5757211538461539 0.546875 0.06009615384615385 0.21153846153846154
1 0.7067307692307693 0.5865384615384616 0.265625 0.2932692307692308