10 0.039663461538461536 0.4879807692307692 0.07932692307692307 0.09615384615384616
1 0.09134615384615384 0.5024038461538461 0.06009615384615385 0.038461538461538464
1 0.1466346153846154 0.5072115384615384 0.07211538461538461 0.05889423076923077
1 0.23197115384615385 0.49759615384615385 0.052884615384615384 0.04927884615384615
1 0.22956730769230768 0.49399038461538464 0.03485576923076923 0.04447115384615385
1 0.33052884615384615 0.49399038461538464 0.03485576923076923 0.03485576923076923
1 0.33774038461538464 0.49038461538461536 0.037259615384615384 0.046875
1 0.40865384615384615 0.48677884615384615 0.038461538461538464 0.04927884615384615
4 0.47115384615384615 0.39783653846153844 0.01201923076923077 0.03485576923076923
1 0.5072115384615384 0.5084134615384616 0.07572115384615384 0.09975961538461539
4 0.5108173076923077 0.3942307692307692 0.015625 0.03365384615384615
4 0.5961538461538461 0.44350961538461536 0.015625 0.03125
4 0.6274038461538461 0.43509615384615385 0.013221153846153846 0.038461538461538464
1 0.6586538461538461 0.49038461538461536 0.07211538461538461 0.08413461538461539
1 0.6574519230769231 0.49278846153846156 0.0625 0.08413461538461539
10 0.7860576923076923 0.47475961538461536 0.1971153846153846 0.21875
1 0.8425480769230769 0.5012019230769231 0.30649038461538464 0.27163461538461536