1 0.14783653846153846 0.49158653846153844 0.03125 0.03125
1 0.16466346153846154 0.5084134615384616 0.06490384615384616 0.052884615384615384
10 0.234375 0.49158653846153844 0.09615384615384616 0.1814903846153846
7 0.28966346153846156 0.43149038461538464 0.013221153846153846 0.037259615384615384
1 0.31971153846153844 0.4807692307692308 0.019230769230769232 0.04927884615384615
1 0.34615384615384615 0.5096153846153846 0.04927884615384615 0.08774038461538461
1 0.36177884615384615 0.46634615384615385 0.027644230769230768 0.021634615384615384
1 0.359375 0.44591346153846156 0.019230769230769232 0.019230769230769232
1 0.40384615384615385 0.5240384615384616 0.09375 0.14302884615384615
1 0.41466346153846156 0.4411057692307692 0.02403846153846154 0.027644230769230768
4 0.43028846153846156 0.35336538461538464 0.015625 0.04326923076923077
4 0.43028846153846156 0.34975961538461536 0.013221153846153846 0.046875
1 0.48197115384615385 0.47716346153846156 0.03125 0.03485576923076923
4 0.5168269230769231 0.41466346153846156 0.015625 0.037259615384615384
1 0.6033653846153846 0.4831730769230769 0.08052884615384616 0.046875