1 0.18990384615384615 0.5192307692307693 0.13822115384615385 0.13221153846153846
1 0.18870192307692307 0.515625 0.12860576923076922 0.12860576923076922
1 0.2764423076923077 0.5192307692307693 0.056490384615384616 0.03485576923076923
1 0.2824519230769231 0.5144230769230769 0.06009615384615385 0.04927884615384615
1 0.3581730769230769 0.5144230769230769 0.04447115384615385 0.07572115384615384
1 0.36538461538461536 0.5180288461538461 0.056490384615384616 0.07572115384615384
6 0.40625 0.43028846153846156 0.027644230769230768 0.08413461538461539
6 0.40865384615384615 0.42908653846153844 0.021634615384615384 0.07451923076923077
1 0.48197115384615385 0.5096153846153846 0.06490384615384616 0.06009615384615385
1 0.5564903846153846 0.5072115384615384 0.025240384615384616 0.046875
1 0.59375 0.49759615384615385 0.03485576923076923 0.037259615384615384
1 0.5961538461538461 0.5024038461538461 0.03365384615384615 0.04326923076923077
7 0.609375 0.21033653846153846 0.013221153846153846 0.046875
7 0.6105769230769231 0.21634615384615385 0.018028846153846152 0.05048076923076923
6 0.6298076923076923 0.39663461538461536 0.015625 0.046875
6 0.6334134615384616 0.39783653846153844 0.015625 0.038461538461538464
1 0.6826923076923077 0.49158653846153844 0.037259615384615384 0.046875
1 0.7163461538461539 0.53125 0.08774038461538461 0.15384615384615385
1 0.7403846153846154 0.5396634615384616 0.1310096153846154 0.16346153846153846
6 0.6983173076923077 0.38461538461538464 0.013221153846153846 0.038461538461538464
6 0.7007211538461539 0.39302884615384615 0.015625 0.038461538461538464
6 0.7427884615384616 0.25 0.019230769230769232 0.056490384615384616
6 0.7439903846153846 0.24759615384615385 0.018028846153846152 0.040865384615384616
6 0.7560096153846154 0.4362980769230769 0.018028846153846152 0.038461538461538464
1 0.8725961538461539 0.578125 0.24639423076923078 0.40024038461538464
6 0.7572115384615384 0.42908653846153844 0.009615384615384616 0.028846153846153848
6 0.9050480769230769 0.36778846153846156 0.015625 0.040865384615384616
6 0.9074519230769231 0.3762019230769231 0.019230769230769232 0.05048076923076923
2 0.9927884615384616 0.5108173076923077 0.013221153846153846 0.078125