2 0.9555288461538461 0.5 0.027644230769230768 0.15985576923076922
2 0.9447115384615384 0.5024038461538461 0.04927884615384615 0.1622596153846154
2 0.9050480769230769 0.5084134615384616 0.040865384615384616 0.14903846153846154
1 0.06971153846153846 0.5552884615384616 0.11778846153846154 0.08653846153846154
1 0.16105769230769232 0.5492788461538461 0.09134615384615384 0.0625
1 0.16826923076923078 0.5456730769230769 0.08052884615384616 0.06490384615384616
1 0.21634615384615385 0.5372596153846154 0.06850961538461539 0.056490384615384616
1 0.22115384615384615 0.5444711538461539 0.06490384615384616 0.055288461538461536
1 0.32091346153846156 0.5336538461538461 0.04927884615384615 0.06610576923076923
4 0.31490384615384615 0.47115384615384615 0.01201923076923077 0.03125
1 0.4026442307692308 0.5528846153846154 0.09615384615384616 0.12860576923076922
4 0.4675480769230769 0.45913461538461536 0.009615384615384616 0.03125
1 0.5733173076923077 0.5144230769230769 0.11778846153846154 0.09375
1 0.5829326923076923 0.5288461538461539 0.11538461538461539 0.09615384615384616
1 0.6262019230769231 0.5432692307692307 0.1502403846153846 0.09375
2 0.8569711538461539 0.5084134615384616 0.04326923076923077 0.16947115384615385