2 0.06971153846153846 0.5420673076923077 0.025240384615384616 0.09975961538461539
3 0.016826923076923076 0.3581730769230769 0.03125 0.09975961538461539
1 0.22355769230769232 0.5336538461538461 0.33774038461538464 0.2091346153846154
2 0.44350961538461536 0.515625 0.01201923076923077 0.038461538461538464
1 0.5048076923076923 0.5252403846153846 0.056490384615384616 0.09375
3 0.5192307692307693 0.31850961538461536 0.03485576923076923 0.10336538461538461
2 0.5853365384615384 0.5084134615384616 0.03365384615384615 0.109375
2 0.5877403846153846 0.5084134615384616 0.028846153846153848 0.11899038461538461
2 0.6225961538461539 0.5180288461538461 0.052884615384615384 0.11538461538461539
2 0.6141826923076923 0.5180288461538461 0.025240384615384616 0.09615384615384616
2 0.6911057692307693 0.5024038461538461 0.08774038461538461 0.13701923076923078
2 0.6850961538461539 0.4987980769230769 0.03485576923076923 0.11538461538461539
2 0.8629807692307693 0.4807692307692308 0.040865384615384616 0.1466346153846154