1 0.9639423076923077 0.6610576923076923 0.06850961538461539 0.31490384615384615
1 0.04927884615384615 0.5168269230769231 0.08173076923076923 0.07572115384615384
1 0.8509615384615384 0.5949519230769231 0.22235576923076922 0.22596153846153846
1 0.11298076923076923 0.5132211538461539 0.06009615384615385 0.06610576923076923
1 0.15264423076923078 0.5072115384615384 0.037259615384615384 0.0625
1 0.1875 0.5084134615384616 0.055288461538461536 0.055288461538461536
1 0.3269230769230769 0.49759615384615385 0.046875 0.055288461538461536
1 0.38341346153846156 0.5132211538461539 0.09134615384615384 0.12259615384615384
1 0.4483173076923077 0.4879807692307692 0.027644230769230768 0.037259615384615384
1 0.47716346153846156 0.48677884615384615 0.03125 0.046875
1 0.6538461538461539 0.5240384615384616 0.08653846153846154 0.11177884615384616
1 0.7391826923076923 0.5552884615384616 0.13822115384615385 0.18028846153846154