1 0.025240384615384616 0.5564903846153846 0.05048076923076923 0.07572115384615384
1 0.06490384615384616 0.546875 0.055288461538461536 0.07451923076923077
1 0.11177884615384616 0.5504807692307693 0.046875 0.07451923076923077
1 0.23557692307692307 0.5444711538461539 0.12740384615384615 0.14302884615384615
4 0.2620192307692308 0.35697115384615385 0.03125 0.052884615384615384
1 0.3076923076923077 0.5204326923076923 0.027644230769230768 0.040865384615384616
1 0.3389423076923077 0.5180288461538461 0.03365384615384615 0.046875
10 0.3713942307692308 0.4831730769230769 0.08052884615384616 0.15625
4 0.46274038461538464 0.43028846153846156 0.03365384615384615 0.055288461538461536
4 0.45552884615384615 0.43028846153846156 0.013221153846153846 0.038461538461538464
1 0.5805288461538461 0.49759615384615385 0.06490384615384616 0.056490384615384616
1 0.6838942307692307 0.5432692307692307 0.20552884615384615 0.20072115384615385
1 0.6887019230769231 0.5348557692307693 0.20673076923076922 0.16346153846153846
1 0.8473557692307693 0.4795673076923077 0.13822115384615385 0.13822115384615385