1 0.12139423076923077 0.546875 0.06971153846153846 0.07451923076923077
1 0.1778846153846154 0.5384615384615384 0.05048076923076923 0.06009615384615385
1 0.328125 0.6538461538461539 0.32572115384615385 0.421875
7 0.27884615384615385 0.2800480769230769 0.025240384615384616 0.06610576923076923
6 0.3918269230769231 0.2860576923076923 0.025240384615384616 0.07572115384615384
2 0.4987980769230769 0.5288461538461539 0.025240384615384616 0.06971153846153846
2 0.5336538461538461 0.5180288461538461 0.027644230769230768 0.078125
2 0.5504807692307693 0.5168269230769231 0.019230769230769232 0.08052884615384616
6 0.5637019230769231 0.41225961538461536 0.027644230769230768 0.07211538461538461
2 0.5757211538461539 0.515625 0.03365384615384615 0.08653846153846154
0 0.6310096153846154 0.5252403846153846 0.03365384615384615 0.08774038461538461
0 0.6550480769230769 0.5252403846153846 0.03365384615384615 0.08774038461538461
2 0.6862980769230769 0.5288461538461539 0.021634615384615384 0.078125
2 0.703125 0.5240384615384616 0.021634615384615384 0.08774038461538461
2 0.7247596153846154 0.5216346153846154 0.019230769230769232 0.08774038461538461
2 0.8100961538461539 0.515625 0.028846153846153848 0.08774038461538461
2 0.8305288461538461 0.5144230769230769 0.018028846153846152 0.06971153846153846
2 0.8413461538461539 0.5228365384615384 0.03485576923076923 0.08653846153846154
2 0.8353365384615384 0.5192307692307693 0.018028846153846152 0.07572115384615384
2 0.84375 0.5240384615384616 0.027644230769230768 0.078125
2 0.9483173076923077 0.5264423076923077 0.038461538461538464 0.16947115384615385