10 0.08653846153846154 0.48677884615384615 0.055288461538461536 0.10336538461538461
10 0.11177884615384616 0.49158653846153844 0.08052884615384616 0.09615384615384616
1 0.12259615384615384 0.5144230769230769 0.028846153846153848 0.06610576923076923
1 0.15865384615384615 0.5108173076923077 0.0625 0.04326923076923077
1 0.23197115384615385 0.49759615384615385 0.06490384615384616 0.06490384615384616
1 0.23197115384615385 0.49759615384615385 0.052884615384615384 0.055288461538461536
1 0.29447115384615385 0.4963942307692308 0.04927884615384615 0.055288461538461536
1 0.3605769230769231 0.49158653846153844 0.037259615384615384 0.056490384615384616
6 0.41586538461538464 0.44591346153846156 0.015625 0.03125
4 0.46634615384615385 0.4014423076923077 0.015625 0.03365384615384615
1 0.5192307692307693 0.49759615384615385 0.03365384615384615 0.04326923076923077
1 0.5240384615384616 0.49399038461538464 0.028846153846153848 0.03485576923076923
4 0.546875 0.45072115384615385 0.01201923076923077 0.037259615384615384
4 0.5552884615384616 0.4495192307692308 0.01201923076923077 0.028846153846153848
1 0.5865384615384616 0.5096153846153846 0.052884615384615384 0.078125
10 0.6153846153846154 0.4519230769230769 0.056490384615384616 0.0625