1 0.9555288461538461 0.5336538461538461 0.08653846153846154 0.19471153846153846
1 0.078125 0.5649038461538461 0.15384615384615385 0.21634615384615385
1 0.35336538461538464 0.5024038461538461 0.07211538461538461 0.09975961538461539
1 0.3557692307692308 0.4963942307692308 0.07572115384615384 0.07451923076923077
6 0.44591346153846156 0.4411057692307692 0.02403846153846154 0.06971153846153846
6 0.4483173076923077 0.4254807692307692 0.018028846153846152 0.05048076923076923
1 0.47596153846153844 0.5012019230769231 0.055288461538461536 0.055288461538461536
1 0.47596153846153844 0.5108173076923077 0.046875 0.04927884615384615
1 0.5360576923076923 0.49038461538461536 0.05889423076923077 0.046875
1 0.5408653846153846 0.4855769230769231 0.052884615384615384 0.046875
1 0.6033653846153846 0.48677884615384615 0.06009615384615385 0.04447115384615385
6 0.6069711538461539 0.24879807692307693 0.015625 0.040865384615384616
7 0.6081730769230769 0.25 0.013221153846153846 0.04326923076923077
6 0.6358173076923077 0.3942307692307692 0.019230769230769232 0.05048076923076923
6 0.6358173076923077 0.39302884615384615 0.015625 0.038461538461538464
1 0.6394230769230769 0.5072115384615384 0.021634615384615384 0.09975961538461539
1 0.7163461538461539 0.5168269230769231 0.13221153846153846 0.16947115384615385
6 0.6947115384615384 0.37740384615384615 0.015625 0.038461538461538464
6 0.6971153846153846 0.38461538461538464 0.013221153846153846 0.038461538461538464
6 0.7199519230769231 0.28125 0.019230769230769232 0.04927884615384615
6 0.71875 0.27524038461538464 0.018028846153846152 0.040865384615384616
6 0.7512019230769231 0.4230769230769231 0.009615384615384616 0.028846153846153848
1 0.7980769230769231 0.49759615384615385 0.08413461538461539 0.10697115384615384
1 0.796875 0.49038461538461536 0.04447115384615385 0.109375
1 0.8725961538461539 0.5228365384615384 0.1346153846153846 0.1310096153846154
1 0.8653846153846154 0.5144230769230769 0.09735576923076923 0.15264423076923078
6 0.8533653846153846 0.38341346153846156 0.019230769230769232 0.05048076923076923
6 0.8521634615384616 0.3762019230769231 0.015625 0.040865384615384616
2 0.9927884615384616 0.5108173076923077 0.013221153846153846 0.078125