2 0.06370192307692307 0.49759615384615385 0.021634615384615384 0.07572115384615384
6 0.0889423076923077 0.31490384615384615 0.021634615384615384 0.08173076923076923
1 0.4807692307692308 0.49158653846153844 0.02403846153846154 0.037259615384615384
1 0.5444711538461539 0.49759615384615385 0.040865384615384616 0.08052884615384616
1 0.5384615384615384 0.4951923076923077 0.018028846153846152 0.056490384615384616
1 0.5745192307692307 0.5204326923076923 0.04447115384615385 0.078125
1 0.5709134615384616 0.5024038461538461 0.037259615384615384 0.046875
1 0.6117788461538461 0.5108173076923077 0.06610576923076923 0.07451923076923077
6 0.6165865384615384 0.27884615384615385 0.02403846153846154 0.08774038461538461
2 0.6225961538461539 0.5276442307692307 0.027644230769230768 0.10096153846153846
2 0.9170673076923077 0.48677884615384615 0.03485576923076923 0.15384615384615385
2 0.9326923076923077 0.5012019230769231 0.038461538461538464 0.15384615384615385