2 0.018028846153846152 0.5132211538461539 0.021634615384615384 0.06610576923076923
2 0.056490384615384616 0.5324519230769231 0.018028846153846152 0.08173076923076923
2 0.07451923076923077 0.5384615384615384 0.021634615384615384 0.08173076923076923
2 0.09134615384615384 0.53125 0.021634615384615384 0.07572115384615384
1 0.19110576923076922 0.53125 0.11177884615384616 0.07211538461538461
1 0.33774038461538464 0.6225961538461539 0.2403846153846154 0.30649038461538464
4 0.2620192307692308 0.4266826923076923 0.02403846153846154 0.056490384615384616
1 0.4579326923076923 0.53125 0.078125 0.15985576923076922
1 0.5024038461538461 0.5072115384615384 0.06009615384615385 0.0625
4 0.5072115384615384 0.40865384615384615 0.021634615384615384 0.0625
2 0.5348557692307693 0.5216346153846154 0.025240384615384616 0.10697115384615384
2 0.5480769230769231 0.5144230769230769 0.015625 0.10336538461538461
2 0.5721153846153846 0.5168269230769231 0.021634615384615384 0.09975961538461539
2 0.5757211538461539 0.49759615384615385 0.021634615384615384 0.06971153846153846
1 0.8269230769230769 0.5600961538461539 0.33774038461538464 0.32572115384615385