1 0.18389423076923078 0.5252403846153846 0.1346153846153846 0.1310096153846154
1 0.2848557692307692 0.5192307692307693 0.08653846153846154 0.11177884615384616
1 0.28365384615384615 0.5132211538461539 0.078125 0.10697115384615384
1 0.3233173076923077 0.49759615384615385 0.05889423076923077 0.10697115384615384
1 0.3389423076923077 0.5024038461538461 0.03485576923076923 0.09975961538461539
1 0.3641826923076923 0.49399038461538464 0.025240384615384616 0.10096153846153846
1 0.38822115384615385 0.4891826923076923 0.025240384615384616 0.07572115384615384
1 0.5841346153846154 0.4579326923076923 0.056490384615384616 0.12139423076923077
1 0.5913461538461539 0.48677884615384615 0.03485576923076923 0.0625
1 0.6334134615384616 0.48677884615384615 0.046875 0.06610576923076923
1 0.7223557692307693 0.4879807692307692 0.171875 0.1875