2 0.5240384615384616 0.5360576923076923 0.040865384615384616 0.15625
2 0.5444711538461539 0.5432692307692307 0.03365384615384615 0.15865384615384615
2 0.5492788461538461 0.5192307692307693 0.03485576923076923 0.15264423076923078
2 0.5444711538461539 0.5216346153846154 0.019230769230769232 0.15985576923076922
2 0.5841346153846154 0.5240384615384616 0.04326923076923077 0.17427884615384615
1 0.6622596153846154 0.5168269230769231 0.12740384615384615 0.12740384615384615
1 0.8100961538461539 0.4807692307692308 0.13221153846153846 0.06610576923076923
2 0.8161057692307693 0.5036057692307693 0.027644230769230768 0.11177884615384616
1 0.8689903846153846 0.4735576923076923 0.09735576923076923 0.06610576923076923
1 0.9134615384615384 0.47115384615384615 0.09615384615384616 0.06971153846153846
1 0.9242788461538461 0.47836538461538464 0.052884615384615384 0.078125