1 0.06009615384615385 0.6033653846153846 0.11899038461538461 0.32572115384615385
1 0.11899038461538461 0.5432692307692307 0.07451923076923077 0.078125
1 0.17548076923076922 0.5384615384615384 0.05048076923076923 0.055288461538461536
1 0.32572115384615385 0.6574519230769231 0.31971153846153844 0.41346153846153844
7 0.27884615384615385 0.2800480769230769 0.02403846153846154 0.06610576923076923
6 0.3894230769230769 0.2860576923076923 0.02403846153846154 0.07451923076923077
2 0.49158653846153844 0.5264423076923077 0.02403846153846154 0.06971153846153846
2 0.5432692307692307 0.5216346153846154 0.021634615384615384 0.07451923076923077
2 0.5420673076923077 0.5240384615384616 0.015625 0.07211538461538461
6 0.5637019230769231 0.41346153846153844 0.027644230769230768 0.07451923076923077
2 0.5600961538461539 0.5168269230769231 0.021634615384615384 0.08052884615384616
2 0.5757211538461539 0.5180288461538461 0.018028846153846152 0.078125
2 0.5913461538461539 0.5144230769230769 0.025240384615384616 0.08413461538461539
0 0.6274038461538461 0.5276442307692307 0.03365384615384615 0.09134615384615384
0 0.6550480769230769 0.5264423076923077 0.03365384615384615 0.09014423076923077
2 0.6862980769230769 0.5264423076923077 0.021634615384615384 0.08413461538461539
2 0.7019230769230769 0.5252403846153846 0.02403846153846154 0.08653846153846154
2 0.7247596153846154 0.5216346153846154 0.019230769230769232 0.08653846153846154
2 0.8317307692307693 0.5216346153846154 0.038461538461538464 0.13701923076923078
2 0.9002403846153846 0.5120192307692307 0.025240384615384616 0.08653846153846154
1 0.9483173076923077 0.5180288461538461 0.09735576923076923 0.08653846153846154
2 0.9242788461538461 0.49759615384615385 0.015625 0.055288461538461536