6 0.9146634615384616 0.2247596153846154 0.037259615384615384 0.125
1 0.9098557692307693 0.5685096153846154 0.17548076923076922 0.359375
1 0.11778846153846154 0.5300480769230769 0.234375 0.38221153846153844
1 0.11177884615384616 0.5444711538461539 0.22235576923076922 0.40384615384615385
1 0.2439903846153846 0.5120192307692307 0.13221153846153846 0.15625
1 0.25 0.5120192307692307 0.11538461538461539 0.19951923076923078
7 0.39663461538461536 0.31009615384615385 0.021634615384615384 0.038461538461538464
7 0.39903846153846156 0.31850961538461536 0.019230769230769232 0.05048076923076923
6 0.47596153846153844 0.3112980769230769 0.021634615384615384 0.028846153846153848
6 0.47596153846153844 0.3173076923076923 0.013221153846153846 0.038461538461538464
6 0.5985576923076923 0.38341346153846156 0.018028846153846152 0.03485576923076923
6 0.6021634615384616 0.39302884615384615 0.015625 0.04447115384615385