1 0.4326923076923077 0.515625 0.046875 0.05889423076923077
2 0.030048076923076924 0.5456730769230769 0.018028846153846152 0.10096153846153846
2 0.04567307692307692 0.5709134615384616 0.018028846153846152 0.055288461538461536
2 0.06129807692307692 0.5480769230769231 0.025240384615384616 0.12259615384615384
2 0.0673076923076923 0.546875 0.028846153846153848 0.11298076923076923
2 0.09254807692307693 0.5300480769230769 0.018028846153846152 0.06610576923076923
1 0.12740384615384615 0.5552884615384616 0.078125 0.08173076923076923
1 0.22716346153846154 0.5444711538461539 0.08413461538461539 0.09375
1 0.2824519230769231 0.5288461538461539 0.03125 0.06610576923076923
1 0.31009615384615385 0.5192307692307693 0.03125 0.06610576923076923
1 0.5 0.5300480769230769 0.1935096153846154 0.1346153846153846
3 0.5817307692307693 0.3137019230769231 0.027644230769230768 0.09735576923076923
2 0.8822115384615384 0.47475961538461536 0.021634615384615384 0.12259615384615384
2 0.8930288461538461 0.47716346153846156 0.018028846153846152 0.13221153846153846
2 0.9098557692307693 0.4795673076923077 0.019230769230769232 0.12259615384615384
2 0.9855769230769231 0.4807692307692308 0.025240384615384616 0.15985576923076922