4 0.9134615384615384 0.3173076923076923 0.028846153846153848 0.08774038461538461
1 0.11899038461538461 0.5721153846153846 0.23798076923076922 0.30288461538461536
3 0.11538461538461539 0.10697115384615384 0.040865384615384616 0.11899038461538461
1 0.26322115384615385 0.5384615384615384 0.0625 0.08052884615384616
3 0.33052884615384615 0.10697115384615384 0.037259615384615384 0.11899038461538461
1 0.40865384615384615 0.5324519230769231 0.027644230769230768 0.06850961538461539
1 0.43990384615384615 0.5372596153846154 0.08173076923076923 0.10576923076923077
1 0.5024038461538461 0.5192307692307693 0.04447115384615385 0.07572115384615384
1 0.5012019230769231 0.5144230769230769 0.037259615384615384 0.055288461538461536
3 0.5036057692307693 0.11057692307692307 0.037259615384615384 0.11899038461538461
1 0.6213942307692307 0.5540865384615384 0.08774038461538461 0.10336538461538461
1 0.7644230769230769 0.6069711538461539 0.28846153846153844 0.27884615384615385