1 0.2776442307692308 0.49759615384615385 0.03365384615384615 0.037259615384615384
1 0.32091346153846156 0.5024038461538461 0.09134615384615384 0.09375
1 0.32091346153846156 0.5036057692307693 0.08653846153846154 0.09735576923076923
1 0.38822115384615385 0.5012019230769231 0.056490384615384616 0.05048076923076923
1 0.3858173076923077 0.49759615384615385 0.038461538461538464 0.038461538461538464
1 0.4519230769230769 0.5024038461538461 0.046875 0.04927884615384615
6 0.43990384615384615 0.4338942307692308 0.019230769230769232 0.0625
1 0.45913461538461536 0.4987980769230769 0.055288461538461536 0.055288461538461536
6 0.44711538461538464 0.4338942307692308 0.027644230769230768 0.08413461538461539
1 0.5036057692307693 0.48677884615384615 0.052884615384615384 0.046875
1 0.5757211538461539 0.49158653846153844 0.06009615384615385 0.04326923076923077
1 0.6153846153846154 0.4795673076923077 0.03485576923076923 0.04447115384615385
1 0.6141826923076923 0.48197115384615385 0.021634615384615384 0.03365384615384615
6 0.6177884615384616 0.23197115384615385 0.015625 0.040865384615384616
7 0.6201923076923077 0.234375 0.018028846153846152 0.05048076923076923
6 0.6442307692307693 0.3918269230769231 0.019230769230769232 0.05048076923076923
6 0.6490384615384616 0.3786057692307692 0.015625 0.038461538461538464
1 0.6682692307692307 0.5108173076923077 0.03125 0.10697115384615384
1 0.7680288461538461 0.5168269230769231 0.18990384615384615 0.22235576923076922
6 0.7091346153846154 0.37740384615384615 0.013221153846153846 0.038461538461538464
6 0.7103365384615384 0.38221153846153844 0.015625 0.038461538461538464
6 0.7331730769230769 0.26322115384615385 0.018028846153846152 0.040865384615384616
6 0.7367788461538461 0.2608173076923077 0.019230769230769232 0.04927884615384615
1 0.8617788461538461 0.49158653846153844 0.04447115384615385 0.1502403846153846
6 0.8810096153846154 0.3641826923076923 0.019230769230769232 0.05048076923076923
6 0.8810096153846154 0.36778846153846156 0.015625 0.040865384615384616
1 0.9411057692307693 0.5228365384615384 0.11538461538461539 0.1622596153846154
1 0.9435096153846154 0.5192307692307693 0.11177884615384616 0.203125
2 0.9927884615384616 0.5108173076923077 0.013221153846153846 0.078125