1 0.056490384615384616 0.5276442307692307 0.11298076923076923 0.24639423076923078
1 0.06490384615384616 0.49158653846153844 0.09134615384615384 0.09134615384615384
1 0.23076923076923078 0.5372596153846154 0.21634615384615385 0.2692307692307692
1 0.22956730769230768 0.5144230769230769 0.16346153846153846 0.16346153846153846
7 0.2512019230769231 0.3425480769230769 0.02403846153846154 0.06610576923076923
3 0.2536057692307692 0.33533653846153844 0.019230769230769232 0.05048076923076923
1 0.49278846153846156 0.6334134615384616 0.46153846153846156 0.47475961538461536
3 0.30649038461538464 0.34375 0.019230769230769232 0.055288461538461536
4 0.3858173076923077 0.3425480769230769 0.019230769230769232 0.055288461538461536
3 0.3918269230769231 0.3329326923076923 0.018028846153846152 0.046875
4 0.44591346153846156 0.34615384615384615 0.03365384615384615 0.078125
6 0.44591346153846156 0.34134615384615385 0.018028846153846152 0.04927884615384615
4 0.5697115384615384 0.41466346153846156 0.018028846153846152 0.06009615384615385
4 0.5721153846153846 0.40625 0.018028846153846152 0.04447115384615385
1 0.8401442307692307 0.4855769230769231 0.14423076923076922 0.09735576923076923