1 0.09134615384615384 0.5492788461538461 0.15865384615384615 0.11899038461538461
1 0.18990384615384615 0.5408653846153846 0.052884615384615384 0.07211538461538461
1 0.24278846153846154 0.5360576923076923 0.06009615384615385 0.06490384615384616
10 0.31971153846153844 0.5132211538461539 0.11538461538461539 0.10336538461538461
5 0.2980769230769231 0.46274038461538464 0.04447115384615385 0.11778846153846154
1 0.4567307692307692 0.5588942307692307 0.11899038461538461 0.11899038461538461
3 0.48677884615384615 0.4254807692307692 0.01201923076923077 0.038461538461538464
1 0.5552884615384616 0.5216346153846154 0.025240384615384616 0.04326923076923077
1 0.5817307692307693 0.53125 0.052884615384615384 0.06610576923076923
1 0.6189903846153846 0.5192307692307693 0.02403846153846154 0.052884615384615384
1 0.6466346153846154 0.5288461538461539 0.04447115384615385 0.0625
3 0.6382211538461539 0.33774038461538464 0.018028846153846152 0.06009615384615385
1 0.7199519230769231 0.5432692307692307 0.08774038461538461 0.08653846153846154
4 0.7548076923076923 0.4266826923076923 0.015625 0.038461538461538464
1 0.9134615384615384 0.5733173076923077 0.16947115384615385 0.18028846153846154