1 0.22716346153846154 0.4891826923076923 0.04447115384615385 0.05048076923076923
1 0.27524038461538464 0.484375 0.027644230769230768 0.038461538461538464
4 0.5036057692307693 0.4206730769230769 0.018028846153846152 0.038461538461538464
4 0.5180288461538461 0.44471153846153844 0.01201923076923077 0.021634615384615384
4 0.5204326923076923 0.43509615384615385 0.013221153846153846 0.037259615384615384
4 0.5408653846153846 0.43990384615384615 0.018028846153846152 0.028846153846153848
4 0.5420673076923077 0.42908653846153844 0.013221153846153846 0.03125
1 0.5480769230769231 0.47836538461538464 0.013221153846153846 0.038461538461538464
1 0.5805288461538461 0.48197115384615385 0.040865384615384616 0.04326923076923077
1 0.8990384615384616 0.4699519230769231 0.04447115384615385 0.056490384615384616
1 0.9014423076923077 0.46274038461538464 0.03365384615384615 0.08052884615384616