1 0.25 0.5288461538461539 0.021634615384615384 0.03365384615384615
1 0.21875 0.5336538461538461 0.018028846153846152 0.027644230769230768
1 0.03365384615384615 0.546875 0.06610576923076923 0.046875
1 0.17668269230769232 0.5360576923076923 0.04326923076923077 0.03485576923076923
6 0.2764423076923077 0.4326923076923077 0.01201923076923077 0.021634615384615384
6 0.2776442307692308 0.43509615384615385 0.01201923076923077 0.03125
1 0.2920673076923077 0.5288461538461539 0.03365384615384615 0.046875
6 0.30528846153846156 0.43990384615384615 0.01201923076923077 0.025240384615384616
6 0.30649038461538464 0.43990384615384615 0.007211538461538462 0.03125
6 0.3545673076923077 0.47115384615384615 0.01201923076923077 0.028846153846153848
1 0.38822115384615385 0.5264423076923077 0.056490384615384616 0.06971153846153846
6 0.4026442307692308 0.46274038461538464 0.01201923076923077 0.028846153846153848