2 0.8882211538461539 0.5096153846153846 0.028846153846153848 0.08413461538461539
4 0.3076923076923077 0.38221153846153844 0.02403846153846154 0.078125
4 0.31009615384615385 0.39903846153846156 0.021634615384615384 0.06850961538461539
1 0.41225961538461536 0.5276442307692307 0.05048076923076923 0.06850961538461539
1 0.46033653846153844 0.5252403846153846 0.015625 0.025240384615384616
1 0.47836538461538464 0.5192307692307693 0.03365384615384615 0.038461538461538464
1 0.5132211538461539 0.5168269230769231 0.0625 0.08413461538461539
3 0.5096153846153846 0.24158653846153846 0.02403846153846154 0.07572115384615384
4 0.5120192307692307 0.23677884615384615 0.025240384615384616 0.07211538461538461
3 0.6382211538461539 0.21875 0.021634615384615384 0.06610576923076923
4 0.6418269230769231 0.21995192307692307 0.021634615384615384 0.06610576923076923
1 0.8894230769230769 0.6826923076923077 0.21153846153846154 0.6153846153846154