6 0.0829326923076923 0.07932692307692307 0.1658653846153846 0.15865384615384615
1 0.07451923076923077 0.5252403846153846 0.14903846153846154 0.16346153846153846
1 0.11298076923076923 0.5180288461538461 0.09975961538461539 0.13822115384615385
1 0.19471153846153846 0.5024038461538461 0.07572115384615384 0.08774038461538461
1 0.31490384615384615 0.49038461538461536 0.08173076923076923 0.06610576923076923
1 0.35697115384615385 0.5228365384615384 0.05889423076923077 0.0625
1 0.4651442307692308 0.49158653846153844 0.038461538461538464 0.04447115384615385
3 0.5685096153846154 0.3605769230769231 0.025240384615384616 0.0625
1 0.5829326923076923 0.4855769230769231 0.03365384615384615 0.055288461538461536
1 0.5829326923076923 0.4831730769230769 0.027644230769230768 0.056490384615384616
1 0.6069711538461539 0.49399038461538464 0.04927884615384615 0.055288461538461536
1 0.6069711538461539 0.49038461538461536 0.04326923076923077 0.046875
1 0.6394230769230769 0.4879807692307692 0.02403846153846154 0.03365384615384615
1 0.6382211538461539 0.48677884615384615 0.018028846153846152 0.056490384615384616
3 0.6526442307692307 0.3557692307692308 0.015625 0.04326923076923077
1 0.6778846153846154 0.5024038461538461 0.06490384615384616 0.09375
1 0.6802884615384616 0.5 0.056490384615384616 0.06610576923076923
1 0.7427884615384616 0.5180288461538461 0.10336538461538461 0.12259615384615384
4 0.7259615384615384 0.41466346153846156 0.018028846153846152 0.05048076923076923
8 0.8004807692307693 0.07692307692307693 0.05048076923076923 0.11778846153846154
3 0.7992788461538461 0.07572115384615384 0.027644230769230768 0.09375
1 0.8545673076923077 0.5120192307692307 0.07451923076923077 0.11298076923076923
2 0.8942307692307693 0.48197115384615385 0.02403846153846154 0.078125
2 0.9819711538461539 0.49278846153846156 0.03125 0.09615384615384616
2 0.9819711538461539 0.49399038461538464 0.025240384615384616 0.13221153846153846