1 0.8990384615384616 0.5012019230769231 0.08653846153846154 0.09134615384615384
1 0.03485576923076923 0.5637019230769231 0.06850961538461539 0.11538461538461539
1 0.11057692307692307 0.5444711538461539 0.08413461538461539 0.08774038461538461
1 0.16466346153846154 0.5408653846153846 0.052884615384615384 0.07451923076923077
1 0.21634615384615385 0.53125 0.025240384615384616 0.03365384615384615
1 0.2247596153846154 0.5324519230769231 0.027644230769230768 0.03125
1 0.38100961538461536 0.546875 0.12259615384615384 0.15625
1 0.46274038461538464 0.5192307692307693 0.052884615384615384 0.0625
1 0.6514423076923077 0.4987980769230769 0.07211538461538461 0.07211538461538461
1 0.8197115384615384 0.4987980769230769 0.078125 0.07211538461538461
2 0.8617788461538461 0.47475961538461536 0.021634615384615384 0.037259615384615384