1 0.09134615384615384 0.4855769230769231 0.03365384615384615 0.025240384615384616
1 0.09735576923076923 0.5132211538461539 0.027644230769230768 0.027644230769230768
1 0.17668269230769232 0.4963942307692308 0.09014423076923077 0.06850961538461539
1 0.33413461538461536 0.4951923076923077 0.052884615384615384 0.05048076923076923
1 0.33653846153846156 0.49158653846153844 0.03365384615384615 0.046875
1 0.38822115384615385 0.5024038461538461 0.052884615384615384 0.07451923076923077
1 0.4675480769230769 0.49278846153846156 0.04326923076923077 0.04326923076923077
1 0.49038461538461536 0.49759615384615385 0.02403846153846154 0.038461538461538464
3 0.5697115384615384 0.028846153846153848 0.027644230769230768 0.056490384615384616
3 0.5649038461538461 0.3605769230769231 0.013221153846153846 0.052884615384615384
6 0.6526442307692307 0.3557692307692308 0.015625 0.040865384615384616
10 0.734375 0.46033653846153844 0.140625 0.08774038461538461
6 0.7259615384615384 0.40625 0.015625 0.04326923076923077
6 0.7295673076923077 0.40865384615384615 0.013221153846153846 0.027644230769230768
6 0.8016826923076923 0.06971153846153846 0.025240384615384616 0.09014423076923077
0 0.9663461538461539 0.49278846153846156 0.03125 0.10096153846153846
2 0.9735576923076923 0.48197115384615385 0.03125 0.1502403846153846
2 0.9915865384615384 0.48197115384615385 0.01201923076923077 0.08413461538461539