2 0.5132211538461539 0.5480769230769231 0.009615384615384616 0.055288461538461536
2 0.5024038461538461 0.5492788461538461 0.009615384615384616 0.05048076923076923
2 0.5228365384615384 0.5432692307692307 0.007211538461538462 0.055288461538461536
2 0.49278846153846156 0.5492788461538461 0.007211538461538462 0.04927884615384615
1 0.40865384615384615 0.5817307692307693 0.12740384615384615 0.16346153846153846
4 0.3918269230769231 0.45072115384615385 0.01201923076923077 0.027644230769230768
4 0.39302884615384615 0.45072115384615385 0.009615384615384616 0.03125
4 0.43028846153846156 0.4567307692307692 0.01201923076923077 0.028846153846153848
4 0.43028846153846156 0.4567307692307692 0.009615384615384616 0.02403846153846154
4 0.4699519230769231 0.5 0.01201923076923077 0.028846153846153848
4 0.47836538461538464 0.49158653846153844 0.009615384615384616 0.03485576923076923
4 0.4807692307692308 0.49278846153846156 0.009615384615384616 0.038461538461538464