1 0.04567307692307692 0.5637019230769231 0.09134615384615384 0.14302884615384615
1 0.042067307692307696 0.5588942307692307 0.08173076923076923 0.11298076923076923
2 0.05048076923076923 0.5600961538461539 0.02403846153846154 0.11177884615384616
1 0.1466346153846154 0.5564903846153846 0.08413461538461539 0.08413461538461539
1 0.14903846153846154 0.5540865384615384 0.07211538461538461 0.06610576923076923
1 0.20192307692307693 0.5480769230769231 0.03485576923076923 0.05048076923076923
1 0.34615384615384615 0.5985576923076923 0.1875 0.24639423076923078
1 0.6225961538461539 0.5612980769230769 0.07211538461538461 0.140625
1 0.6153846153846154 0.5576923076923077 0.052884615384615384 0.10697115384615384
1 0.6850961538461539 0.5540865384615384 0.10096153846153846 0.23677884615384615
1 0.6694711538461539 0.5456730769230769 0.05048076923076923 0.171875
1 0.7331730769230769 0.6177884615384616 0.07211538461538461 0.1778846153846154
1 0.8725961538461539 0.5889423076923077 0.24759615384615385 0.5072115384615384
1 0.8774038461538461 0.5925480769230769 0.2403846153846154 0.47475961538461536