1 0.15865384615384615 0.4639423076923077 0.040865384615384616 0.04927884615384615
1 0.15745192307692307 0.4651442307692308 0.03485576923076923 0.037259615384615384
1 0.19471153846153846 0.46634615384615385 0.025240384615384616 0.03125
1 0.1971153846153846 0.4699519230769231 0.021634615384615384 0.03125
1 0.234375 0.47475961538461536 0.03365384615384615 0.037259615384615384
1 0.23798076923076922 0.4723557692307692 0.027644230769230768 0.038461538461538464
1 0.2824519230769231 0.46875 0.03485576923076923 0.040865384615384616
1 0.28725961538461536 0.46875 0.03365384615384615 0.03485576923076923
1 0.3161057692307692 0.4639423076923077 0.025240384615384616 0.04447115384615385
1 0.31971153846153844 0.4675480769230769 0.019230769230769232 0.03125
7 0.4483173076923077 0.36658653846153844 0.019230769230769232 0.04447115384615385
1 0.5108173076923077 0.48677884615384615 0.04326923076923077 0.055288461538461536
6 0.5168269230769231 0.34975961538461536 0.025240384615384616 0.03365384615384615
6 0.5168269230769231 0.36658653846153844 0.013221153846153846 0.038461538461538464
1 0.5913461538461539 0.49158653846153844 0.06610576923076923 0.07572115384615384
6 0.5817307692307693 0.3737980769230769 0.019230769230769232 0.038461538461538464
6 0.5853365384615384 0.38221153846153844 0.013221153846153846 0.037259615384615384
1 0.6802884615384616 0.4735576923076923 0.03125 0.027644230769230768
6 0.6923076923076923 0.3918269230769231 0.013221153846153846 0.02403846153846154
6 0.6947115384615384 0.41225961538461536 0.013221153846153846 0.055288461538461536
0 0.7980769230769231 0.5012019230769231 0.03485576923076923 0.04927884615384615