2 0.4735576923076923 0.49278846153846156 0.009615384615384616 0.056490384615384616
1 0.48677884615384615 0.5024038461538461 0.013221153846153846 0.056490384615384616
1 0.5132211538461539 0.49759615384615385 0.037259615384615384 0.08653846153846154
1 0.53125 0.5024038461538461 0.038461538461538464 0.07451923076923077
1 0.41586538461538464 0.5072115384615384 0.05048076923076923 0.078125
2 0.8954326923076923 0.4879807692307692 0.03365384615384615 0.14302884615384615
2 0.8329326923076923 0.49399038461538464 0.025240384615384616 0.11899038461538461
2 0.8052884615384616 0.5012019230769231 0.03365384615384615 0.1346153846153846
1 0.11658653846153846 0.5336538461538461 0.13701923076923078 0.09615384615384616
1 0.24759615384615385 0.5252403846153846 0.078125 0.10336538461538461
2 0.29447115384615385 0.6262019230769231 0.06850961538461539 0.45913461538461536
2 0.33413461538461536 0.6117788461538461 0.11778846153846154 0.5432692307692307
2 0.7043269230769231 0.4639423076923077 0.027644230769230768 0.0625
2 0.7139423076923077 0.5192307692307693 0.04326923076923077 0.09735576923076923
2 0.7355769230769231 0.5084134615384616 0.04447115384615385 0.15985576923076922
2 0.7680288461538461 0.49759615384615385 0.028846153846153848 0.14903846153846154
2 0.9242788461538461 0.5252403846153846 0.03365384615384615 0.11298076923076923
2 0.9543269230769231 0.5072115384615384 0.05048076923076923 0.15985576923076922