1 0.6814903846153846 0.49278846153846156 0.10697115384615384 0.06850961538461539
10 0.04807692307692308 0.38100961538461536 0.09615384615384616 0.3317307692307692
10 0.052884615384615384 0.38221153846153844 0.10576923076923077 0.29927884615384615
1 0.04927884615384615 0.5372596153846154 0.09615384615384616 0.19110576923076922
1 0.19471153846153846 0.5288461538461539 0.1971153846153846 0.21634615384615385
5 0.2536057692307692 0.33533653846153844 0.019230769230769232 0.05048076923076923
1 0.48197115384615385 0.6538461538461539 0.390625 0.47596153846153844
5 0.3076923076923077 0.33774038461538464 0.019230769230769232 0.05048076923076923
6 0.3918269230769231 0.3329326923076923 0.018028846153846152 0.046875
6 0.44711538461538464 0.3401442307692308 0.019230769230769232 0.046875
6 0.5697115384615384 0.40625 0.018028846153846152 0.04447115384615385
1 0.8161057692307693 0.484375 0.1622596153846154 0.15625