4 0.38822115384615385 0.36177884615384615 0.03365384615384615 0.10697115384615384
4 0.3858173076923077 0.36177884615384615 0.021634615384615384 0.06850961538461539
4 0.5072115384615384 0.4735576923076923 0.02403846153846154 0.078125
4 0.5108173076923077 0.48197115384615385 0.013221153846153846 0.04447115384615385
2 0.6213942307692307 0.5769230769230769 0.021634615384615384 0.08413461538461539
2 0.7055288461538461 0.5612980769230769 0.04447115384615385 0.11298076923076923
2 0.7007211538461539 0.5600961538461539 0.025240384615384616 0.08653846153846154
1 0.8617788461538461 0.5588942307692307 0.10697115384615384 0.09975961538461539
1 0.9471153846153846 0.5252403846153846 0.10096153846153846 0.12860576923076922
0 0.9507211538461539 0.6225961538461539 0.09615384615384616 0.7127403846153846
0 0.9507211538461539 0.6586538461538461 0.09615384615384616 0.6286057692307693