2 0.8353365384615384 0.46875 0.028846153846153848 0.11298076923076923
2 0.014423076923076924 0.5492788461538461 0.025240384615384616 0.10576923076923077
1 0.2860576923076923 0.6742788461538461 0.3629807692307692 0.4182692307692308
2 0.14783653846153846 0.5300480769230769 0.02403846153846154 0.06971153846153846
4 0.24759615384615385 0.42427884615384615 0.018028846153846152 0.05048076923076923
1 0.45552884615384615 0.5384615384615384 0.11298076923076923 0.1814903846153846
1 0.5240384615384616 0.5180288461538461 0.06490384615384616 0.08653846153846154
1 0.5276442307692307 0.515625 0.05889423076923077 0.0625
4 0.5168269230769231 0.40384615384615385 0.019230769230769232 0.05889423076923077
2 0.5625 0.5276442307692307 0.028846153846153848 0.125
2 0.5757211538461539 0.5228365384615384 0.013221153846153846 0.125
2 0.5817307692307693 0.5048076923076923 0.021634615384615384 0.06971153846153846
2 0.5949519230769231 0.5180288461538461 0.028846153846153848 0.11298076923076923
2 0.6165865384615384 0.5024038461538461 0.018028846153846152 0.08052884615384616
2 0.6358173076923077 0.5192307692307693 0.025240384615384616 0.10697115384615384
2 0.7055288461538461 0.49158653846153844 0.021634615384615384 0.06009615384615385
2 0.7139423076923077 0.4807692307692308 0.018028846153846152 0.038461538461538464
2 0.7439903846153846 0.5024038461538461 0.04447115384615385 0.07451923076923077
1 0.8930288461538461 0.6045673076923077 0.21153846153846154 0.5252403846153846