1 0.9471153846153846 0.6322115384615384 0.10096153846153846 0.2403846153846154
1 0.013221153846153846 0.5901442307692307 0.025240384615384616 0.13221153846153846
1 0.09735576923076923 0.5432692307692307 0.11177884615384616 0.1346153846153846
1 0.15264423076923078 0.5336538461538461 0.04326923076923077 0.09375
1 0.15865384615384615 0.5396634615384616 0.038461538461538464 0.109375
1 0.1935096153846154 0.5288461538461539 0.055288461538461536 0.08413461538461539
1 0.39903846153846156 0.5216346153846154 0.056490384615384616 0.09014423076923077
1 0.4675480769230769 0.5420673076923077 0.09375 0.109375
1 0.4699519230769231 0.5372596153846154 0.07572115384615384 0.09615384615384616
1 0.6069711538461539 0.5084134615384616 0.037259615384615384 0.05048076923076923
1 0.7115384615384616 0.49759615384615385 0.06850961538461539 0.056490384615384616
1 0.8028846153846154 0.5709134615384616 0.2127403846153846 0.2776442307692308