1 0.036057692307692304 0.5480769230769231 0.06850961538461539 0.07451923076923077
7 0.02283653846153846 0.4495192307692308 0.018028846153846152 0.055288461538461536
7 0.02283653846153846 0.45072115384615385 0.01201923076923077 0.04927884615384615
1 0.23557692307692307 0.5228365384615384 0.04927884615384615 0.0625
7 0.22716346153846154 0.3137019230769231 0.019230769230769232 0.056490384615384616
1 0.3233173076923077 0.5144230769230769 0.03125 0.04927884615384615
4 0.31971153846153844 0.3173076923076923 0.019230769230769232 0.05889423076923077
1 0.3545673076923077 0.5108173076923077 0.03485576923076923 0.055288461538461536
4 0.4519230769230769 0.41346153846153844 0.015625 0.05048076923076923
1 0.7055288461538461 0.5024038461538461 0.1658653846153846 0.15264423076923078
1 0.7800480769230769 0.4723557692307692 0.06009615384615385 0.06490384615384616
3 0.8257211538461539 0.24759615384615385 0.03125 0.109375