6 0.3473557692307692 0.41947115384615385 0.015625 0.02403846153846154
6 0.34975961538461536 0.42908653846153844 0.015625 0.046875
1 0.4831730769230769 0.4855769230769231 0.056490384615384616 0.052884615384615384
6 0.47475961538461536 0.36177884615384615 0.018028846153846152 0.038461538461538464
6 0.4735576923076923 0.3557692307692308 0.015625 0.03125
1 0.5204326923076923 0.4795673076923077 0.056490384615384616 0.07211538461538461
6 0.5588942307692307 0.41346153846153844 0.015625 0.027644230769230768
6 0.5625 0.4206730769230769 0.018028846153846152 0.038461538461538464
6 0.6033653846153846 0.3641826923076923 0.015625 0.03485576923076923
1 0.9411057692307693 0.49759615384615385 0.07572115384615384 0.078125
1 0.9278846153846154 0.5048076923076923 0.046875 0.078125