1 0.19591346153846154 0.53125 0.16346153846153846 0.13701923076923078
1 0.20192307692307693 0.5288461538461539 0.15384615384615385 0.1346153846153846
6 0.3293269230769231 0.40625 0.040865384615384616 0.12139423076923077
6 0.328125 0.3954326923076923 0.027644230769230768 0.09615384615384616
1 0.3737980769230769 0.5108173076923077 0.08052884615384616 0.05889423076923077
1 0.5757211538461539 0.49759615384615385 0.07572115384615384 0.046875
1 0.5757211538461539 0.49158653846153844 0.06610576923076923 0.056490384615384616
1 0.5600961538461539 0.48677884615384615 0.03365384615384615 0.04927884615384615
7 0.5793269230769231 0.1622596153846154 0.02403846153846154 0.055288461538461536
7 0.5841346153846154 0.16105769230769232 0.019230769230769232 0.0625
6 0.5925480769230769 0.37740384615384615 0.015625 0.038461538461538464
6 0.5973557692307693 0.38461538461538464 0.015625 0.046875
6 0.6694711538461539 0.36778846153846156 0.015625 0.040865384615384616
6 0.6694711538461539 0.3701923076923077 0.015625 0.040865384615384616
1 0.7007211538461539 0.4735576923076923 0.078125 0.056490384615384616
1 0.8425480769230769 0.5600961538461539 0.3004807692307692 0.24759615384615385
1 0.8413461538461539 0.5673076923076923 0.296875 0.25961538461538464
6 0.7331730769230769 0.21153846153846154 0.021634615384615384 0.06490384615384616
6 0.734375 0.20793269230769232 0.019230769230769232 0.056490384615384616
6 0.7331730769230769 0.4266826923076923 0.018028846153846152 0.040865384615384616
6 0.7331730769230769 0.41947115384615385 0.013221153846153846 0.027644230769230768
6 0.9230769230769231 0.35336538461538464 0.025240384615384616 0.06009615384615385
6 0.9206730769230769 0.34615384615384615 0.019230769230769232 0.04927884615384615
2 0.9927884615384616 0.5108173076923077 0.013221153846153846 0.078125