10 0.13822115384615385 0.4675480769230769 0.27524038461538464 0.38100961538461536
10 0.13942307692307693 0.46274038461538464 0.27884615384615385 0.3581730769230769
1 0.2980769230769231 0.5288461538461539 0.055288461538461536 0.0625
1 0.32572115384615385 0.5240384615384616 0.028846153846153848 0.055288461538461536
1 0.35697115384615385 0.5216346153846154 0.025240384615384616 0.03365384615384615
1 0.49759615384615385 0.5324519230769231 0.019230769230769232 0.055288461538461536
1 0.5180288461538461 0.5336538461538461 0.027644230769230768 0.06009615384615385
1 0.5540865384615384 0.5264423076923077 0.07211538461538461 0.109375
1 0.6033653846153846 0.5432692307692307 0.10336538461538461 0.11899038461538461
1 0.6045673076923077 0.546875 0.09615384615384616 0.11298076923076923
1 0.8389423076923077 0.6117788461538461 0.30288461538461536 0.27884615384615385