4 0.7884615384615384 0.03365384615384615 0.03365384615384615 0.06490384615384616
1 0.057692307692307696 0.5192307692307693 0.11538461538461539 0.20673076923076922
1 0.921875 0.5384615384615384 0.15264423076923078 0.12259615384615384
1 0.12620192307692307 0.5372596153846154 0.05048076923076923 0.10697115384615384
1 0.17307692307692307 0.5120192307692307 0.03485576923076923 0.09014423076923077
1 0.21634615384615385 0.49278846153846156 0.037259615384615384 0.04326923076923077
1 0.24759615384615385 0.4807692307692308 0.025240384615384616 0.03365384615384615
1 0.3473557692307692 0.49399038461538464 0.052884615384615384 0.08653846153846154
1 0.38221153846153844 0.4723557692307692 0.027644230769230768 0.021634615384615384
1 0.39783653846153844 0.48677884615384615 0.03365384615384615 0.04927884615384615
1 0.41346153846153844 0.46875 0.02403846153846154 0.028846153846153848
1 0.47115384615384615 0.5012019230769231 0.07211538461538461 0.10576923076923077
1 0.5336538461538461 0.49038461538461536 0.018028846153846152 0.03365384615384615
1 0.5516826923076923 0.49158653846153844 0.04447115384615385 0.046875
1 0.6141826923076923 0.49158653846153844 0.07211538461538461 0.078125
1 0.7403846153846154 0.515625 0.09735576923076923 0.08653846153846154