1 0.13822115384615385 0.4855769230769231 0.27524038461538464 0.5685096153846154
10 0.13221153846153846 0.484375 0.2620192307692308 0.6189903846153846
7 0.35336538461538464 0.3004807692307692 0.019230769230769232 0.07211538461538461
1 0.5024038461538461 0.6105769230769231 0.31490384615384615 0.421875
7 0.35336538461538464 0.28365384615384615 0.015625 0.038461538461538464
6 0.47596153846153844 0.24158653846153846 0.015625 0.05889423076923077
0 0.6490384615384616 0.4795673076923077 0.03125 0.10576923076923077
0 0.6478365384615384 0.48677884615384615 0.025240384615384616 0.09615384615384616
6 0.6454326923076923 0.3629807692307692 0.019230769230769232 0.04326923076923077
1 0.7355769230769231 0.4879807692307692 0.08413461538461539 0.052884615384615384
1 0.8617788461538461 0.5829326923076923 0.27163461538461536 0.3161057692307692
6 0.9747596153846154 0.23557692307692307 0.027644230769230768 0.08052884615384616
6 0.9735576923076923 0.2091346153846154 0.021634615384615384 0.040865384615384616