2 0.9086538461538461 0.5024038461538461 0.037259615384615384 0.10697115384615384
0 0.6153846153846154 0.484375 0.03125 0.056490384615384616
1 0.026442307692307692 0.49038461538461536 0.05048076923076923 0.05048076923076923
1 0.09014423076923077 0.5180288461538461 0.17548076923076922 0.10096153846153846
1 0.08653846153846154 0.5084134615384616 0.16346153846153846 0.09134615384615384
7 0.10576923076923077 0.3918269230769231 0.02403846153846154 0.056490384615384616
6 0.10697115384615384 0.39302884615384615 0.015625 0.055288461538461536
1 0.32572115384615385 0.49158653846153844 0.1502403846153846 0.18028846153846154
3 0.39663461538461536 0.33774038461538464 0.015625 0.038461538461538464
1 0.4338942307692308 0.4879807692307692 0.04447115384615385 0.06610576923076923
1 0.4326923076923077 0.4855769230769231 0.03365384615384615 0.05048076923076923
1 0.5 0.5108173076923077 0.09735576923076923 0.14302884615384615
6 0.4855769230769231 0.30408653846153844 0.013221153846153846 0.052884615384615384
1 0.6382211538461539 0.5144230769230769 0.08413461538461539 0.13822115384615385
1 0.6538461538461539 0.5084134615384616 0.11538461538461539 0.11177884615384616
6 0.6117788461538461 0.38822115384615385 0.018028846153846152 0.037259615384615384
6 0.6117788461538461 0.3918269230769231 0.018028846153846152 0.040865384615384616
1 0.7836538461538461 0.5492788461538461 0.22115384615384615 0.2091346153846154
6 0.7620192307692307 0.34975961538461536 0.021634615384615384 0.06850961538461539
6 0.7632211538461539 0.33774038461538464 0.021634615384615384 0.04326923076923077