2 0.5769230769230769 0.484375 0.009615384615384616 0.038461538461538464
7 0.28966346153846156 0.44471153846153844 0.01201923076923077 0.028846153846153848
0 0.31850961538461536 0.4891826923076923 0.028846153846153848 0.03125
1 0.36778846153846156 0.49759615384615385 0.04447115384615385 0.056490384615384616
7 0.3894230769230769 0.40384615384615385 0.009615384615384616 0.03125
1 0.4026442307692308 0.48197115384615385 0.028846153846153848 0.037259615384615384
1 0.40384615384615385 0.4807692307692308 0.025240384615384616 0.025240384615384616
6 0.43028846153846156 0.39783653846153844 0.01201923076923077 0.028846153846153848
6 0.4326923076923077 0.3954326923076923 0.013221153846153846 0.03125
0 0.46033653846153844 0.47596153846153844 0.027644230769230768 0.05048076923076923
6 0.5120192307692307 0.41466346153846156 0.018028846153846152 0.03365384615384615
1 0.5949519230769231 0.47475961538461536 0.08653846153846154 0.04447115384615385