2 0.02283653846153846 0.5757211538461539 0.02403846153846154 0.06610576923076923
10 0.06009615384615385 0.5600961538461539 0.11899038461538461 0.08774038461538461
1 0.06610576923076923 0.5625 0.13221153846153846 0.09134615384615384
10 0.12740384615384615 0.5576923076923077 0.07211538461538461 0.08173076923076923
1 0.13221153846153846 0.5600961538461539 0.07211538461538461 0.08653846153846154
3 0.11298076923076923 0.42427884615384615 0.021634615384615384 0.06971153846153846
1 0.18629807692307693 0.5733173076923077 0.06490384615384616 0.05048076923076923
10 0.18870192307692307 0.5504807692307693 0.0625 0.038461538461538464
1 0.29086538461538464 0.5769230769230769 0.078125 0.08774038461538461
1 0.3293269230769231 0.5661057692307693 0.03485576923076923 0.06490384615384616
1 0.49158653846153844 0.5697115384615384 0.028846153846153848 0.06610576923076923
1 0.5192307692307693 0.5745192307692307 0.05889423076923077 0.06850961538461539
3 0.6033653846153846 0.3954326923076923 0.027644230769230768 0.08173076923076923
6 0.8557692307692307 0.44350961538461536 0.03125 0.055288461538461536
1 0.9615384615384616 0.5757211538461539 0.07572115384615384 0.12259615384615384