10 0.17067307692307693 0.48197115384615385 0.03365384615384615 0.056490384615384616
1 0.29447115384615385 0.48677884615384615 0.03485576923076923 0.04326923076923077
1 0.29447115384615385 0.4879807692307692 0.03365384615384615 0.027644230769230768
1 0.3293269230769231 0.4879807692307692 0.03365384615384615 0.04326923076923077
1 0.33533653846153844 0.4855769230769231 0.03365384615384615 0.04326923076923077
1 0.3581730769230769 0.48677884615384615 0.025240384615384616 0.03485576923076923
1 0.41586538461538464 0.4879807692307692 0.03125 0.05048076923076923
1 0.4891826923076923 0.5084134615384616 0.08052884615384616 0.109375
1 0.5757211538461539 0.4807692307692308 0.03125 0.052884615384615384
1 0.6201923076923077 0.4723557692307692 0.078125 0.11177884615384616
10 0.6177884615384616 0.48677884615384615 0.07211538461538461 0.09975961538461539
1 0.8497596153846154 0.4891826923076923 0.10697115384615384 0.08173076923076923
1 0.8521634615384616 0.49278846153846156 0.10576923076923077 0.0625