1 0.0625 0.5228365384615384 0.125 0.16826923076923078
1 0.21394230769230768 0.5144230769230769 0.171875 0.1814903846153846
7 0.25841346153846156 0.328125 0.018028846153846152 0.046875
6 0.25961538461538464 0.31971153846153844 0.019230769230769232 0.028846153846153848
7 0.31009615384615385 0.3245192307692308 0.019230769230769232 0.05048076923076923
6 0.3137019230769231 0.3161057692307692 0.018028846153846152 0.028846153846153848
1 0.3245192307692308 0.484375 0.037259615384615384 0.04927884615384615
1 0.49038461538461536 0.6081730769230769 0.328125 0.39663461538461536
6 0.3918269230769231 0.3269230769230769 0.013221153846153846 0.04447115384615385
6 0.45072115384615385 0.32572115384615385 0.021634615384615384 0.046875
6 0.5721153846153846 0.38221153846153844 0.019230769230769232 0.03485576923076923
1 0.8221153846153846 0.45552884615384615 0.11177884615384616 0.08173076923076923
1 0.9014423076923077 0.5480769230769231 0.18389423076923078 0.27524038461538464