1 0.9158653846153846 0.5048076923076923 0.16346153846153846 0.11538461538461539
10 0.05048076923076923 0.4987980769230769 0.10096153846153846 0.11778846153846154
10 0.054086538461538464 0.5096153846153846 0.10576923076923077 0.109375
1 0.20072115384615385 0.5180288461538461 0.038461538461538464 0.05889423076923077
6 0.22716346153846154 0.43509615384615385 0.021634615384615384 0.04927884615384615
1 0.2512019230769231 0.5264423076923077 0.037259615384615384 0.046875
1 0.33653846153846156 0.5240384615384616 0.040865384615384616 0.05048076923076923
1 0.4807692307692308 0.5192307692307693 0.046875 0.05048076923076923
1 0.48197115384615385 0.5240384615384616 0.04447115384615385 0.038461538461538464
3 0.5276442307692307 0.4170673076923077 0.018028846153846152 0.046875
1 0.8028846153846154 0.5084134615384616 0.06490384615384616 0.0625