1 0.08052884615384616 0.5144230769230769 0.08052884615384616 0.08653846153846154
1 0.0829326923076923 0.5132211538461539 0.08653846153846154 0.078125
1 0.33052884615384615 0.4951923076923077 0.03365384615384615 0.03365384615384615
1 0.3317307692307692 0.49278846153846156 0.025240384615384616 0.028846153846153848
1 0.36778846153846156 0.4831730769230769 0.027644230769230768 0.038461538461538464
1 0.41947115384615385 0.48677884615384615 0.02403846153846154 0.04326923076923077
1 0.41947115384615385 0.484375 0.019230769230769232 0.03485576923076923
6 0.44471153846153844 0.4050480769230769 0.015625 0.037259615384615384
7 0.4495192307692308 0.40865384615384615 0.019230769230769232 0.038461538461538464
3 0.5384615384615384 0.3545673076923077 0.018028846153846152 0.038461538461538464
1 0.5456730769230769 0.49278846153846156 0.02403846153846154 0.03125
8 0.5721153846153846 0.4074519230769231 0.013221153846153846 0.04447115384615385
6 0.5757211538461539 0.4098557692307692 0.013221153846153846 0.037259615384615384
8 0.6706730769230769 0.34375 0.02403846153846154 0.07211538461538461
6 0.6706730769230769 0.36778846153846156 0.015625 0.046875