10 0.15504807692307693 0.5072115384615384 0.07211538461538461 0.140625
1 0.2247596153846154 0.5228365384615384 0.08052884615384616 0.0625
6 0.32572115384615385 0.47475961538461536 0.01201923076923077 0.040865384615384616
1 0.39302884615384615 0.5228365384615384 0.037259615384615384 0.04447115384615385
1 0.3894230769230769 0.5252403846153846 0.027644230769230768 0.038461538461538464
1 0.4362980769230769 0.5192307692307693 0.025240384615384616 0.04326923076923077
6 0.5 0.4579326923076923 0.01201923076923077 0.028846153846153848
4 0.5024038461538461 0.46153846153846156 0.01201923076923077 0.038461538461538464
1 0.5396634615384616 0.546875 0.04447115384615385 0.09975961538461539
1 0.5733173076923077 0.5540865384615384 0.06610576923076923 0.1310096153846154
1 0.5757211538461539 0.5576923076923077 0.06850961538461539 0.12860576923076922
1 0.7223557692307693 0.5120192307692307 0.2692307692307692 0.37740384615384615