2 0.9615384615384616 0.5240384615384616 0.027644230769230768 0.06610576923076923
10 0.07091346153846154 0.49759615384615385 0.12740384615384615 0.11538461538461539
1 0.0985576923076923 0.5769230769230769 0.12860576923076922 0.171875
1 0.2848557692307692 0.5877403846153846 0.32211538461538464 0.40865384615384615
3 0.3161057692307692 0.3269230769230769 0.019230769230769232 0.0625
6 0.41346153846153844 0.3269230769230769 0.02403846153846154 0.055288461538461536
6 0.49158653846153844 0.328125 0.02403846153846154 0.06490384615384616
1 0.5240384615384616 0.5036057692307693 0.06009615384615385 0.08653846153846154
1 0.7980769230769231 0.6334134615384616 0.37740384615384615 0.36778846153846156
1 0.6334134615384616 0.5432692307692307 0.046875 0.11778846153846154
6 0.6790865384615384 0.41947115384615385 0.018028846153846152 0.052884615384615384
6 0.9302884615384616 0.25600961538461536 0.05889423076923077 0.1658653846153846
1 0.9423076923076923 0.5192307692307693 0.08052884615384616 0.06009615384615385