1 0.9350961538461539 0.5456730769230769 0.125 0.1502403846153846
1 0.06971153846153846 0.5396634615384616 0.055288461538461536 0.08052884615384616
1 0.125 0.5396634615384616 0.05048076923076923 0.056490384615384616
1 0.21754807692307693 0.5288461538461539 0.05048076923076923 0.04326923076923077
1 0.39903846153846156 0.5396634615384616 0.11899038461538461 0.1310096153846154
1 0.44350961538461536 0.53125 0.025240384615384616 0.07451923076923077
1 0.44591346153846156 0.5348557692307693 0.02403846153846154 0.06971153846153846
1 0.5384615384615384 0.53125 0.03485576923076923 0.10576923076923077
1 0.5637019230769231 0.5396634615384616 0.07451923076923077 0.10697115384615384
1 0.6021634615384616 0.5625 0.09975961538461539 0.10576923076923077
2 0.7932692307692307 0.49759615384615385 0.037259615384615384 0.06971153846153846
2 0.7920673076923077 0.49158653846153844 0.021634615384615384 0.04326923076923077