1 0.021634615384615384 0.5480769230769231 0.028846153846153848 0.04927884615384615
6 0.06009615384615385 0.4567307692307692 0.021634615384615384 0.040865384615384616
7 0.0625 0.46875 0.018028846153846152 0.04927884615384615
1 0.13221153846153846 0.5360576923076923 0.04447115384615385 0.07451923076923077
1 0.1658653846153846 0.53125 0.028846153846153848 0.05048076923076923
1 0.16706730769230768 0.53125 0.028846153846153848 0.056490384615384616
1 0.22115384615384615 0.5180288461538461 0.04447115384615385 0.052884615384615384
7 0.21754807692307693 0.3737980769230769 0.019230769230769232 0.055288461538461536
1 0.2512019230769231 0.5216346153846154 0.02403846153846154 0.04326923076923077
1 0.27524038461538464 0.5180288461538461 0.046875 0.06971153846153846
1 0.27524038461538464 0.5240384615384616 0.04447115384615385 0.0625
4 0.28846153846153844 0.37740384615384615 0.015625 0.04447115384615385
1 0.31009615384615385 0.5132211538461539 0.028846153846153848 0.0625
1 0.34134615384615385 0.5132211538461539 0.052884615384615384 0.07451923076923077
1 0.3401442307692308 0.5144230769230769 0.05048076923076923 0.06850961538461539
1 0.46274038461538464 0.5432692307692307 0.18028846153846154 0.2620192307692308
4 0.3798076923076923 0.4579326923076923 0.013221153846153846 0.028846153846153848
4 0.38221153846153844 0.44711538461538464 0.018028846153846152 0.04927884615384615
1 0.5625 0.49759615384615385 0.04447115384615385 0.06850961538461539
3 0.5961538461538461 0.39903846153846156 0.03365384615384615 0.06009615384615385
1 0.6622596153846154 0.5528846153846154 0.15985576923076922 0.1310096153846154
1 0.6153846153846154 0.4951923076923077 0.06490384615384616 0.06009615384615385
3 0.6009615384615384 0.38822115384615385 0.025240384615384616 0.08653846153846154