1 0.9134615384615384 0.5024038461538461 0.16947115384615385 0.1466346153846154
1 0.04927884615384615 0.5192307692307693 0.06490384615384616 0.04326923076923077
2 0.0733173076923077 0.5180288461538461 0.015625 0.05048076923076923
1 0.11538461538461539 0.5144230769230769 0.05889423076923077 0.046875
10 0.22716346153846154 0.46153846153846156 0.18990384615384615 0.29086538461538464
1 0.22956730769230768 0.46875 0.18990384615384615 0.28125
1 0.39663461538461536 0.4951923076923077 0.056490384615384616 0.06971153846153846
1 0.4362980769230769 0.47716346153846156 0.040865384615384616 0.05889423076923077
10 0.4411057692307692 0.4735576923076923 0.03485576923076923 0.06009615384615385
1 0.4639423076923077 0.4831730769230769 0.028846153846153848 0.04326923076923077
1 0.4855769230769231 0.4855769230769231 0.037259615384615384 0.04326923076923077
2 0.6454326923076923 0.48197115384615385 0.025240384615384616 0.078125
1 0.7259615384615384 0.4519230769230769 0.04447115384615385 0.04326923076923077
1 0.7740384615384616 0.453125 0.06490384615384616 0.05048076923076923
1 0.8617788461538461 0.4579326923076923 0.07211538461538461 0.06971153846153846
1 0.8629807692307693 0.4579326923076923 0.0625 0.056490384615384616