2 0.38822115384615385 0.5192307692307693 0.01201923076923077 0.038461538461538464
2 0.4230769230769231 0.5240384615384616 0.021634615384615384 0.052884615384615384
2 0.9819711538461539 0.49158653846153844 0.03365384615384615 0.1814903846153846
2 0.9435096153846154 0.49278846153846156 0.037259615384615384 0.16947115384615385
2 0.9146634615384616 0.5084134615384616 0.037259615384615384 0.17548076923076922
1 0.08653846153846154 0.5889423076923077 0.15264423076923078 0.1502403846153846
10 0.1935096153846154 0.5288461538461539 0.03485576923076923 0.06610576923076923
10 0.18990384615384615 0.53125 0.028846153846153848 0.06009615384615385
1 0.23197115384615385 0.5420673076923077 0.025240384615384616 0.027644230769230768
1 0.26322115384615385 0.5444711538461539 0.04447115384615385 0.055288461538461536
2 0.43990384615384615 0.5252403846153846 0.009615384615384616 0.038461538461538464
10 0.4495192307692308 0.5228365384615384 0.025240384615384616 0.038461538461538464