1 0.9579326923076923 0.5661057692307693 0.08173076923076923 0.20072115384615385
1 0.11658653846153846 0.5384615384615384 0.052884615384615384 0.05048076923076923
1 0.03245192307692308 0.5492788461538461 0.0625 0.11778846153846154
1 0.18028846153846154 0.5372596153846154 0.06971153846153846 0.07451923076923077
6 0.1971153846153846 0.08774038461538461 0.037259615384615384 0.06971153846153846
4 0.3918269230769231 0.15384615384615385 0.037259615384615384 0.06971153846153846
1 0.4110576923076923 0.5144230769230769 0.03485576923076923 0.04447115384615385
1 0.44711538461538464 0.5096153846153846 0.025240384615384616 0.038461538461538464
1 0.5012019230769231 0.5168269230769231 0.027644230769230768 0.056490384615384616
1 0.5420673076923077 0.5504807692307693 0.09375 0.10096153846153846
4 0.5552884615384616 0.1502403846153846 0.03365384615384615 0.109375
4 0.5588942307692307 0.16947115384615385 0.03125 0.09014423076923077
1 0.6069711538461539 0.5216346153846154 0.06490384615384616 0.07572115384615384
1 0.6814903846153846 0.5240384615384616 0.07211538461538461 0.08653846153846154
1 0.6742788461538461 0.5216346153846154 0.056490384615384616 0.09615384615384616
1 0.7331730769230769 0.5300480769230769 0.078125 0.09014423076923077
1 0.7235576923076923 0.5324519230769231 0.056490384615384616 0.11177884615384616
1 0.8040865384615384 0.5480769230769231 0.13221153846153846 0.12259615384615384
1 0.7980769230769231 0.5360576923076923 0.10697115384615384 0.09134615384615384
4 0.8918269230769231 0.36658653846153844 0.028846153846153848 0.06009615384615385