1 0.15504807692307693 0.5336538461538461 0.10697115384615384 0.11538461538461539
1 0.24879807692307693 0.5240384615384616 0.08173076923076923 0.07572115384615384
1 0.31009615384615385 0.5228365384615384 0.05048076923076923 0.05889423076923077
3 0.3401442307692308 0.20552884615384615 0.025240384615384616 0.0625
1 0.3870192307692308 0.5084134615384616 0.038461538461538464 0.055288461538461536
1 0.45552884615384615 0.5072115384615384 0.02403846153846154 0.028846153846153848
1 0.49759615384615385 0.5060096153846154 0.03365384615384615 0.038461538461538464
1 0.5649038461538461 0.5120192307692307 0.056490384615384616 0.052884615384615384
4 0.5721153846153846 0.22716346153846154 0.025240384615384616 0.06850961538461539
1 0.8401442307692307 0.5877403846153846 0.31850961538461536 0.32211538461538464
4 0.7379807692307693 0.37740384615384615 0.03365384615384615 0.05048076923076923