1 0.10576923076923077 0.5192307692307693 0.056490384615384616 0.03365384615384615
7 0.29927884615384615 0.27403846153846156 0.018028846153846152 0.05048076923076923
7 0.29927884615384615 0.2776442307692308 0.019230769230769232 0.04447115384615385
10 0.3401442307692308 0.49158653846153844 0.03365384615384615 0.052884615384615384
10 0.34134615384615385 0.5 0.03125 0.06971153846153846
4 0.3701923076923077 0.2848557692307692 0.021634615384615384 0.0625
4 0.36899038461538464 0.27884615384615385 0.013221153846153846 0.052884615384615384
1 0.41346153846153844 0.4987980769230769 0.027644230769230768 0.038461538461538464
4 0.44471153846153844 0.28125 0.013221153846153846 0.04447115384615385
4 0.6430288461538461 0.28365384615384615 0.03365384615384615 0.11778846153846154
1 0.7163461538461539 0.48677884615384615 0.11538461538461539 0.06850961538461539