1 0.039663461538461536 0.6346153846153846 0.07932692307692307 0.30288461538461536
1 0.15865384615384615 0.5540865384615384 0.06490384615384616 0.055288461538461536
1 0.21634615384615385 0.5564903846153846 0.04326923076923077 0.046875
1 0.28725961538461536 0.5552884615384616 0.04927884615384615 0.08653846153846154
1 0.37259615384615385 0.5661057692307693 0.14423076923076922 0.1935096153846154
3 0.3173076923076923 0.34375 0.021634615384615384 0.05048076923076923
3 0.41586538461538464 0.34134615384615385 0.018028846153846152 0.055288461538461536
1 0.4483173076923077 0.546875 0.037259615384615384 0.10697115384615384
3 0.49278846153846156 0.34134615384615385 0.018028846153846152 0.046875
1 0.5420673076923077 0.5252403846153846 0.0625 0.09134615384615384
1 0.6237980769230769 0.5552884615384616 0.06971153846153846 0.12139423076923077
1 0.7752403846153846 0.6177884615384616 0.32572115384615385 0.34615384615384615
3 0.6802884615384616 0.4362980769230769 0.021634615384615384 0.056490384615384616
1 0.9278846153846154 0.5336538461538461 0.10336538461538461 0.08052884615384616
3 0.9399038461538461 0.2608173076923077 0.046875 0.13822115384615385