10 0.05889423076923077 0.49158653846153844 0.11778846153846154 0.18509615384615385
1 0.14182692307692307 0.5588942307692307 0.14423076923076922 0.1935096153846154
1 0.17427884615384615 0.46875 0.11899038461538461 0.12259615384615384
10 0.18509615384615385 0.4963942307692308 0.1310096153846154 0.15264423076923078
1 0.28846153846153844 0.6237980769230769 0.265625 0.33653846153846156
10 0.40384615384615385 0.5288461538461539 0.12860576923076922 0.19110576923076922
1 0.4338942307692308 0.5192307692307693 0.078125 0.25961538461538464
1 0.5084134615384616 0.5372596153846154 0.056490384615384616 0.08052884615384616
1 0.53125 0.5336538461538461 0.028846153846153848 0.11177884615384616
1 0.5865384615384616 0.5288461538461539 0.10697115384615384 0.15264423076923078
1 0.6538461538461539 0.5588942307692307 0.17427884615384615 0.1778846153846154
10 0.7524038461538461 0.4855769230769231 0.10697115384615384 0.19110576923076922