2 0.96875 0.4735576923076923 0.03125 0.11899038461538461
2 0.0889423076923077 0.5552884615384616 0.05048076923076923 0.14302884615384615
1 0.12259615384615384 0.5516826923076923 0.09735576923076923 0.10697115384615384
2 0.09014423076923077 0.5492788461538461 0.025240384615384616 0.1310096153846154
1 0.12259615384615384 0.5564903846153846 0.07572115384615384 0.08413461538461539
1 0.22716346153846154 0.5396634615384616 0.08653846153846154 0.09975961538461539
1 0.2860576923076923 0.5276442307692307 0.027644230769230768 0.04927884615384615
1 0.4326923076923077 0.5192307692307693 0.056490384615384616 0.06850961538461539
1 0.43509615384615385 0.5192307692307693 0.046875 0.05889423076923077
2 0.5396634615384616 0.5132211538461539 0.025240384615384616 0.125
2 0.5625 0.53125 0.021634615384615384 0.11899038461538461
3 0.5829326923076923 0.3088942307692308 0.027644230769230768 0.09014423076923077
2 0.5853365384615384 0.5192307692307693 0.019230769230769232 0.125
2 0.6189903846153846 0.5024038461538461 0.027644230769230768 0.1310096153846154