2 0.0985576923076923 0.5372596153846154 0.009615384615384616 0.04326923076923077
2 0.0889423076923077 0.5324519230769231 0.013221153846153846 0.06610576923076923
2 0.06850961538461539 0.5336538461538461 0.013221153846153846 0.06850961538461539
1 0.8930288461538461 0.6153846153846154 0.21153846153846154 0.3245192307692308
1 0.18870192307692307 0.5456730769230769 0.09735576923076923 0.09735576923076923
1 0.23918269230769232 0.5420673076923077 0.038461538461538464 0.08052884615384616
1 0.2704326923076923 0.5420673076923077 0.028846153846153848 0.056490384615384616
1 0.28846153846153844 0.5336538461538461 0.040865384615384616 0.0625
1 0.38822115384615385 0.5276442307692307 0.027644230769230768 0.038461538461538464
1 0.5637019230769231 0.5384615384615384 0.06971153846153846 0.07572115384615384
1 0.6213942307692307 0.546875 0.06009615384615385 0.1658653846153846
1 0.7403846153846154 0.5805288461538461 0.19471153846153846 0.17427884615384615