1 0.09254807692307693 0.5168269230769231 0.08052884615384616 0.04326923076923077
10 0.22596153846153846 0.46033653846153844 0.18389423076923078 0.27403846153846156
1 0.22596153846153846 0.46153846153846156 0.16947115384615385 0.25721153846153844
1 0.4026442307692308 0.49759615384615385 0.056490384615384616 0.06971153846153846
10 0.45072115384615385 0.46153846153846156 0.03485576923076923 0.06009615384615385
1 0.45072115384615385 0.4735576923076923 0.037259615384615384 0.05048076923076923
1 0.46274038461538464 0.484375 0.027644230769230768 0.04447115384615385
1 0.49759615384615385 0.4831730769230769 0.03485576923076923 0.056490384615384616
2 0.7379807692307693 0.48677884615384615 0.027644230769230768 0.11298076923076923
1 0.8100961538461539 0.43990384615384615 0.05889423076923077 0.040865384615384616
1 0.8822115384615384 0.43149038461538464 0.06490384615384616 0.05048076923076923