2 0.02403846153846154 0.5432692307692307 0.027644230769230768 0.11177884615384616
2 0.02283653846153846 0.5456730769230769 0.027644230769230768 0.11538461538461539
1 0.24278846153846154 0.6850961538461539 0.39663461538461536 0.42788461538461536
2 0.12740384615384615 0.41586538461538464 0.013221153846153846 0.03125
2 0.14182692307692307 0.5372596153846154 0.027644230769230768 0.08653846153846154
2 0.13822115384615385 0.5180288461538461 0.019230769230769232 0.03365384615384615
3 0.14783653846153846 0.39903846153846156 0.018028846153846152 0.052884615384615384
1 0.4098557692307692 0.5204326923076923 0.015625 0.018028846153846152
1 0.4495192307692308 0.5288461538461539 0.02403846153846154 0.03365384615384615
1 0.46153846153846156 0.5192307692307693 0.013221153846153846 0.03125
3 0.5276442307692307 0.37259615384615385 0.019230769230769232 0.06850961538461539
2 0.5685096153846154 0.515625 0.019230769230769232 0.040865384615384616
2 0.6550480769230769 0.5276442307692307 0.018028846153846152 0.07451923076923077
2 0.6730769230769231 0.5336538461538461 0.025240384615384616 0.09615384615384616
2 0.8185096153846154 0.53125 0.052884615384615384 0.23677884615384615
2 0.8677884615384616 0.53125 0.04927884615384615 0.2403846153846154
2 0.9302884615384616 0.5492788461538461 0.05048076923076923 0.2127403846153846