1 0.06490384615384616 0.6322115384615384 0.12860576923076922 0.31971153846153844
10 0.07572115384615384 0.48677884615384615 0.140625 0.11899038461538461
1 0.2920673076923077 0.6490384615384616 0.33052884615384615 0.4254807692307692
1 0.15144230769230768 0.5504807692307693 0.038461538461538464 0.06490384615384616
7 0.3389423076923077 0.24639423076923078 0.019230769230769232 0.06490384615384616
6 0.4651442307692308 0.27403846153846156 0.019230769230769232 0.06009615384615385
10 0.48677884615384615 0.5024038461538461 0.0625 0.11778846153846154
2 0.5276442307692307 0.5240384615384616 0.02403846153846154 0.09134615384615384
6 0.6430288461538461 0.390625 0.02403846153846154 0.0625
0 0.7379807692307693 0.5252403846153846 0.06971153846153846 0.11899038461538461
1 0.8870192307692307 0.5480769230769231 0.2247596153846154 0.6598557692307693